          0
          0
          0
          0
          0
          0
          0
          0
          0
          0
          0
          0
          0
          0
          0
          0
          0
          0
          0
          0
          0
          0
          0
          0
          0
          0
          0
          0
          0
          0
          0
          0
          0
          0
          0
          0
          0
          0
          0
          0
          0
          0
          0
          0
          0
          0
          0
          0
          0
          0
          0
          0
          0
          0
          0
          0
          0
          0
          0
          0
          0
          0
          0
          0
          0
          0
          0
          0
          0
          0
          0
          0
          0
          0
          0
          0
          0
          0
          0
          0
          0
          0
          0
          0
          0
          0
          0
          0
          0
          0
          0
          0
          0
          0
          0
          0
          0
          0
          0
          0
          0
          0
          0
          0
          0
          0
          0
          0
          0
          0
          0
          0
     -27648
     -27648
     -27648
     -27648
     -27648
     -27648
     -27648
     -27648
     -27648
     -27648
     -27648
     -27648
     -27648
     -27648
     -27648
     -27648
    -203776
    -203776
    -203776
    -203776
    -203776
    -203776
    -203776
    -203776
    -203776
    -203776
    -203776
    -203776
    -203776
    -203776
    -203776
    -203776
    -201728
    -201728
    -201728
    -201728
    -201728
    -201728
    -201728
    -201728
    -201728
    -201728
    -201728
    -201728
    -201728
    -201728
    -201728
    -201728
    -228352
    -228352
    -228352
    -228352
    -228352
    -228352
    -228352
    -228352
    -228352
    -228352
    -228352
    -228352
    -228352
    -228352
    -228352
    -228352
    -208896
    -208896
    -208896
    -208896
    -208896
    -208896
    -208896
    -208896
    -208896
    -208896
    -208896
    -208896
    -208896
    -208896
    -208896
    -208896
    -218112
    -218112
    -218112
    -218112
    -218112
    -218112
    -218112
    -218112
    -218112
    -218112
    -218112
    -218112
    -218112
    -218112
    -218112
    -218112
    -214016
    -214016
    -214016
    -214016
    -214016
    -214016
    -214016
    -214016
    -214016
    -214016
    -214016
    -214016
    -214016
    -214016
    -214016
    -214016
    -217088
    -217088
    -217088
    -217088
    -217088
    -217088
    -217088
    -217088
    -217088
    -217088
    -217088
    -217088
    -217088
    -217088
    -217088
    -217088
    -218112
    -218112
    -218112
    -218112
    -218112
    -218112
    -218112
    -218112
    -218112
    -218112
    -218112
    -218112
    -218112
    -218112
    -218112
    -218112
    -208896
    -208896
    -208896
    -208896
    -208896
    -208896
    -208896
    -208896
    -208896
    -208896
    -208896
    -208896
    -208896
    -208896
    -208896
    -208896
    -234496
    -234496
    -234496
    -234496
    -234496
    -234496
    -234496
    -234496
    -234496
    -234496
    -234496
    -234496
    -234496
    -234496
    -234496
    -234496
    -207872
    -207872
    -207872
    -207872
    -207872
    -207872
    -207872
    -207872
    -207872
    -207872
    -207872
    -207872
    -207872
    -207872
    -207872
    -207872
    -233472
    -233472
    -233472
    -233472
    -233472
    -233472
    -233472
    -233472
    -233472
    -233472
    -233472
    -233472
    -233472
    -233472
    -233472
    -233472
    -223232
    -223232
    -223232
    -223232
    -223232
    -223232
    -223232
    -223232
    -223232
    -223232
    -223232
    -223232
    -223232
    -223232
    -223232
    -223232
    -231424
    -231424
    -231424
    -231424
    -231424
    -231424
    -231424
    -231424
    -231424
    -231424
    -231424
    -231424
    -231424
    -231424
    -231424
    -231424
    -230400
    -230400
    -230400
    -230400
    -230400
    -230400
    -230400
    -230400
    -230400
    -230400
    -230400
    -230400
    -230400
    -230400
    -230400
    -230400
    -233472
    -233472
    -233472
    -233472
    -233472
    -233472
    -233472
    -233472
    -233472
    -233472
    -233472
    -233472
    -233472
    -233472
    -233472
    -233472
    -242688
    -242688
    -242688
    -242688
    -242688
    -242688
    -242688
    -242688
    -242688
    -242688
    -242688
    -242688
    -242688
    -242688
    -242688
    -242688
    -226304
    -226304
    -226304
    -226304
    -226304
    -226304
    -226304
    -226304
    -226304
    -226304
    -226304
    -226304
    -226304
    -226304
    -226304
    -226304
    -256000
    -256000
    -256000
    -256000
    -256000
    -256000
    -256000
    -256000
    -256000
    -256000
    -256000
    -256000
    -256000
    -256000
    -256000
    -256000
    -232448
    -232448
    -232448
    -232448
    -232448
    -232448
    -232448
    -232448
    -232448
    -232448
    -232448
    -232448
    -232448
    -232448
    -232448
    -232448
    -251904
    -251904
    -251904
    -251904
    -251904
    -251904
    -251904
    -251904
    -251904
    -251904
    -251904
    -251904
    -251904
    -251904
    -251904
    -251904
    -245760
    -245760
    -245760
    -245760
    -245760
    -245760
    -245760
    -245760
    -245760
    -245760
    -245760
    -245760
    -245760
    -245760
    -245760
    -245760
    -252928
    -252928
    -252928
    -252928
    -252928
    -252928
    -252928
    -252928
    -252928
    -252928
    -252928
    -252928
    -252928
    -252928
    -252928
    -252928
    -252928
    -252928
    -252928
    -252928
    -252928
    -252928
    -252928
    -252928
    -252928
    -252928
    -252928
    -252928
    -252928
    -252928
    -252928
    -252928
    -251904
    -251904
    -251904
    -251904
    -251904
    -251904
    -251904
    -251904
    -251904
    -251904
    -251904
    -251904
    -251904
    -251904
    -251904
    -251904
    -269312
    -269312
    -269312
    -269312
    -269312
    -269312
    -269312
    -269312
    -269312
    -269312
    -269312
    -269312
    -269312
    -269312
    -269312
    -269312
    -246784
    -246784
    -246784
    -246784
    -246784
    -246784
    -246784
    -246784
    -246784
    -246784
    -246784
    -246784
    -246784
    -246784
    -246784
    -246784
    -276480
    -276480
    -276480
    -276480
    -276480
    -276480
    -276480
    -276480
    -276480
    -276480
    -276480
    -276480
    -276480
    -276480
    -276480
    -276480
    -259072
    -259072
    -259072
    -259072
    -259072
    -259072
    -259072
    -259072
    -259072
    -259072
    -259072
    -259072
    -259072
    -259072
    -259072
    -259072
    -272384
    -272384
    -272384
    -272384
    -272384
    -272384
    -272384
    -272384
    -272384
    -272384
    -272384
    -272384
    -272384
    -272384
    -272384
    -272384
    -269312
    -269312
    -269312
    -269312
    -269312
    -269312
    -269312
    -269312
    -269312
    -269312
    -269312
    -269312
    -269312
    -269312
    -269312
    -269312
    -276480
    -276480
    -276480
    -276480
    -276480
    -276480
    -276480
    -276480
    -276480
    -276480
    -276480
    -276480
    -276480
    -276480
    -276480
    -276480
    -278528
    -278528
    -278528
    -278528
    -278528
    -278528
    -278528
    -278528
    -278528
    -278528
    -278528
    -278528
    -278528
    -278528
    -278528
    -278528
    -271360
    -271360
    -271360
    -271360
    -271360
    -271360
    -271360
    -271360
    -271360
    -271360
    -271360
    -271360
    -271360
    -271360
    -271360
    -271360
    -295936
    -295936
    -295936
    -295936
    -295936
    -295936
    -295936
    -295936
    -295936
    -295936
    -295936
    -295936
    -295936
    -295936
    -295936
    -295936
    -271360
    -271360
    -271360
    -271360
    -271360
    -271360
    -271360
    -271360
    -271360
    -271360
    -271360
    -271360
    -271360
    -271360
    -271360
    -271360
    -296960
    -296960
    -296960
    -296960
    -296960
    -296960
    -296960
    -296960
    -296960
    -296960
    -296960
    -296960
    -296960
    -296960
    -296960
    -296960
    -285696
    -285696
    -285696
    -285696
    -285696
    -285696
    -285696
    -285696
    -285696
    -285696
    -285696
    -285696
    -285696
    -285696
    -285696
    -285696
    -296960
    -296960
    -296960
    -296960
    -296960
    -296960
    -296960
    -296960
    -296960
    -296960
    -296960
    -296960
    -296960
    -296960
    -296960
    -296960
    -292864
    -292864
    -292864
    -292864
    -292864
    -292864
    -292864
    -292864
    -292864
    -292864
    -292864
    -292864
    -292864
    -292864
    -292864
    -292864
    -300032
    -300032
    -300032
    -300032
    -300032
    -300032
    -300032
    -300032
    -300032
    -300032
    -300032
    -300032
    -300032
    -300032
    -300032
    -300032
    -306176
    -306176
    -306176
    -306176
    -306176
    -306176
    -306176
    -306176
    -306176
    -306176
    -306176
    -306176
    -306176
    -306176
    -306176
    -306176
    -292864
    -292864
    -292864
    -292864
    -292864
    -292864
    -292864
    -292864
    -292864
    -292864
    -292864
    -292864
    -292864
    -292864
    -292864
    -292864
    -321536
    -321536
    -321536
    -321536
    -321536
    -321536
    -321536
    -321536
    -321536
    -321536
    -321536
    -321536
    -321536
    -321536
    -321536
    -321536
    -297984
    -297984
    -297984
    -297984
    -297984
    -297984
    -297984
    -297984
    -297984
    -297984
    -297984
    -297984
    -297984
    -297984
    -297984
    -297984
    -320512
    -320512
    -320512
    -320512
    -320512
    -320512
    -320512
    -320512
    -320512
    -320512
    -320512
    -320512
    -320512
    -320512
    -320512
    -320512
    -311296
    -311296
    -311296
    -311296
    -311296
    -311296
    -311296
    -311296
    -311296
    -311296
    -311296
    -311296
    -311296
    -311296
    -311296
    -311296
    -322560
    -322560
    -322560
    -322560
    -322560
    -322560
    -322560
    -322560
    -322560
    -322560
    -322560
    -322560
    -322560
    -322560
    -322560
    -322560
    -319488
    -319488
    -319488
    -319488
    -319488
    -319488
    -319488
    -319488
    -319488
    -319488
    -319488
    -319488
    -319488
    -319488
    -319488
    -319488
    -321536
    -321536
    -321536
    -321536
    -321536
    -321536
    -321536
    -321536
    -321536
    -321536
    -321536
    -321536
    -321536
    -321536
    -321536
    -321536
    -336896
    -336896
    -336896
    -336896
    -336896
    -336896
    -336896
    -336896
    -336896
    -336896
    -336896
    -336896
    -336896
    -336896
    -336896
    -336896
    -317440
    -317440
    -317440
    -317440
    -317440
    -317440
    -317440
    -317440
    -317440
    -317440
    -317440
    -317440
    -317440
    -317440
    -317440
    -317440
    -346112
    -346112
    -346112
    -346112
    -346112
    -346112
    -346112
    -346112
    -346112
    -346112
    -346112
    -346112
    -346112
    -346112
    -346112
    -346112
    -327680
    -327680
    -327680
    -327680
    -327680
    -327680
    -327680
    -327680
    -327680
    -327680
    -327680
    -327680
    -327680
    -327680
    -327680
    -327680
    -344064
    -344064
    -344064
    -344064
    -344064
    -344064
    -344064
    -344064
    -344064
    -344064
    -344064
    -344064
    -344064
    -344064
    -344064
    -344064
    -337920
    -337920
    -337920
    -337920
    -337920
    -337920
    -337920
    -337920
    -337920
    -337920
    -337920
    -337920
    -337920
    -337920
    -337920
    -337920
