     0
     0
     0
     0
     0
     0
     0
     0
     0
     0
     0
     0
     0
     0
     0
     0
     0
     0
     0
     0
     0
     0
     0
     0
     0
     0
     0
     0
     0
     0
     0
     0
     0
     0
     0
     0
     0
     0
     0
     0
     0
     0
     0
     0
     0
     0
     0
     0
     0
     0
     0
     0
     0
     0
     0
     0
     0
     0
     0
     0
     0
     0
     0
     0
     0
   -27
   -27
   -27
   -27
   -27
   -27
   -27
   -27
   -27
   -27
   -27
   -27
   -27
   -27
   -27
   -27
  -199
  -199
  -199
  -199
  -199
  -199
  -199
  -199
  -199
  -199
  -199
  -199
  -199
  -199
  -199
  -199
  -197
  -197
  -197
  -197
  -197
  -197
  -197
  -197
  -197
  -197
  -197
  -197
  -197
  -197
  -197
  -197
  -223
  -223
  -223
  -223
  -223
  -223
  -223
  -223
  -223
  -223
  -223
  -223
  -223
  -223
  -223
  -223
  -204
  -204
  -204
  -204
  -204
  -204
  -204
  -204
  -204
  -204
  -204
  -204
  -204
  -204
  -204
  -204
  -213
  -213
  -213
  -213
  -213
  -213
  -213
  -213
  -213
  -213
  -213
  -213
  -213
  -213
  -213
  -213
  -209
  -209
  -209
  -209
  -209
  -209
  -209
  -209
  -209
  -209
  -209
  -209
  -209
  -209
  -209
  -209
  -212
  -212
  -212
  -212
  -212
  -212
  -212
  -212
  -212
  -212
  -212
  -212
  -212
  -212
  -212
  -212
  -213
  -213
  -213
  -213
  -213
  -213
  -213
  -213
  -213
  -213
  -213
  -213
  -213
  -213
  -213
  -213
  -204
  -204
  -204
  -204
  -204
  -204
  -204
  -204
  -204
  -204
  -204
  -204
  -204
  -204
  -204
  -204
  -229
  -229
  -229
  -229
  -229
  -229
  -229
  -229
  -229
  -229
  -229
  -229
  -229
  -229
  -229
  -229
  -203
  -203
  -203
  -203
  -203
  -203
  -203
  -203
  -203
  -203
  -203
  -203
  -203
  -203
  -203
  -203
  -228
  -228
  -228
  -228
  -228
  -228
  -228
  -228
  -228
  -228
  -228
  -228
  -228
  -228
  -228
  -228
  -218
  -218
  -218
  -218
  -218
  -218
  -218
  -218
  -218
  -218
  -218
  -218
  -218
  -218
  -218
  -218
  -226
  -226
  -226
  -226
  -226
  -226
  -226
  -226
  -226
  -226
  -226
  -226
  -226
  -226
  -226
  -226
  -225
  -225
  -225
  -225
  -225
  -225
  -225
  -225
  -225
  -225
  -225
  -225
  -225
  -225
  -225
  -225
  -228
  -228
  -228
  -228
  -228
  -228
  -228
  -228
  -228
  -228
  -228
  -228
  -228
  -228
  -228
  -228
  -237
  -237
  -237
  -237
  -237
  -237
  -237
  -237
  -237
  -237
  -237
  -237
  -237
  -237
  -237
  -237
  -221
  -221
  -221
  -221
  -221
  -221
  -221
  -221
  -221
  -221
  -221
  -221
  -221
  -221
  -221
  -221
  -250
  -250
  -250
  -250
  -250
  -250
  -250
  -250
  -250
  -250
  -250
  -250
  -250
  -250
  -250
  -250
  -227
  -227
  -227
  -227
  -227
  -227
  -227
  -227
  -227
  -227
  -227
  -227
  -227
  -227
  -227
  -227
  -246
  -246
  -246
  -246
  -246
  -246
  -246
  -246
  -246
  -246
  -246
  -246
  -246
  -246
  -246
  -246
  -240
  -240
  -240
  -240
  -240
  -240
  -240
  -240
  -240
  -240
  -240
  -240
  -240
  -240
  -240
  -240
  -247
  -247
  -247
  -247
  -247
  -247
  -247
  -247
  -247
  -247
  -247
  -247
  -247
  -247
  -247
  -247
  -247
  -247
  -247
  -247
  -247
  -247
  -247
  -247
  -247
  -247
  -247
  -247
  -247
  -247
  -247
  -247
  -246
  -246
  -246
  -246
  -246
  -246
  -246
  -246
  -246
  -246
  -246
  -246
  -246
  -246
  -246
  -246
  -263
  -263
  -263
  -263
  -263
  -263
  -263
  -263
  -263
  -263
  -263
  -263
  -263
  -263
  -263
  -263
  -241
  -241
  -241
  -241
  -241
  -241
  -241
  -241
  -241
  -241
  -241
  -241
  -241
  -241
  -241
  -241
  -270
  -270
  -270
  -270
  -270
  -270
  -270
  -270
  -270
  -270
  -270
  -270
  -270
  -270
  -270
  -270
  -253
  -253
  -253
  -253
  -253
  -253
  -253
  -253
  -253
  -253
  -253
  -253
  -253
  -253
  -253
  -253
  -266
  -266
  -266
  -266
  -266
  -266
  -266
  -266
  -266
  -266
  -266
  -266
  -266
  -266
  -266
  -266
  -263
  -263
  -263
  -263
  -263
  -263
  -263
  -263
  -263
  -263
  -263
  -263
  -263
  -263
  -263
  -263
  -270
  -270
  -270
  -270
  -270
  -270
  -270
  -270
 