     0
     0
     0
     0
     0
     0
     0
     0
     0
     0
     0
     0
     0
     0
     0
     0
     0
     0
     0
     0
  1198
   466
 -1430
 -2844
 -2358
  -488
  1043
   769
  -885
 -2624
 -2645
 -1007
   797
  1108
  -431
 -2284
 -2843
 -1507
   434
  1190
     0
 -1845
 -2883
 -1965
     0
  1198
   466
 -1430
 -2844
 -2358
  -488
  1043
   769
  -885
 -2624
 -2645
 -1007
   797
  1108
  -431
 -2284
 -2843
 -1507
   434
  1190
     0
 -1845
 -2883
 -1965
     0
  1198
   466
 -1430
 -2844
 -2358
  -488
  1043
   769
  -885
 -2624
 -2645
 -1007
   797
  1108
  -431
 -2284
 -2843
 -1507
   434
  1190
     0
 -1845
 -2883
 -1965
     0
  1198
   466
 -1430
 -2844
 -2358
  -488
  1043
   769
  -885
 -2624
 -2645
 -1007
   797
  1108
  -431
 -2284
 -2843
 -1507
   434
  1190
     0
 -1845
 -2883
 -1965
     0
  1198
   466
 -1430
 -2844
 -2358
  -488
  1043
   769
  -885
 -2624
 -2645
 -1007
   797
  1108
  -431
 -2284
 -2843
 -1508
   433
  1190
     0
 -1845
 -2884
 -1967
    -2
  1196
   466
 -1429
 -2845
 -2362
  -495
  1037
   768
  -885
 -2626
 -2653
 -1020
   785
  1103
  -431
 -2286
 -2854
 -1526
   416
  1181
     0
 -1845
 -2895
 -1989
   -27
  1182
   464
 -1429
 -2855
 -2386
  -524
  1018
   763
  -883
 -2633
 -2674
 -1049
   762
  1094
  -430
 -2289
 -2871
 -1555
   389
  1168
     0
 -1846
 -2909
 -2018
   -57
  1164
   462
 -1428
 -2866
 -2412
  -554
   997
   758
  -882
 -2639
 -2696
 -1081
   737
  1085
  -428
 -2292
 -2889
 -1585
   362
  1155
     0
 -1847
 -2923
 -2045
   -86
  1147
   459
 -1427
 -2876
 -2437
  -584
   976
   753
  -880
 -2645
 -2718
 -1111
   712
  1075
  -427
 -2295
 -2908
 -1615
   335
  1142
     0
 -1847
 -2936
 -2073
  -115
  1130
   457
 -1426
 -2886
 -2462
  -615
   955
   748
  -879
 -2652
 -2740
 -1142
   688
  1066
  -426
 -2298
 -2925
 -1645
   307
  1128
     0
 -1848
 -2950
 -2100
  -145
  1112
   454
 -1425
 -2895
 -2487
  -645
   934
   742
  -877
 -2657
 -2761
 -1172
   663
  1056
  -425
 -2301
 -2943
 -1674
   280
  1115
     0
 -1848
 -2964
 -2128
  -174
  1094
   452
 -1424
 -2905
 -2512
  -676
   912
   737
  -875
 -2664
 -2783
 -1204
   637
  1046
  -423
 -2304
 -2961
 -1704
   252
  1101
     0
 -1848
 -2977
 -2156
  -204
  1076
   449
 -1422
 -2914
 -2537
  -707
   891
   731
  -874
 -2669
 -2804
 -1235
   612
  1036
  -422
 -2306
 -2979
 -1735
   224
  1087
     0
 -1848
 -2991
 -2185
  -236
  1058
   447
 -1421
 -2924
 -2563
  -739
   868
   726
  -872
 -2675
 -2826
 -1267
   586
  1026
  -421
 -2308
 -2997
 -1765
   195
  1073
     0
 -1848
 -3004
 -2214
  -267
  1039
   444
 -1419
 -2934
 -2588
  -771
   845
   720
  -870
 -2680
 -2848
 -1299
   560
  1015
  -419
 -2311
 -3015
 -1796
   165
  1059
     0
 -1848
 -3018
 -2242
  -298
  1019
   441
 -1418
 -2943
 -2614
  -803
   823
   714
  -868
 -2686
 -2870
 -1332
   533
  1004
  -418
 -2313
 -3033
 -1828
   136
  1044
     0
 -1848
 -3032
 -2272
  -330
  1000
   438
 -1416
 -2953
 -2641
  -836
   799
   708
  -866
 -2691
 -2893
 -1365
   505
   993
  -416
 -2315
 -3051
 -1859
   106
  1029
     0
 -1847
 -3046
 -2302
  -363
   980
   435
 -1414
 -2962
 -2668
  -870
   774
   702
  -864
 -2697
 -2916
 -1399
   477
   982
  -415
 -2317
 -3069
 -1892
    75
  1013
     0
 -1847
 -3059
 -2331
  -395
   960
   432
 -1412
 -2971
 -2694
  -903
   751
   695
  -861
 -2702
 -2938
 -1433
   448
   970
  -413
 -2318
 -3088
 -1925
    44
   997
     0
 -1846
 -3073
 -2361
  -429
   939
   429
 -1409
 -2980
 -2721
  -938
   726
   689
  -859
 -2707
 -2960
 -1467
   419
   958
  -411
 -2320
 -3106
 -1958
    12
   981
     0
 -1845
 -3086
 -2392
  -463
   918
   426
 -1407
 -2989
 -2748
  -972
   700
   682
  -856
 -2711
 -2983
 -1502
   390
   946
  -410
 -2321
 -3124
 -1991
   -20
   965
     0
 -1844
 -3099
 -2422
  -497
   896
   422
 -1405
 -2998
 -2775
 -1008
   675
   675
  -854
 -2716
 -3006
 -1538
   360
   934
  -408
 -2322
 -3143
 -2025
   -53
   947
     0
 -1842
 -3113
 -2453
  -533
   874
   419
 -1402
 -3007
 -2802
 -1043
   649
   668
  -851
 -2720
 -3029
 -1572
   330
   921
  -406
 