          0
          0
          0
          0
          0
          0
          0
          0
          0
          0
          0
          0
          0
          0
          0
          0
          0
          0
          0
          0
          0
          0
          0
          0
          0
          0
          0
          0
          0
          0
          0
          0
          0
          0
          0
          0
          0
          0
          0
          0
          0
          0
          0
          0
          0
          0
          0
          0
          0
          0
          0
          0
          0
          0
          0
          0
          0
          0
          0
          0
          0
          0
          0
          0
          0
          0
          0
          0
          0
          0
          0
          0
          0
          0
          0
          0
          0
          0
          0
          0
          0
          0
          0
          0
          0
          0
          0
          0
          0
          0
          0
          0
          0
          0
          0
          0
          0
          0
          0
          0
          0
          0
          0
          0
          0
          0
          0
          0
          0
          0
          0
          0
          0
          0
          0
          0
          0
          0
          0
          0
          0
          0
          0
          0
          0
          0
          0
          0
     -27648
     -27648
     -27648
     -27648
     -27648
     -27648
     -27648
     -27648
     -27648
     -27648
     -27648
     -27648
     -27648
     -27648
     -27648
     -27648
    -231424
    -231424
    -231424
    -231424
    -231424
    -231424
    -231424
    -231424
    -231424
    -231424
    -231424
    -231424
    -231424
    -231424
    -231424
    -231424
    -433152
    -433152
    -433152
    -433152
    -433152
    -433152
    -433152
    -433152
    -433152
    -433152
    -433152
    -433152
    -433152
    -433152
    -433152
    -433152
    -661504
    -661504
    -661504
    -661504
    -661504
    -661504
    -661504
    -661504
    -661504
    -661504
    -661504
    -661504
    -661504
    -661504
    -661504
    -661504
    -870400
    -870400
    -870400
    -870400
    -870400
    -870400
    -870400
    -870400
    -870400
    -870400
    -870400
    -870400
    -870400
    -870400
    -870400
    -870400
   -1088512
   -1088512
   -1088512
   -1088512
   -1088512
   -1088512
   -1088512
   -1088512
   -1088512
   -1088512
   -1088512
   -1088512
   -1088512
   -1088512
   -1088512
   -1088512
   -1302528
   -1302528
   -1302528
   -1302528
   -1302528
   -1302528
   -1302528
   -1302528
   -1302528
   -1302528
   -1302528
   -1302528
   -1302528
   -1302528
   -1302528
   -1302528
   -1519616
   -1519616
   -1519616
   -1519616
   -1519616
   -1519616
   -1519616
   -1519616
   -1519616
   -1519616
   -1519616
   -1519616
   -1519616
   -1519616
   -1519616
   -1519616
   -1737728
   -1737728
   -1737728
   -1737728
   -1737728
   -1737728
   -1737728
   -1737728
   -1737728
   -1737728
   -1737728
   -1737728
   -1737728
   -1737728
   -1737728
   -1737728
   -1946624
   -1946624
   -1946624
   -1946624
   -1946624
   -1946624
   -1946624
   -1946624
   -1946624
   -1946624
   -1946624
   -1946624
   -1946624
   -1946624
   -1946624
   -1946624
   -2181120
   -2181120
   -2181120
   -2181120
   -2181120
   -2181120
   -2181120
   -2181120
   -2181120
   -2181120
   -2181120
   -2181120
   -2181120
   -2181120
   -2181120
   -2181120
   -2388992
   -2388992
   -2388992
   -2388992
   -2388992
   -2388992
   -2388992
   -2388992
   -2388992
   -2388992
   -2388992
   -2388992
   -2388992
   -2388992
   -2388992
   -2388992
   -2622464
   -2622464
   -2622464
   -2622464
   -2622464
   -2622464
   -2622464
   -2622464
   -2622464
   -2622464
   -2622464
   -2622464
   -2622464
   -2622464
   -2622464
   -2622464
   -2845696
   -2845696
   -2845696
   -2845696
   -2845696
   -2845696
   -2845696
   -2845696
   -2845696
   -2845696
   -2845696
   -2845696
   -2845696
   -2845696
   -2845696
   -2845696
   -3077120
   -3077120
   -3077120
   -3077120
   -3077120
   -3077120
   -3077120
   -3077120
   -3077120
   -3077120
   -3077120
   -3077120
   -3077120
   -3077120
   -3077120
   -3077120
   -3307520
   -3307520
   -3307520
   -3307520
   -3307520
   -3307520
   -3307520
   -3307520
   -3307520
   -3307520
   -3307520
   -3307520
   -3307520
   -3307520
   -3307520
   -3307520
   -3540992
   -3540992
   -3540992
   -3540992
   -3540992
   -3540992
   -3540992
   -3540992
   -3540992
   -3540992
   -3540992
   -3540992
   -3540992
   -3540992
   -3540992
   -3540992
   -3783680
   -3783680
   -3783680
   -3783680
   -3783680
   -3783680
   -3783680
   -3783680
   -3783680
   -3783680
   -3783680
   -3783680
   -3783680
   -3783680
   -3783680
   -3783680
   -4009984
   -4009984
   -4009984
   -4009984
   -4009984
   -4009984
   -4009984
   -4009984
   -4009984
   -4009984
   -4009984
   -4009984
   -4009984
   -4009984
   -4009984
   -4009984
   -4265984
   -4265984
   -4265984
   -4265984
   -4265984
   -4265984
   -4265984
   -4265984
   -4265984
   -4265984
   -4265984
   -4265984
   -4265984
   -4265984
   -4265984
   -4265984
   -4498432
   -4498432
   -4498432
   -4498432
   -4498432
   -4498432
   -4498432
   -4498432
   -4498432
   -4498432
   -4498432
   -4498432
   -4498432
   -4498432
   -4498432
   -4498432
   -4750336
   -4750336
   -4750336
   -4750336
   -4750336
   -4750336
   -4750336
   -4750336
   -4750336
   -4750336
   -4750336
   -4750336
   -4750336
   -4750336
   -4750336
   -4750336
   -4996096
   -4996096
   -4996096
   -4996096
   -4996096
   -4996096
   -4996096
   -4996096
   -4996096
   -4996096
   -4996096
   -4996096
   -4996096
   -4996096
   -4996096
   -4996096
   -5249024
   -5249024
   -5249024
   -5249024
   -5249024
   -5249024
   -5249024
   -5249024
   -5249024
   -5249024
   -5249024
   -5249024
   -5249024
   -5249024
   -5249024
   -5249024
   -5501952
   -5501952
   -5501952
   -5501952
   -5501952
   -5501952
   -5501952
   -5501952
   -5501952
   -5501952
   -5501952
   -5501952
   -5501952
   -5501952
   -5501952
   -5501952
   -5753856
   -5753856
   -5753856
   -5753856
   -5753856
   -5753856
   -5753856
   -5753856
   -5753856
   -5753856
   -5753856
   -5753856
   -5753856
   -5753856
   -5753856
   -5753856
   -6023168
   -6023168
   -6023168
   -6023168
   -6023168
   -6023168
   -6023168
   -6023168
   -6023168
   -6023168
   -6023168
   -6023168
   -6023168
   -6023168
   -6023168
   -6023168
   -6269952
   -6269952
   -6269952
   -6269952
   -6269952
   -6269952
   -6269952
   -6269952
   -6269952
   -6269952
   -6269952
   -6269952
   -6269952
   -6269952
   -6269952
   -6269952
   -6546432
   -6546432
   -6546432
   -6546432
   -6546432
   -6546432
   -6546432
   -6546432
   -6546432
   -6546432
   -6546432
   -6546432
   -6546432
   -6546432
   -6546432
   -6546432
   -6805504
   -6805504
   -6805504
   -6805504
   -6805504
   -6805504
   -6805504
   -6805504
   -6805504
   -6805504
   -6805504
   -6805504
   -6805504
   -6805504
   -6805504
   -6805504
   -7077888
   -7077888
   -7077888
   -7077888
   -7077888
   -7077888
   -7077888
   -7077888
   -7077888
   -7077888
   -7077888
   -7077888
   -7077888
   -7077888
   -7077888
   -7077888
   -7347200
   -7347200
   -7347200
   -7347200
   -7347200
   -7347200
   -7347200
   -7347200
   -7347200
   -7347200
   -7347200
   -7347200
   -7347200
   -7347200
   -7347200
   -7347200
   -7623680
   -7623680
   -7623680
   -7623680
   -7623680
   -7623680
   -7623680
   -7623680
   -7623680
   -7623680
   -7623680
   -7623680
   -7623680
   -7623680
   -7623680
   -7623680
   -7902208
   -7902208
   -7902208
   -7902208
   -7902208
   -7902208
   -7902208
   -7902208
   -7902208
   -7902208
   -7902208
   -7902208
   -7902208
   -7902208
   -7902208
   -7902208
   -8173568
   -8173568
   -8173568
   -8173568
   -8173568
   -8173568
   -8173568
   -8173568
   -8173568
   -8173568
   -8173568
   -8173568
   -8173568
   -8173568
   -8173568
   -8173568
   -8469504
   -8469504
   -8469504
   -8469504
   -8469504
   -8469504
   -8469504
   -8469504
   -8469504
   -8469504
   -8469504
   -8469504
   -8469504
   -8469504
   -8469504
   -8469504
   -8740864
   -8740864
   -8740864
   -8740864
   -8740864
   -8740864
   -8740864
   -8740864
   -8740864
   -8740864
   -8740864
   -8740864
   -8740864
   -8740864
   -8740864
   -8740864
   -9037824
   -9037824
   -9037824
   -9037824
   -9037824
   -9037824
   -9037824
   -9037824
   -9037824
   -9037824
   -9037824
   -9037824
   -9037824
   -9037824
   -9037824
   -9037824
   -9323520
   -9323520
   -9323520
   -9323520
   -9323520
   -9323520
   -9323520
   -9323520
   -9323520
   -9323520
   -9323520
   -9323520
   -9323520
   -9323520
   -9323520
   -9323520
   -9620480
   -9620480
   -9620480
   -9620480
   -9620480
   -9620480
   -9620480
   -9620480
   -9620480
   -9620480
   -9620480
   -9620480
   -9620480
   -9620480
   -9620480
   -9620480
   -9913344
   -9913344
   -9913344
   -9913344
   -9913344
   -9913344
   -9913344
   -9913344
   -9913344
   -9913344
   -9913344
   -9913344
   -9913344
   -9913344
   -9913344
   -9913344
  -10213376
  -10213376
  -10213376
  -10213376
  -10213376
  -10213376
  -10213376
  -10213376
  -10213376
  -10213376
  -10213376
  -10213376
  -10213376
  -10213376
  -10213376
  -10213376
  -10519552
  -10519552
  -10519552
  -10519552
  -10519552
  -10519552
  -10519552
  -10519552
  -10519552
  -10519552
  -10519552
  -10519552
  -10519552
  -10519552
  -10519552
  -10519552
  -10812416
  -10812416
  -10812416
  -10812416
  -10812416
  -10812416
  -10812416
  -10812416
  -10812416
  -10812416
  -10812416
  -10812416
  -10812416
  -10812416
  -10812416
  -10812416
  -11133952
  -11133952
  -11133952
  -11133952
  -11133952
  -11133952
  -11133952
  -11133952
  -11133952
  -11133952
  -11133952
  -11133952
  -11133952
  -11133952
  -11133952
  -11133952
  -11431936
  -11431936
  -11431936
  -11431936
  -11431936
  -11431936
  -11431936
  -11431936
  -11431936
  -11431936
  -11431936
  -11431936
  -11431936
  -11431936
  -11431936
  -11431936
  -11752448
  -11752448
  -11752448
  -11752448
  -11752448
  -11752448
  -11752448
  -11752448
  -11752448
  -11752448
  -11752448
  -11752448
  -11752448
  -11752448
  -11752448
  -11752448
  -12063744
  -12063744
  -12063744
  -12063744
  -12063744
  -12063744
  -12063744
  -12063744
  -12063744
  -12063744
  -12063744
  -12063744
  -12063744
  -12063744
  -12063744
  -12063744
  -12386304
  -12386304
  -12386304
  -12386304
  -12386304
  -12386304
  -12386304
  -12386304
  -12386304
  -12386304
  -12386304
  -12386304
  -12386304
  -12386304
  -12386304
  -12386304
  -12705792
  -12705792
  -12705792
  -12705792
  -12705792
  -12705792
  -12705792
  -12705792
  -12705792
  -12705792
  -12705792
  -12705792
  -12705792
  -12705792
  -12705792
  -12705792
  -13027328
  -13027328
  -13027328
  -13027328
  -13027328
  -13027328
  -13027328
  -13027328
  -13027328
  -13027328
  -13027328
  -13027328
  -13027328
  -13027328
  -13027328
  -13027328
  -13364224
  -13364224
  -13364224
  -13364224
  -13364224
  -13364224
  -13364224
  -13364224
  -13364224
  -13364224
  -13364224
  -13364224
  -13364224
  -13364224
  -13364224
  -13364224
  -13681664
  -13681664
  -13681664
  -13681664
  -13681664
  -13681664
  -13681664
  -13681664
  -13681664
  -13681664
  -13681664
  -13681664
  -13681664
  -13681664
  -13681664
  -13681664
  -14027776
  -14027776
  -14027776
  -14027776
  -14027776
  -14027776
  -14027776
  -14027776
  -14027776
  -14027776
  -14027776
  -14027776
  -14027776
  -14027776
  -14027776
  -14027776
  -14355456
  -14355456
  -14355456
  -14355456
  -14355456
  -14355456
  -14355456
  -14355456
  -14355456
  -14355456
  -14355456
  -14355456
  -14355456
  -14355456
  -14355456
  -14355456
  -14699520
  -14699520
  -14699520
  -14699520
  -14699520
  -14699520
  -14699520
  -14699520
  -14699520
  -14699520
  -14699520
  -14699520
  -14699520
  -14699520
  -14699520
  -14699520
