     0
     0
     0
     0
     0
     0
     0
     0
     0
     0
     0
     0
     0
     0
     0
     0
     0
     0
     0
     0
     0
     0
     0
     0
     0
     0
     0
     0
     0
     0
     0
     0
     0
     0
     0
     0
     0
     0
     0
     0
     0
     0
     0
     0
     0
     0
     0
     0
     0
    79
    79
    79
    79
    79
    79
    79
    79
    79
    79
    79
    79
    79
    79
    79
    79
   108
   108
   108
   108
   108
   108
   108
   108
   108
   108
   108
   108
   108
   108
   108
   108
   472
   472
   472
   472
   472
   472
   472
   472
   472
   472
   472
   472
   472
   472
   472
   472
   468
   468
   468
   468
   468
   468
   468
   468
   468
   468
   468
   468
   468
   468
   468
   468
   467
   467
   467
   467
   467
   467
   467
   467
   467
   467
   467
   467
   467
   467
   467
   467
   458
   458
   458
   458
   458
   458
   458
   458
   458
   458
   458
   458
   458
   458
   458
   458
   476
   476
   476
   476
   476
   476
   476
   476
   476
   476
   476
   476
   476
   476
   476
   476
   454
   454
   454
   454
   454
   454
   454
   454
   454
   454
   454
   454
   454
   454
   454
   454
   475
   475
   475
   475
   475
   475
   475
   475
   475
   475
   475
   475
   475
   475
   475
   475
   457
   457
   457
   457
   457
   457
   457
   457
   457
   457
   457
   457
   457
   457
   457
   457
   471
   471
   471
   471
   471
   471
   471
   471
   471
   471
   471
   471
   471
   471
   471
   471
   459
   459
   459
   459
   459
   459
   459
   459
   459
   459
   459
   459
   459
   459
   459
   459
   463
   463
   463
   463
   463
   463
   463
   463
   463
   463
   463
   463
   463
   463
   463
   463
   466
   466
   466
   466
   466
   466
   466
   466
   466
   466
   466
   466
   466
   466
   466
   466
   451
   451
   451
   451
   451
   451
   451
   451
   451
   451
   451
   451
   451
   451
   451
   451
   470
   470
   470
   470
   470
   470
   470
   470
   470
   470
   470
   470
   470
   470
   470
   470
   448
   448
   448
   448
   448
   448
   448
   448
   448
   448
   448
   448
   448
   448
   448
   448
   465
   465
   465
   465
   465
   465
   465
   465
   465
   465
   465
   465
   465
   465
   465
   465
   449
   449
   449
   449
   449
   449
   449
   449
   449
   449
   449
   449
   449
   449
   449
   449
   460
   460
   460
   460
   460
   460
   460
   460
   460
   460
   460
   460
   460
   460
   460
   460
   451
   451
   451
   451
   451
   451
   451
   451
   451
   451
   451
   451
   451
   451
   451
   451
   450
   450
   450
   450
   450
   450
   450
   450
   450
   450
   450
   450
   450
   450
   450
   450
   458
   458
   458
   458
   458
   458
   458
   458
   458
   458
   458
   458
   458
   458
   458
   458
   438
   438
   438
   438
   438
   438
   438
   438
   438
   438
   438
   438
   438
   438
   438
   438
   459
   459
   459
   459
   459
   459
   459
   459
   459
   459
   459
   459
   459
   459
   459
   459
   438
   438
   438
   438
   438
   438
   438
   438
   438
   438
   438
   438
   438
   438
   438
   438
   453
   453
   453
   453
   453
   453
   453
   453
   453
   453
   453
   453
   453
   453
   453
   453
   437
   437
   437
   437
   437
   437
   437
   437
   437
   437
   437
   437
   437
   437
   437
   437
   447
   447
   447
   447
   447
   447
   447
   447
   447
   447
   447
   447
   447
   447
   447
   447
   442
   442
   442
   442
   442
   442
   442
   442
   442
   442
   442
   442
   442
   442
   442
   442
   433
   433
   433
   433
   433
   433
   433
   433
   433
   433
   433
   433
   433
   433
   433
   433
   448
   448
   448
   448
   448
   448
   448
   448
   448
   448
   448
   448
   448
   448
   448
   448
   426
   426
   426
   426
   426
   426
   426
   426
   426
   426
   426
   426
   426
   426
   426
   426
   444
   444
   444
   444
   444
   444
   444
   444
 