     0
     0
     0
     0
     0
     0
     0
     0
     0
     0
     0
     0
     0
     0
     0
     0
     0
     0
  3945
  6916
  8175
  7412
  4815
  1026
 -3016
 -6312
 -8046
 -7790
 -5607
 -2037
  2037
  5607
  7790
  8046
  6312
  3016
 -1026
 -4815
 -7412
 -8175
 -6916
 -3945
     0
  3945
  6916
  8175
  7412
  4815
  1026
 -3016
 -6312
 -8046
 -7790
 -5607
 -2037
  2037
  5607
  7790
  8046
  6312
  3016
 -1026
 -4815
 -7412
 -8175
 -6916
 -3945
     0
  3945
  6916
  8175
  7412
  4815
  1026
 -3016
 -6312
 -8046
 -7790
 -5607
 -2037
  2037
  5607
  7790
  8046
  6312
  3016
 -1026
 -4815
 -7412
 -8175
 -6916
 -3945
     0
  3945
  6916
  8175
  7412
  4815
  1026
 -3016
 -6312
 -8046
 -7790
 -5607
 -2037
  2037
  5607
  7790
  8046
  6312
  3016
 -1026
 -4815
 -7412
 -8175
 -6916
 -3945
     0
  3945
  6916
  8175
  7412
  4815
  1026
 -3016
 -6312
 -8046
 -7790
 -5607
 -2037
  2037
  5606
  7790
  8046
  6313
  3017
 -1024
 -4813
 -7410
 -8175
 -6918
 -3949
    -4
  3941
  6913
  8174
  7415
  4823
  1039
 -3001
 -6300
 -8042
 -7797
 -5625
 -2063
  2008
  5583
  7779
  8053
  6337
  3054
  -983
 -4777
 -7390
 -8178
 -6945
 -3995
   -58
  3892
  6881
  8170
  7440
  4872
  1100
 -2945
 -6261
 -8030
 -7815
 -5669
 -2123
  1948
  5538
  7760
  8064
  6376
  3112
  -920
 -4725
 -7363
 -8181
 -6978
 -4052
  -124
  3834
  6846
  8165
  7468
  4924
  1165
 -2883
 -6218
 -8017
 -7835
 -5717
 -2186
  1884
  5490
  7739
  8075
  6416
  3172
  -856
 -4672
 -7334
 -8184
 -7012
 -4107
  -188
  3778
  6810
  8160
  7494
  4976
  1228
 -2823
 -6176
 -8004
 -7853
 -5762
 -2248
  1821
  5441
  7717
  8086
  6457
  3232
  -792
 -4619
 -7305
 -8187
 -7045
 -4162
  -252
  3721
  6774
  8154
  7520
  5027
  1292
 -2762
 -6134
 -7990
 -7872
 -5809
 -2310
  1759
  5393
  7695
  8096
  6496
  3292
  -727
 -4565
 -7276
 -8188
 -7078
 -4218
  -317
  3662
  6737
  8148
  7545
  5078
  1356
 -2701
 -6091
 -7975
 -7889
 -5854
 -2372
  1695
  5344
  7673
  8105
  6535
  3350
  -663
 -4512
 -7246
 -8190
 -7110
 -4274
  -381
  3605
  6701
  8141
  7570
  5129
  1421
 -2639
 -6046
 -7960
 -7907
 -5900
 -2436
  1629
  5293
  7649
  8115
  6576
  3411
  -596
 -4455
 -7214
 -8191
 -7143
 -4330
  -447
  3545
  6662
  8134
  7595
  5180
  1485
 -2577
 -6002
 -7944
 -7924
 -5945
 -2498
  1566
  5243
  7625
  8123
  6615
  3472
  -529
 -4399
 -7182
 -8191
 -7176
 -4388
  -516
  3484
  6622
  8125
  7620
  5232
  1552
 -2512
 -5955
 -7927
 -7941
 -5992
 -2563
  1499
  5190
  7600
  8132
  6654
  3533
  -461
 -4342
 -7149
 -8191
 -7208
 -4445
  -584
  3422
  6582
  8116
  7645
  5285
  1620
 -2446
 -5908
 -7910
 -7957
 -6039
 -2628
  1431
  5137
  7574
  8140
  6695
  3595
  -392
 -4283
 -7116
 -8190
 -7241
 -4503
  -653
  3358
  6541
  8107
  7670
  5338
  1688
 -2380
 -5860
 -7891
 -7974
 -6086
 -2695
  1362
  5082
  7547
  8148
  6735
  3659
  -322
 -4222
 -7080
 -8189
 -7274
 -4562
  -724
  3293
  6497
  8096
  7695
  5392
  1758
 -2312
 -5809
 -7872
 -7989
 -6133
 -2761
  1292
  5027
  7520
  8154
  6774
  3721
  -252
 -4161
 -7044
 -8186
 -7307
 -4622
  -795
  3227
  6453
  8085
  7719
  5447
  1829
 -2241
 -5757
 -7851
 -8005
 -6182
 -2830
  1219
  4968
  7490
  8161
  6816
  3787
  -178
 -4098
 -7007
 -8184
 -7339
 -4680
  -866
  3161
  6409
  8073
  7743
  5500
  1898
 -2172
 -5706
 -7830
 -8020
 -6229
 -2899
  1147
  4910
  7460
  8167
  6857
  3852
  -104
 -4034
 -6968
 -8180
 -7372
 -4742
  -940
  3092
  6362
  8060
  7767
  5555
  1971
 -2100
 -5652
 -7808
 -8035
 -6277
 -2968
  1073
  4850
  7429
  8172
  6897
  3918
   -29
 -3969
 -6928
 -8176
 -7404
 -4803
 -1015
  3023
  6314
  8046
  7790
  5610
  2044
 -2027
 -5598
 -7785
 -8049
 -6325
 -3039
   998
  4789
  7397
  8177
  6938
  3984
    47
 -3902
 -6888
 -8171
 -7436
 -4864
 -1091
  2952
  6266
  8032
  7814
  5665
  2118
 -1953
 -5541
 -7761
 -8063
 -6374
 -3111
   921
  4725
  7363
  8181
  6979
  4053
   125
 -3833
 -6845
 -8165
 -7469
 -4927
 -1168
  2879
  6215
  8016
  7837
  5721
  2193
 -1878
 -5484
 -7736
 -8076
 -6422
 -3181
   845
  4662
  7329
  8185
  7019
 