     0
     0
  5518
  7726
  8095
  6413
  3239
  -906
 -4650
 -7377
 -8184
 -6938
 -4052
     0
  3696
  6828
  8157
  7463
  4976
  1106
 -2864
 -6286
 -8023
 -7791
 -5666
 -1998
  1801
  5518
  7726
  8095
  6413
  3239
  -906
 -4650
 -7377
 -8184
 -6938
 -4052
     0
  3696
  6828
  8157
  7463
  4976
  1106
 -2864
 -6286
 -8023
 -7791
 -5666
 -1998
  1801
  5518
  7726
  8095
  6413
  3239
  -906
 -4650
 -7377
 -8184
 -6938
 -4052
     0
  3696
  6828
  8157
  7463
  4976
  1106
 -2864
 -6286
 -8023
 -7791
 -5666
 -1998
  1801
  5518
  7726
  8095
  6413
  3239
  -906
 -4650
 -7377
 -8184
 -6938
 -4052
     0
  3696
  6828
  8157
  7463
  4976
  1106
 -2864
 -6286
 -8023
 -7791
 -5666
 -1998
  1801
  5518
  7726
  8095
  6413
  3239
  -906
 -4650
 -7377
 -8184
 -6938
 -4052
     0
  3696
  6828
  8157
  7463
  4976
  1106
 -2864
 -6286
 -8023
 -7791
 -5666
 -1998
  1801
  5518
  7726
  8095
  6413
  3239
  -906
 -4650
 -7377
 -8184
 -6938
 -4052
     0
  3696
  6828
  8157
  7463
  4976
  1106
 -2864
 -6286
 -8023
 -7791
 -5666
 -1998
  1801
  5518
  7726
  8095
  6413
  3239
  -906
 -4650
 -7377
 -8184
 -6938
 -4052
     0
  3696
  6828
  8157
  7463
  4976
  1106
 -2864
 -6286
 -8023
 -7791
 -5666
 -1998
  1801
  5518
  7726
  8095
  6413
  3239
  -906
 -4650
 -7377
 -8184
 -6938
 -4052
     0
  3696
  6828
  8157
  7463
  4976
  1106
 -2864
 -6286
 -8023
 -7791
 -5666
 -1998
  1801
  5518
  7726
  8095
  6413
  3239
  -906
 -4650
 -7377
 -8184
 -6938
 -4052
     0
  3696
  6828
  8157
  7463
  4976
  1106
 -2864
 -6286
 -8023
 -7791
 -5666
 -1998
  1801
  5518
  7726
  8095
  6413
  3239
  -906
 -4650
 -7377
 -8184
 -6938
 -4052
     0
  3696
  6828
  8157
  7463
  4976
  1106
 -2864
 -6286
 -8023
 -7791
 -5666
 -1998
  1801
  5518
  7726
  8095
  6413
  3239
  -906
 -4650
 -7377
 -8184
 -6938
 -4052
     0
  3696
  6828
  8157
  7463
  4976
  1106
 -2864
 -6286
 -8023
 -7791
 -5666
 -1998
  1801
  5518
  7726
  8095
  6413
  3239
  -906
 -4650
 -7377
 -8184
 -6938
 -4052
     0
  3696
  6828
  8157
  7463
  4976
  1106
 -2864
 -6286
 -8023
 -7791
 -5666
 -1998
  1801
  5518
  7726
  8095
  6413
  3239
  -906
 -4650
 -7377
 -8184
 -6938
 -4052
     0
  3696
  6828
  8157
  7463
  4976
  1106
 -2864
 -6286
 -8023
 -7791
 -5666
 -1998
  1801
  5518
  7726
  8095
  6413
  3239
  -906
 -4650
 -7377
 -8184
 -6938
 -4052
     0
  3696
  6828
  8157
  7463
  4976
  1106
 -2864
 -6286
 -8023
 -7791
 -5666
 -1998
  1801
  5518
  7726
  8095
  6413
  3239
  -906
 -4650
 -7377
 -8184
 -6938
 -4052
     0
  3696
  6828
  8157
  7463
  4976
  1106
 -2864
 -6286
 -8023
 -7791
 -5666
 -1998
  1801
  5518
  7726
  8095
  6413
  3239
  -906
 -4650
 -7377
 -8184
 -6938
 -4052
     0
  3696
  6828
  8157
  7463
  4976
  1106
 -2864
 -6286
 -8023
 -7791
 -5666
 -1998
  1801
  5518
  7726
  8095
  6413
  3239
  -906
 -4650
 -7377
 -8184
 -6938
 -4052
     0
  3696
  6828
  8157
  7463
  4976
  1106
 -2864
 -6286
 -8023
 -7791
 -5666
 -1998
  1801
  5518
  7726
  8095
  6413
  3239
  -906
 -4650
 -7377
 -8184
 -6938
 -4052
     0
  3696
  6828
  8157
  7463
  4976
  1106
 -2864
 -6286
 -8023
 -7791
 -5666
 -1998
  1801
  5518
  7726
  8095
  6413
  3239
  -906
 -4650
 -7377
 -8184
 -6938
 -4052
     0
  3696
  6828
  8157
  7463
  4976
  1106
 -2864
 -6286
 -8023
 -7791
 -5666
 -1998
  1801
  5518
  7726
  8095
  6413
  3239
  -906
 -4650
 -7377
 -8184
 -6938
 -4052
     0
  3696
  6828
  8157
  7463
  4976
  1106
 -2864
 -6286
 -8023
 -7791
 -5666
 -1998
  1801
  5518
  7726
  8095
  6413
  3239
  -906
 -4650
 -7377
 -8184
 -6938
 -4052
     0
  3696
  6828
  8157
  7463
  4976
  1106
 -2864
 -6286
 -8023
 -7791
 -5666
 -1998
  1801
  5518
  7726
  8095
  6413
  3239
  -906
 -4650
 -7377
 -8184
 -6938
 -4052
     0
  3696
  6828
  8157
  7463
  4976
  1106
 -2864
 -6286
 -8023
 -7791
 -5666
 -1998
  1801
  5518
  7726
  8095
  6413
  3239
  -906
 -4650
 -7377
 -8184
 -6938
 -4052
     0
  3696
  6828
  8157
  7463
  4976
  1106
 -2864
 -6286
 -8023
 -7791
 -5666
 -1998
  1801
  5518
  7726
  8095
  6413
  3239
  -906
 -4650
 -7377
 