     0
    52
   574
  1228
  1874
  2508
  3126
  3724
  4298
  4844
  5358
  5838
  6280
  6682
  7040
  7353
  7618
  7834
  8000
  8114
  8175
  8183
  8138
  8041
  7892
  7692
  7442
  7144
  6800
  6411
  5982
  5513
  5009
  4473
  3908
  3317
  2705
  2075
  1432
   780
   123
  -535
 -1190
 -1837
 -2472
 -3091
 -3690
 -4265
 -4813
 -5329
 -5811
 -6256
 -6660
 -7021
 -7337
 -7605
 -7824
 -7992
 -8109
 -8174
 -8185
 -8144
 -8050
 -7903
 -7706
 -7459
 -7164
 -6822
 -6437
 -6010
 -5543
 -5042
 -4507
 -3943
 -3354
 -2743
 -2115
 -1472
  -821
  -164
   492
  1147
  1794
  2430
  3050
  3651
  4228
  4777
  5296
  5780
  6227
  6634
  6998
  7317
  7588
  7810
  7982
  8102
  8170
  8185
  8147
  8056
  7914
  7720
  7476
  7184
  6845
  6462
  6037
  5574
  5074
  4541
  3980
  3392
  2782
  2155
  1513
   862
   205
  -453
 -1108
 -1756
 -2393
 -3014
 -3616
 -4195
 -4746
 -5267
 -5753
 -6202
 -6612
 -6978
 -7300
 -7574
 -7799
 -7974
 -8097
 -8168
 -8187
 -8152
 -8064
 -7925
 -7734
 -7493
 -7204
 -6868
 -6487
 -6065
 -5604
 -5106
 -4575
 -4015
 -3429
 -2821
 -2194
 -1553
  -903
  -246
   409
  1065
  1714
  2351
  2974
  3577
  4157
  4710
  5233
  5722
  6174
  6585
  6955
  7279
  7557
  7785
  7963
  8090
  8164
  8186
  8155
  8070
  7934
  7747
  7509
  7223
  6890
  6512
  6093
  5634
  5138
  4610
  4051
  3467
  2860
  2234
  1594
   944
   287
  -371
 -1027
 -1676
 -2314
 -2938
 -3542
 -4124
 -4679
 -5203
 -5694
 -6148
 -6563
 -6935
 -7262
 -7542
 -7774
 -7955
 -8085
 -8162
 -8187
 -8159
 -8078
 -7945
 -7760
 -7526
 -7242
 -6912
 -6537
 -6120
 -5663
 -5170
 -4644
 -4087
 -3504
 -2898
 -2273
 -1634
  -984
  -328
   327
   983
  1633
  2272
  2897
  3503
  4086
  4643
  5169
  5662
  6119
  6536
  6911
  7241
  7525
  7759
  7944
  8077
  8158
  8186
  8161
  8084
  7954
  7773
  7541
  7261
  6934
  6562
  6147
  5693
  5202
  4678
  4123
  3541
  2937
  2313
  1675
  1026
   370
  -289
  -945
 -1595
 -2235
 -2861
 -3468
 -4052
 -4611
 -5139
 -5635
 -6094
 -6513
 -6891
 -7224
 -7510
 -7748
 -7935
 -8071
 -8156
 -8187
 -8165
 -8091
 -7964
 -7786
 -7558
 -7280
 -6956
 -6586
 -6175
 -5723
 -5234
 -4711
 -4158
 -3578
 -2975
 -2352
 -1715
 -1066
  -410
   245
   902
  1552
  2193
  2820
  3428
  4014
  4575
  5105
  5603
  6064
  6486
  6867
  7203
  7492
  7733
  7924
  8063
  8151
  8186
  8167
  8096
  7973
  7798
  7573
  7299
  6977
  6611
  6201
  5752
  5266
  4745
  4194
  3615
  3013
  2392
  1755
  1107
   452
  -206
  -863
 -1514
 -2156
 -2783
 -3393
 -3981
 -4542
 -5075
 -5575
 -6038
 -6463
 -6846
 -7185
 -7477
 -7721
 -7915
 -8057
 -8148
 -8186
 -8171
 -8103
 -7983
 -7811
 -7589
 -7318
 -6999
 -6635
 -6228
 -5781
 -5297
 -4778
 -4229
 -3652
 -3051
 -2431
 -1795
 -1147
  -493
   163
   820
  1471
  2114
  2742
  3353
  3942
  4506
  5041
  5542
  6009
  6436
  6821
  7163
  7458
  7705
  7902
  8049
  8143
  8184
  8173
  8108
  7991
  7823
  7604
  7336
  7020
  6659
  6255
  5810
  5328
  4812
  4264
  3689
  3090
  2471
  1836
  1189
   534
  -124
  -781
 -1433
 -2076
 -2706
 -3318
 -3909
 -4474
 -5010
 -5514
 -5983
 -6412
 -6800
 -7145
 -7443
 -7693
 -7893
 -8042
 -8139
 -8184
 -8176
 -8115
 -8001
 -7835
 -7619
 -7354
 -7041
 -6683
 -6281
 -5839
 -5359
 -4845
 -4299
 -3725
 -3127
 -2509
 -1875
 -1229
  -575
    81
   738
  1390
  2034
  2665
  3278
  3870
  4437
  4975
  5482
  5952
  6385
  6776
  7123
  7424
  7677
  7881
  8033
  8134
  8182
  8177
  8119
  8009
  7847
  7634
  7372
  7062
  6706
  6308
  5868
  5390
  4878
  4334
  3762
  3166
  2549
  1916
  1270
   616
   -42
  -699
 -1352
 -1997
 -2628
 -3243
 -3836
 -4405
 -4945
 -5453
 -5926
 -6361
 -6754
 -7104
 -7408
 -7664
 -7871
 -8026
 -8130
 -8181
 -8180
 -8125
 -8018
 -7859
 -7649
 -7390
 -7083
 -6730
 -6334
 -5897
 -5421
 -4911
 -4369
 -3798
 -3203
 -2587
 -1955
 -1310
  -657
     0
   656
  1309
  1954
  2587
  3202
  3797
  4368
  4910
  5420
  5896
  6333
  6729
  7082
  7389
  7648
  7858
  8017
  8124
  8179
  8180
  8129
  8025
  7870
  7663
  7407
  7103
  6753
  6360
  5925
  5452
  4944
  4404
  3835
  3241
  2627
  1996
  1351
   698
    41
  -617
 -1271
 -1917
 -2550
 -3167
 -3763
 -4335
 -4879
 -5391
 -5869
 -6309
 -6707
 -7063
 -7373
 -7635
 -7848
 -8010
 -8120
 -8178
 -8183
 -8135
 -8034
 -7882
 -7678
 -7425
 -7124
 -6777
 -6386
 -5953
 -5483
 -4976
 -4438
 -3871
 -3279
 -2665
 -2035
 -1391
  -739
   -82
   574
  1228
  1874
  2508
  3126
  3724
  4298
  4844
  5358
  5838
  6280
  6682
  7040
  7353
  7618
  7834
  8000
  8114
  8175
  8183
  8138
  8041
  7892
  7692
  7442
  7144
  6800
  6411
  5982
  5513
  5009
  4473
  3907
  3317
  2705
  2075
  1432
   780
   123
  -535
 -1190
 -1837
 -2472
 -3091
 -3690
 -4265
 -4813
 -5329
 -5811
 -6256
 -6660
 -7021
 -7337
 -7605
 -7824
 -7992
 -8109
 -8174
 -8185
 -8144
 -8050
 -7903
 -7706
 -7459
 -7164
 -6822
 -6437
 -6010
 -5543
 -5042
 -4507
 -3943
 -3354
 -2743
 -2115
 -1472
  -821
  -164
   492
  1147
  1794
  2430
  3050
  3651
  4228
  4777
  5296
  5780
  6227
  6634
  6998
  7317
  7588
  7810
  7982
  8102
  8170
  8185
  8147
  8056
  7914
  7720
  7476
  7184
  6845
  6462
  6037
  5574
  5074
  4541
  3980
  3392
  2782
  2155
  1513
   862
   205
  -453
 -1108
 -1756
 -2393
 -3014
 -3616
 -4195
 -4746
 -5267
 -5753
 -6202
 -6612
 -6978
 -7300
 -7574
 -7799
 -7974
 -8097
 -8168
 -8187
 -8152
 -8064
 -7925
 -7734
 -7493
 -7204
 -6868
 -6487
 -6065
 -5604
 -5106
 -4575
 -4015
 -3429
 -2821
 -2194
 -1553
  -902
  -246
   409
  1065
  1714
  2351
  2974
  3577
  4157
  4710
  5233
  5722
  6174
  6585
  6955
  7279
  7557
  7785
  7963
  8090
  8164
  8186
  8155
  8070
  7934
  7747
  7509
  7223
  6890
  6512
  6093
  5634
  5138
  4610
  4051
  3467
  2860
  2234
  1594
   944
   287
  -371
 -1027
 -1676
 -2314
 -2938
 -3542
 -4124
 -4679
 -5203
 -5694
 -6148
 -6563
 -6935
 -7262
 -7542
 -7774
 -7955
 -8085
 -8162
 -8187
 -8159
 -8078
 -7945
 -7760
 -7526
 -7242
 -6912
 -6537
 -6120
 -5663
 -5170
 -4643
 -4087
 -3503
 -2898
 -2273
 -1634
  -984
  -328
   327
   983
  1633
  2272
  2897
  3503
  4086
  4643
  5169
  5662
  6119
  6536
  6911
  7241
  7525
  7759
  7944
  8077
  8158
  8186
  8161
  8084
  7954
  7773
  7541
  7261
  6934
  6562
  6147
  5693
  5202
  4677
  4123
  3541
  2937
  2313
  1675
  1026
   370
  -289
  -945
 -1595
 -2235
 -2861
 -3468
 -4052
 -4611
 -5139
 -5635
 -6094
 -6513
 -6891
 -7224
 -7510
 -7748
 -7935
 -8071
 -8156
 -8187
 -8165
 -8091
 -7964
 -7786
 -7558
 -7280
 -6956
 -6586
 -6175
 -5723
 -5234
 -4711
 -4158
 -3578
 -2975
 -2352
 -1715
 -1066
  -410
   245
   902
  1552
  2193
  2820
  3428
  4014
  4575
  5105
  5603
  6064
  6486
  6867
  7203
  7492
  7733
  7924
  8063
  8151
  8186
  8167
  8096
  7973
  7798
  7573
  7299
  6977
  6611
  6201
  5752
  5265
  4745
  4193
  3615
  3013
  2392
  1755
  1107
   452
  -206
  -863
 -1514
 -2156
 -2783
 -3393
 -3981
 -4542
 -5075
 -5575
 -6038
 -6463
 -6846
 -7185
 -7477
 -7721
 -7915
 -8057
 -8148
 -8186
 -8171
 -8103
 -7983
 -7811
 -7589
 -7318
 -6999
 -6635
 -6228
 -5781
 -5297
 -4778
 -4228
 -3651
 -3051
 -2431
 -1795
 -1147
  -493
   163
   820
  1471
  2114
  2742
  3353
  3942
  4506
  5041
  5542
  6009
  6436
  6821
  7163
  7458
  7705
  7902
  8049
  8143
  8184
  8173
  8108
  7991
  7823
  7604
  7336
  7020
  6659
  6255
  5810
  5328
  4812
  4264
  3689
  3090
  2471
  1836
  1189
   534
  -124
  -781
 -1433
 -2076
 -2706
 -3318
 -3909
 -4474
 -5010
 -5514
 -5983
 -6412
 -6800
 -7145
 -7443
 -7693
 -7893
 -8042
 -8139
 -8184
 -8176
 -8115
 -8001
 -7835
 -7619
 -7354
 -7041
 -6683
 -6281
 -5839
 -5359
 -4845
 -4299
 -3725
 -3127
 -2509
 -1875
 -1229
  -575
    81
   738
  1390
  2034
  2665
  3278
  3870
  4437
  4975
  5482
  5952
  6385
  6776
  7123
  7424
  7677
  7881
  8033
  8134
  8182
  8177
  8119
  8009
  7847
  7634
  7372
  7062
  6706
  6308
  5868
  5390
  4878
  4334
  3762
  3166
  2549
  1916
  1270
   616
   -42
  -699
 -1352
 -1997
 -2628
 -3243
 -3836
 -4405
 -4945
 -5453
 -5926
 -6361
 -6754
 -7104
 -7408
 -7664
 -7871
 -8026
 -8130
 -8181
 -8180
 -8125
 -8018
 -7859
 -7649
 -7390
 -7083
 -6730
 -6334
 -5896
 -5421
 -4911
 -4369
 -3798
 -3203
 -2587
 -1955
 -1310
  -657
     0
   656
  1309
  1954
  2587
  3202
  3797
  4368
  4910
  5420
  5896
  6333
  6729
  7082
  7389
  7648
  7858
  8017
  8124
  8179
  8180
  8129
  8025
  7870
  7663
  7407
  7103
  6753
  6360
  5925
  5452
  4944
  4403
  3835
  3241
  2627
  1996
  1351
   698
    41
  -617
 -1271
 -1917
 -2550
 -3167
 -3763
 -4335
 -4879
 -5391
 -5869
 -6309
 -6707
 -7063
 -7373
 -7635
 -7848
 -8010
 -8120
 -8178
 -8183
 -8135
 -8034
 -7882
 -7678
 -7425
 -7124
 -6777
 -6386
 -5953
 -5482
 -4976
 -4438
 -3871
 -3279
 -2665
 -2035
 -1391
  -739
   -82
   574
  1228
  1874
  2508
  3126
  3724
  4298
  4844
  5358
  5838
  6280
  6682
  7040
  7353
  7618
  7834
  8000
  8114
  8175
  8183
  8138
  8041
  7892
  7692
  7442
  7144
  6799
  6411
  5981
  5513
  5009
  4473
  3907
  3317
  2705
  2075
  1432
   780
   123
  -535
 -1190
 -1837
 -2472
 -3091
 -3690
 -4265
 -4813
 -5329
 -5811
 -6256
 -6660
 -7021
 -7337
 -7605
 -7824
 -7992
 -8109
 -8174
 -8185
 -8144
 -8050
 -7903
 -7706
 -7459
 -7164
 -6822
 -6437
 -6009
 -5543
 -5042
 -4507
 -3943
 -3354
 -2743
 -2115
 -1472
  -821
  -164
   492
  1147
  1794
  2430
  3050
  3651
  4228
  4777
  5296
  5780
  6227
  6634
  6998
  7317
  7588
  7810
  7982
  8102
  8170
  8185
  8147
  8056
  7914
  7720
  7476
  7184
  6845
  6462
  6037
  5574
  5074
  4541
  3980
  3392
  2782
  2155
  1513
   862
   205
  -453
 -1108
 -1756
 -2393
 -3014
 -3616
 -4195
 -4746
 -5267
 -5753
 -6202
 -6612
 -6978
 -7300
 -7574
 -7799
 -7974
 -8097
 -8168
 -8187
 -8152
 -8064
 -7925
 -7734
 -7493
 -7203
 -6868
 -6487
 -6065
 -5604
 -5106
 -4575
 -4015
 -3429
 -2821
 -2194
 -1553
  -902
  -246
   409
  1065
  1714
  2351
  2974
  3577
  4157
  4710
  5233
  5722
  6174
  6585
  6955
  7279
  7557
  7785
  7963
  8090
  8164
  8186
  8155
  8070
  7934
  7747
  7509
  7223
  6890
  6512
  6093
  5634
  5138
  4610
  4051
  3467
  2860
  2234
  1594
   944
   287
  -371
 -1027
 -1676
 -2314
 -2938
 -3542
 -4124
 -4679
 -5203
 -5694
 -6148
 -6563
 -6935
 -7262
 -7542
 -7774
 -7955
 -8085
 -8162
 -8187
 -8159
 -8078
 -7945
 -7760
 -7526
 -7242
 -6912
 -6537
 -6120
 -5663
 -5170
 -4643
 -4087
 -3503
 -2898
 -2273
 -1634
  -984
  -328
   327
   983
  1633
  2272
  2897
  3503
  4086
  4643
  5169
  5662
  6119
  6536
  6911
  7241
  7525
  7759
  7944
  8077
  8158
  8186
  8161
  8084
  7954
  7773
  7541
  7261
  6934
  6562
  6147
  5693
  5202
  4677
  4123
  3541
  2937
  2313
  1675
  1026
   370
  -289
  -945
 -1595
 -2235
 -2861
 -3468
 -4052
 -4611
 -5139
 -5635
 -6094
 -6513
 -6891
 -7224
 -7510
 -7748
 -7935
 -8071
 -8156
 -8187
 -8165
 -8091
 -7964
 -7786
 -7558
 -7280
 -6956
 -6586
 -6174
 -5722
 -5234
 -4711
 -4158
 -3578
 -2975
 -2352
 -1715
 -1066
  -410
   245
   902
  1552
  2193
  2820
  3428
  4014
  4575
  5105
  5603
  6064
  6486
  6867
  7203
  7492
  7733
  7924
  8063
  8151
  8186
  8167
  8096
  7973
  7798
  7573
  7299
  6977
  6611
  6201
  5752
  5265
  4745
  4193
  3615
  3013
  2392
  1755
  1107
   452
  -206
  -863
 -1514
 -2156
 -2783
 -3393
 -3981
 -4542
 -5075
 -5575
 -6038
 -6463
 -6846
 -7185
 -7477
 -7721
 -7915
 -8057
 -8148
 -8186
 -8171
 -8103
 -7983
 -7811
 -7589
 -7318
 -6999
 -6635
 -6228
 -5781
 -5297
 -4778
 -4228
 -3651
 -3051
 -2431
 -1795
 -1147
  -493
   163
   820
  1471
  2114
  2742
  3353
  3942
  4506
  5041
  5542
  6009
  6436
  6821
  7163
  7458
  7705
  7902
  8049
  8143
  8184
  8173
  8108
  7991
  7823
  7604
  7336
  7020
  6659
  6255
  5810
  5328
  4812
  4264
  3689
  3090
  2471
  1836
  1189
   534
  -124
  -781
 -1433
 -2076
 -2706
 -3318
 -3909
 -4474
 -5010
 -5514
 -5983
 -6412
 -6800
 -7145
 -7443
 -7693
 -7893
 -8042
 -8139
 -8184
 -8176
 -8115
 -8001
 -7835
 -7619
 -7354
 -7041
 -6683
 -6281
 -5839
 -5359
 -4845
 -4299
 -3725
 -3127
 -2509
 -1875
 -1229
  -575
    81
   738
  1390
  2034
  2665
  3278
  3870
  4437
  4975
  5482
  5952
  6385
  6776
  7123
  7424
  7677
  7881
  8033
  8134
  8182
  8177
  8119
  8009
  7847
  7634
  7372
  7062
  6706
  6308
  5868
  5390
  4878
  4334
  3762
  3166
  2549
  1916
  1270
   616
   -42
  -699
 -1352
 -1997
 -2628
 -3243
 -3836
 -4405
 -4945
 -5453
 -5926
 -6361
 -6754
 -7104
 -7408
 -7664
 -7871
 -8026
 -8130
 -8181
 -8180
 -8125
 -8018
 -7859
 -7649
 -7390
 -7083
 -6730
 -6334
 -5896
 -5421
 -4911
 -4369
 -3798
 -3203
 -2587
 -1955
 -1310
  -657
     0
   656
  1309
  1954
  2587
  3202
  3797
  4368
  4910
  5420
  5896
  6333
  6729
  7082
  7389
  7648
  7858
  8017
  8124
  8179
  8180
  8129
  8025
  7870
  7663
  7407
  7103
  6753
  6360
  5925
  5452
  4944
  4403
  3835
  3241
  2627
  1996
  1351
   698
    41
  -617
 -1271
 -1917
 -2550
 -3167
 -3763
 -4335
 -4879
 -5391
 -5869
 -6309
 -6707
 -7063
 -7373
 -7635
 -7848
 -8010
 -8120
 -8178
 -8183
 -8135
 -8034
 -7881
 -7678
 -7425
 -7124
 -6777
 -6386
 -5953
 -5482
 -4976
 -4438
 -3871
 -3279
 -2665
 -2035
 -1391
  -739
   -82
   574
  1228
  1874
  2508
  3126
  3724
  4298
  4844
  5358
  5838
  6280
  6682
  7040
  7353
  7618
  7834
  8000
  8114
  8175
  8183
  8138
  8041
  7892
  7692
  7442
  7144
  6799
  6411
  5981
  5513
  5009
  4473
  3907
  3317
  2705
  2075
  1432
   780
   123
  -535
 -1190
 -1837
 -2472
 -3091
 -3690
 -4265
 -4813
 -5329
 -5811
 -6256
 -6660
 -7021
 -7337
 -7605
 -7824
 -7992
 -8109
 -8174
 -8185
 -8144
 -8050
 -7903
 -7706
 -7459
 -7164
 -6822
 -6437
 -6009
 -5543
 -5042
 -4507
 -3943
 -3354
 -2743
 -2115
 -1472
  -821
  -164
   492
  1147
  1794
  2430
  3050
  3651
  4228
  4777
  5296
  5780
  6227
  6634
  6998
  7317
  7588
  7810
  7982
  8102
  8170
  8185
  8147
  8056
  7913
  7720
  7476
  7184
  6845
  6462
  6037
  5574
  5074
  4541
  3980
  3392
  2782
  2155
  1513
   862
   205
  -453
 -1108
 -1756
 -2393
 -3014
 -3616
 -4195
 -4746
 -5267
 -5753
 -6202
 -6612
 -6978
 -7300
 -7574
 -7799
 -7974
 -8097
 -8168
 -8187
 -8152
 -8064
 -7924
 -7734
 -7493
 -7203
 -6868
 -6487
 -6065
 -5604
 -5106
 -4575
 -4015
 -3429
 -2821
 -2194
 -1553
  -902
  -246
   409
  1065
  1714
  2351
  2974
  3577
  4157
  4710
  5233
  5722
  6174
  6585
  6955
  7279
  7557
  7785
  7963
  8090
  8164
  8186
  8155
  8070
  7934
  7747
  7509
  7223
  6890
  6512
  6093
  5634
  5138
  4610
  4051
  3467
  2860
  2234
  1594
   944
   287
  -371
 -1027
 -1676
 -2314
 -2938
 -3542
 -4124
 -4679
 -5203
 -5694
 -6148
 -6563
 -6935
 -7262
 -7542
 -7774
 -7955
 -8085
 -8162
 -8187
 -8159
 -8078
 -7945
 -7760
 -7526
 -7242
 -6912
 -6537
 -6120
 -5663
 -5170
 -4643
 -4087
 -3503
 -2898
 -2273
 -1634
  -984
  -328
   327
   983
  1633
  2272
  2897
  3503
  4086
  4643
  5169
  5662
  6119
  6536
  6911
  7241
  7525
  7759
  7944
  8077
  8158
  8186
  8161
  8084
  7954
  7773
  7541
  7261
  6934
  6562
  6147
  5693
  5202
  4677
  4123
  3541
  2937
  2313
  1675
  1026
   370
  -289
  -945
 -1595
 -2235
 -2861
 -3468
 -4052
 -4611
 -5139
 -5635
 -6094
 -6513
 -6891
 -7224
 -7510
 -7748
 -7935
 -8071
 -8156
 -8187
 -8165
 -8091
 -7964
 -7786
 -7558
 -7280
 -6956
 -6586
 -6174
 -5722
 -5234
 -4711
 -4158
 -3578
 -2975
 -2352
 -1715
 -1066
  -410
   245
   902
  1552
  2193
  2820
  3428
  4014
  4575
  5105
  5603
  6064
  6486
  6867
  7203
  7492
  7733
  7924
  8063
  8151
  8186
  8167
  8096
  7973
  7798
  7573
  7299
  6977
  6611
  6201
  5752
  5265
  4745
  4193
  3615
  3013
  2392
  1755
  1107
   452
  -206
  -863
 -1514
 -2156
 -2783
 -3393
 -3981
 -4542
 -5075
 -5575
 -6038
 -6463
 -6846
 -7185
 -7477
 -7721
 -7915
 -8057
 -8148
 -8186
 -8171
 -8103
 -7983
 -7811
 -7589
 -7318
 -6999
 -6635
 -6228
 -5781
 -5297
 -4778
 -4228
 -3651
 -3051
 -2431
 -1795
 -1147
  -493
   163
   820
  1471
  2114
  2742
  3353
  3942
  4506
  5041
  5542
  6009
  6436
  6821
  7163
  7458
  7705
  7902
  8049
  8143
  8184
  8173
  8108
  7991
  7823
  7604
  7336
  7020
  6659
  6255
  5810
  5328
  4812
  4264
  3689
  3090
  2471
  1836
  1189
   534
  -124
  -781
 -1433
 -2076
 -2706
 -3318
 -3909
 -4474
 -5010
 -5514
 -5983
 -6412
 -6800
 -7145
 -7443
 -7693
 -7893
 -8042
 -8139
 -8184
 -8176
 -8115
 -8001
 -7835
 -7619
 -7354
 -7041
 -6683
 -6281
 -5839
 -5359
 -4845
 -4299
 -3725
 -3127
 -2509
 -1875
 -1229
  -575
    81
   738
  1390
  2034
  2665
  3278
  3870
  4437
  4975
  5482
  5952
  6385
  6776
  7123
  7424
  7677
  7881
  8033
  8134
  8182
  8177
  8119
  8009
  7847
  7634
  7372
  7062
  6706
  6308
  5868
  5390
  4878
  4334
  3762
  3166
  2549
  1916
  1270
   616
   -42
  -699
 -1352
 -1997
 -2628
 -3243
 -3836
 -4405
 -4945
 -5453
 -5926
 -6361
 -6754
 -7104
 -7408
 -7664
 -7871
 -8026
 -8130
 -8181
 -8180
 -8125
 -8018
 -7859
 -7649
 -7390
 -7083
 -6730
 -6334
 -5896
 -5421
 -4911
 -4369
 -3798
 -3203
 -2587
 -1955
 -1310
  -657
     0
   656
  1309
  1954
  2587
  3202
  3797
  4368
  4910
  5420
  5896
  6333
  6729
  7082
  7389
  7648
  7858
  8017
  8124
  8179
  8180
  8129
  8025
  7870
  7663
  7407
  7103
  6753
  6360
  5925
  5452
  4944
  4403
  3835
  3241
  2627
  1996
  1351
   698
    41
  -617
 -1271
 -1917
 -2550
 -3167
 -3763
 -4335
 -4879
 -5391
 -5869
 -6309
 -6708
 -7063
 -7373
 -7635
 -7848
 -8010
 -8120
 -8178
 -8183
 -8135
 -8034
 -7881
 -7678
 -7425
 -7124
 -6777
 -6386
 -5953
 -5482
 -4976
 -4438
 -3871
 -3279
 -2665
 -2035
 -1391
  -739
   -82
   574
  1228
  1874
  2508
  3126
  3724
  4298
  4844
  5358
  5838
  6280
  6682
  7040
  7353
  7618
  7834
  8000
  8114
  8175
  8183
  8138
  8041
  7892
  7692
  7442
  7144
  6799
  6411
  5981
  5513
  5009
  4473
  3907
  3317
  2705
  2075
  1432
   780
   123
  -535
 -1190
 -1837
 -2472
 -3091
 -3690
 -4265
 -4813
 -5329
 -5811
 -6256
 -6660
 -7021
 -7337
 -7605
 -7824
 -7992
 -8109
 -8174
 -8185
 -8144
 -8050
 -7903
 -7706
 -7459
 -7164
 -6822
 -6437
 -6009
 -5543
 -5042
 -4507
 -3943
 -3354
 -2743
 -2115
 -1472
  -821
  -164
   492
  1147
  1794
  2430
  3050
  3651
  4228
  4777
  5296
  5780
  6227
  6634
  6998
  7317
  7588
  7810
  7982
  8102
  8170
  8185
  8147
  8056
  7913
  7720
  7476
  7184
  6845
  6462
  6037
  5574
  5074
  4541
  3980
  3392
  2782
  2155
  1513
   862
   205
  -453
 -1108
 -1756
 -2393
 -3014
 -3616
 -4195
 -4746
 -5267
 -5753
 -6203
 -6612
 -6978
 -7300
 -7574
 -7799
 -7974
 -8097
 -8168
 -8187
 -8152
 -8064
 -7924
 -7734
 -7493
 -7203
 -6868
 -6487
 -6065
 -5604
 -5106
 -4575
 -4015
 -3429
 -2821
 -2194
 -1553
  -902
  -246
   409
  1065
  1714
  2351
  2974
  3577
  4157
  4710
  5233
  5722
  6174
  6586
  6955
  7279
  7557
  7785
  7963
  8090
  8164
  8186
  8155
  8070
  7934
  7747
  7509
  7223
  6890
  6512
  6093
  5634
  5138
  4610
  4051
  3467
  2860
  2234
  1594
   944
   287
  -371
 -1027
 -1676
 -2314
 -2938
 -3542
 -4124
 -4679
 -5203
 -5694
 -6149
 -6563
 -6935
 -7262
 -7542
 -7774
 -7955
 -8085
 -8162
 -8187
 -8159
 -8078
 -7945
 -7760
 -7526
 -7242
 -6912
 -6537
 -6120
 -5663
 -5170
 -4643
 -4087
 -3503
 -2898
 -2273
 -1634
  -984
  -328
   327
   983
  1633
  2272
  2897
  3503
  4086
  4643
  5169
  5662
  6119
  6536
  6911
  7241
  7525
  7759
  7944
  8077
  8158
  8186
  8161
  8084
  7954
  7773
  7541
  7261
  6934
  6562
  6147
  5693
  5202
  4677
  4123
  3541
  2937
  2313
  1675
  1026
   370
  -289
  -945
 -1595
 -2235
 -2861
 -3468
 -4052
 -4611
 -5140
 -5635
 -6094
 -6513
 -6891
 -7224
 -7510
 -7748
 -7935
 -8071
 -8156
 -8187
 -8165
 -8091
 -7964
 -7786
 -7558
 -7280
 -6956
 -6586
 -6174
 -5722
 -5234
 -4711
 -4158
 -3578
 -2975
 -2352
 -1715
 -1066
  -410
   245
   902
  1552
  2193
  2820
  3428
  4014
  4575
  5105
  5603
  6064
  6486
  6867
  7203
  7492
  7733
  7924
  8063
  8151
  8186
  8167
  8096
  7973
  7798
  7573
  7299
  6977
  6611
  6201
  5752
  5265
  4745
  4193
  3615
  3013
  2392
  1755
  1107
   452
  -206
  -863
 -1514
 -2156
 -2783
 -3393
 -3981
 -4542
 -5075
 -5575
 -6039
 -6463
 -6846
 -7185
 -7477
 -7721
 -7915
 -8057
 -8148
 -8186
 -8171
 -8103
 -7983
 -7811
 -7589
 -7318
 -6999
 -6635
 -6228
 -5781
 -5297
 -4778
 -4228
 -3651
 -3051
 -2431
 -1795
 -1147
  -493
   163
   820
  1471
  2114
  2742
  3353
  3942
  4506
  5041
  5542
  6009
  6436
  6822
  7163
  7458
  7705
  7902
  8049
  8143
  8184
  8173
  8108
  7991
  7823
  7604
  7336
  7020
  6659
  6255
  5810
  5328
  4812
  4264
  3689
  3090
  2471
  1836
  1189
   534
  -124
  -781
 -1433
 -2076
 -2706
 -3318
 -3909
 -4474
 -5010
 -5514
 -5983
 -6412
 -6801
 -7145
 -7443
 -7693
 -7893
 -8042
 -8139
 -8184
 -8176
 -8115
 -8001
 -7835
 -7619
 -7354
 -7041
 -6683
 -6281
 -5839
 -5359
 -4845
 -4299
 -3725
 -3127
 -2509
 -1875
 -1229
  -575
    81
   738
  1390
  2034
  2665
  3278
  3870
  4437
  4976
  5482
  5952
  6385
  6776
  7123
  7424
  7677
  7881
  8033
  8134
  8182
  8177
  8119
  8009
  7847
  7634
  7372
  7062
  6706
  6308
  5868
  5390
  4878
  4334
  3762
  3166
  2549
  1916
  1270
   616
   -42
  -699
 -1352
 -1997
 -2628
 -3243
 -3836
 -4405
 -4945
 -5453
 -5926
 -6361
 -6754
 -7104
 -7408
 -7664
 -7871
 -8026
 -8130
 -8181
 -8180
 -8125
 -8018
 -7859
 -7649
 -7390
 -7083
 -6730
 -6334
 -5896
 -5421
 -4911
 -4369
 -3798
 -3203
 -2587
 -1955
 -1310
  -657
     0
   656
  1309
  1954
  2587
  3202
  3797
  4368
  4910
  5420
  5896
  6333
  6729
  7082
  7389
  7648
  7858
  8017
  8124
  8179
  8180
  8129
  8025
  7870
  7663
  7407
  7103
  6753
  6360
  5925
  5452
  4944
  4403
  3835
  3241
  2627
  1996
  1351
   698
    41
  -617
 -1271
 -1917
 -2550
 -3167
 -3763
 -4335
 -4879
 -5392
 -5869
 -6309
 -6708
 -7063
 -7373
 -7635
 -7848
 -8010
 -8120
 -8178
 -8183
 -8135
 -8034
 -7881
 -7678
 -7425
 -7124
 -6777
 -6386
 -5953
 -5482
 -4976
 -4438
 -3871
 -3279
 -2665
 -2035
 -1391
  -739
   -82
   574
  1228
  1874
  2508
  3126
  3724
  4298
  4844
  5358
  5838
  6280
  6682
  7040
  7353
  7618
  7834
  8000
  8114
  8175
  8183
  8138
  8041
  7892
  7692
  7442
  7144
  6799
  6411
  5981
  5513
  5009
  4473
  3907
  3317
  2705
  2075
  1432
   780
   123
  -535
 -1190
 -1837
 -2472
 -3091
 -3690
 -4265
 -4813
 -5329
 -5811
 -6256
 -6660
 -7021
 -7337
 -7605
 -7824
 -7992
 -8109
 -8174
 -8185
 -8144
 -8050
 -7903
 -7706
 -7459
 -7164
 -6822
 -6437
 -6009
 -5543
 -5042
 -4507
 -3943
 -3354
 -2743
 -2115
 -1472
  -821
  -164
   492
  1147
  1794
  2430
  3050
  3651
  4228
  4777
  5296
  5780
  6227
  6634
  6998
  7317
  7588
  7810
  7982
  8102
  8170
  8185
  8147
  8056
  7913
  7720
  7476
  7184
  6845
  6462
  6037
  5574
  5074
  4541
  3980
  3392
  2782
  2155
  1513
   862
   205
  -453
 -1108
 -1756
 -2393
 -3015
 -3616
 -4195
 -4746
 -5267
 -5753
 -6203
 -6612
 -6978
 -7300
 -7574
 -7799
 -7974
 -8097
 -8168
 -8187
 -8152
 -8064
 -7924
 -7734
 -7493
 -7203
 -6868
 -6487
 -6065
 -5604
 -5106
 -4575
 -4015
 -3429
 -2821
 -2194
 -1553
  -902
  -246
   409
  1065
  1714
  2351
  2974
  3577
  4157
  4710
  5233
  5722
  6174
  6586
  6955
  7279
  7557
  7785
  7963
  8090
  8164
  8186
  8155
  8070
  7934
  7747
  7509
  7223
  6890
  6512
  6093
  5634
  5138
  4610
  4051
  3467
  2860
  2234
  1594
   944
   287
  -371
 -1027
 -1676
 -2314
 -2938
 -3542
 -4124
 -4679
 -5203
 -5694
 -6149
 -6563
 -6935
 -7262
 -7542
 -7774
 -7955
 -8085
 -8162
 -8187
 -8159
 -8078
 -7945
 -7760
 -7526
 -7242
 -6912
 -6537
 -6120
 -5663
 -5170
 -4643
 -4087
 -3503
 -2898
 -2273
 -1634
  -984
  -328
   327
   983
  1633
  2272
  2897
  3503
  4086
  4643
  5169
  5662
  6119
  6536
  6911
  7241
  7525
  7759
  7944
  8077
  8158
  8186
  8161
  8084
  7954
  7773
  7541
  7261
  6934
  6562
  6147
  5693
  5202
  4677
  4123
  3541
  2937
  2313
  1675
  1026
   370
  -289
  -945
 -1595
 -2235
 -2861
 -3468
 -4052
 -4611
 -5140
 -5635
 -6094
 -6513
 -6891
 -7224
 -7510
 -7748
 -7935
 -8071
 -8156
 -8187
 -8165
 -8091
 -7964
 -7786
 -7558
 -7280
 -6956
 -6586
 -6174
 -5722
 -5234
 -4711
 -4158
 -3578
 -2975
 -2352
 -1715
 -1066
  -410
   245
   902
  1553
  2193
  2820
  3428
  4014
  4575
  5105
  5603
  6064
  6486
  6867
  7203
  7492
  7733
  7924
  8063
  8151
  8186
  8167
  8096
  7973
  7798
  7573
  7299
  6977
  6611
  6201
  5752
  5265
  4745
  4193
  3615
  3013
  2392
  1755
  1107
   452
  -206
  -863
 -1515
 -2156
 -2784
 -3393
 -3981
 -4543
 -5075
 -5575
 -6039
 -6463
 -6846
 -7185
 -7477
 -7721
 -7915
 -8057
 -8148
 -8186
 -8171
 -8103
 -7983
 -7811
 -7589
 -7318
 -6999
 -6635
 -6228
 -5781
 -5297
 -4778
 -4228
 -3651
 -3051
 -2431
 -1795
 -1147
  -493
   163
   820
  1472
  2114
  2742
  3353
  3942
  4506
  5041
  5542
  6009
  6436
  6822
  7163
  7458
  7705
  7902
  8049
  8143
  8184
  8173
  8108
  7991
  7823
  7604
  7336
  7020
  6659
  6255
  5810
  5328
  4812
  4264
  3689
  3090
  2471
  1836
  1189
   534
  -124
  -781
 -1434
 -2076
 -2706
 -3318
 -3909
 -4474
 -5010
 -5514
 -5983
 -6412
 -6801
 -7145
 -7443
 -7693
 -7893
 -8042
 -8139
 -8184
 -8176
 -8115
 -8001
 -7835
 -7619
 -7354
 -7041
 -6683
 -6281
 -5839
 -5359
 -4845
 -4299
 -3725
 -3127
 -2509
 -1875
 -1229
  -575
    82
   738
  1391
  2034
  2665
  3278
  3870
  4437
  4976
  5482
  5952
  6385
  6776
  7123
  7424
  7677
  7881
  8033
  8134
  8182
  8177
  8119
  8009
  7847
  7634
  7372
  7062
  6706
  6308
  5868
  5390
  4878
  4334
  3762
  3166
  2549
  1916
  1270
   616
   -42
  -699
 -1353
 -1997
 -2628
 -3243
 -3836
 -4405
 -4945
 -5453
 -5926
 -6361
 -6754
 -7104
 -7408
 -7664
 -7871
 -8026
 -8130
 -8181
 -8180
 -8125
 -8018
 -7859
 -7649
 -7390
 -7083
 -6730
 -6334
 -5896
 -5421
 -4911
 -4369
 -3798
 -3203
 -2587
 -1955
 -1310
  -657
     0
   656
  1309
  1954
  2587
  3202
  3797
  4368
  4910
  5420
  5896
  6333
  6729
  7082
  7389
  7648
  7858
  8017
  8124
  8179
  8180
  8129
  8025
  7870
  7663
  7407
  7103
  6753
  6360
  5925
  5452
  4944
  4403
  3835
  3241
  2627
  1996
  1351
   698
    40
  -617
 -1271
 -1917
 -2550
 -3167
 -3763
 -4335
 -4879
 -5392
 -5869
 -6309
 -6708
 -7063
 -7373
 -7635
 -7848
 -8010
 -8120
 -8178
 -8183
 -8135
 -8034
 -7881
 -7678
 -7425
 -7124
 -6777
 -6386
 -5953
 -5482
 -4976
 -4438
 -3871
 -3279
 -2665
 -2035
 -1391
  -738
   -82
   574
  1228
  1874
  2509
  3126
  3724
  4298
  4844
  5358
  5838
  6280
  6682
  7040
  7353
  7618
  7834
  8000
  8114
  8175
  8183
  8138
  8041
  7892
  7692
  7442
  7144
  6799
  6411
  5981
  5513
  5009
  4473
  3907
  3317
  2705
  2075
  1432
   780
   123
  -535
 -1190
 -1837
 -2472
 -3091
 -3690
 -4265
 -4813
 -5329
 -5811
 -6256
 -6660
 -7021
 -7337
 -7605
 -7824
 -7992
 -8109
 -8174
 -8185
 -8144
 -8050
 -7903
 -7706
 -7459
 -7164
 -6822
 -6437
 -6009
 -5543
 -5042
 -4507
 -3943
 -3354
 -2743
 -2115
 -1472
  -820
  -164
   492
  1147
  1794
  2430
  3050
  3651
  4228
  4777
  5296
  5780
  6227
  6634
  6998
  7317
  7588
  7810
  7982
  8102
  8170
  8185
  8147
  8056
  7913
  7720
  7476
  7184
  6845
  6462
  6037
  5574
  5074
  4541
  3980
  3392
  2782
  2155
  1513
   862
   205
  -453
 -1108
 -1756
 -2393
 -3015
 -3616
 -4195
 -4746
 -5267
 -5753
 -6203
 -6612
 -6978
 -7300
 -7574
 -7799
 -7974
 -8097
 -8168
 -8187
 -8152
 -8064
 -7924
 -7734
 -7493
 -7203
 -6868
 -6487
 -6065
 -5604
 -5106
 -4575
 -4015
 -3429
 -2821
 -2194
 -1553
  -902
  -246
   410
  1065
  1714
  2351
  2974
  3577
  4157
  4710
  5233
  5722
  6174
  6586
  6955
  7279
  7557
  7785
  7963
  8090
  8164
  8186
  8155
  8070
  7934
  7747
  7509
  7223
  6890
  6512
  6093
  5634
  5138
  4610
  4051
  3467
  2860
  2234
  1594
   944
   287
  -371
 -1027
 -1676
 -2314
 -2938
 -3542
 -4124
 -4679
 -5203
 -5694
 -6149
 -6563
 -6935
 -7262
 -7542
 -7774
 -7955
 -8085
 -8162
 -8187
 -8159
 -8078
 -7945
 -7760
 -7526
 -7242
 -6912
 -6537
 -6120
 -5663
 -5170
 -4643
 -4087
 -3503
 -2898
 -2273
 -1634
  -984
  -328
   328
   983
  1633
  2272
  2897
  3503
  4086
  4643
  5169
  5662
  6119
  6536
  6911
  7241
  7525
  7759
  7944
  8077
  8158
  8186
  8161
  8084
  7954
  7773
  7541
  7261
  6934
  6562
  6147
  5693
  5202
  4677
  4123
  3541
  2936
  2313
  1675
  1025
   370
  -289
  -945
 -1595
 -2235
 -2861
 -3468
 -4052
 -4611
 -5140
 -5635
 -6094
 -6513
 -6891
 -7224
 -7510
 -7748
 -7935
 -8071
 -8156
 -8187
 -8165
 -8091
 -7964
 -7786
 -7558
 -7280
 -6956
 -6586
 -6174
 -5722
 -5234
 -4711
 -4158
 -3578
 -2974
 -2352
 -1714
 -1066
  -410
   246
   902
  1553
  2193
  2820
  3428
  4014
  4575
  5105
  5603
  6064
  6486
  6867
  7203
  7492
  7733
  7924
  8063
  8151
  8186
  8167
  8096
  7973
  7798
  7573
  7299
  6977
  6611
  6201
  5752
  5265
  4745
  4193
  3615
  3013
  2392
  1755
  1107
   452
  -206
  -863
 -1515
 -2156
 -2784
 -3393
 -3981
 -4543
 -5075
 -5575
 -6039
 -6463
 -6846
 -7185
 -7477
 -7721
 -7915
 -8057
 -8148
 -8186
 -8171
 -8103
 -7983
 -7811
 -7589
 -7318
 -6999
 -6635
 -6228
 -5781
 -5297
 -4778
 -4228
 -3651
 -3051
 -2431
 -1795
 -1147
  -492
   164
   820
  1472
  2114
  2742
  3353
  3942
  4506
  5041
  5542
  6009
  6436
  6822
  7163
  7458
  7705
  7902
  8049
  8143
  8184
  8173
  8108
  7991
  7823
  7604
  7336
  7020
  6659
  6255
  5810
  5328
  4812
  4264
  3689
  3090
  2470
  1835
  1189
   534
  -124
  -781
 -1434
 -2076
 -2706
 -3318
 -3909
 -4474
 -5010
 -5514
 -5983
 -6412
 -6801
 -7145
 -7443
 -7693
 -7893
 -8042
 -8139
 -8184
 -8176
 -8115
 -8001
 -7835
 -7619
 -7354
 -7041
 -6683
 -6281
 -5839
 -5359
 -4845
 -4299
 -3725
 -3127
 -2509
 -1875
 -1229
  -574
    82
   738
  1391
  2034
  2665
  3278
  3870
  4437
  4976
  5482
  5952
  6385
  6776
  7123
  7424
  7677
  7881
  8033
  8134
  8182
  8177
  8119
  8009
  7847
  7634
  7372
  7062
  6706
  6308
  5868
  5390
  4878
  4334
  3762
  3166
  2549
  1916
  1270
   616
   -42
  -699
 -1353
 -1997
 -2628
 -3243
 -3836
 -4405
 -4945
 -5453
 -5926
 -6361
 -6754
 -7104
 -7408
 -7664
 -7871
 -8026
 -8130
 -8181
 -8180
 -8125
 -8018
 -7859
 -7649
 -7390
 -7083
 -6730
 -6334
 -5896
 -5421
 -4911
 -4369
 -3798
 -3203
 -2587
 -1955
 -1310
  -656
     0
   656
  1309
  1954
  2587
  3202
  3797
  4368
  4910
  5420
  5896
  6333
  6729
  7082
  7389
  7648
  7858
  8017
  8124
  8179
  8180
  8129
  8025
  7870
  7663
  7407
  7103
  6753
  6360
  5925
  5452
  4944
  4403
  3835
  3241
  2627
  1995
  1351
   698
    40
  -617
 -1271
 -1917
 -2550
 -3167
 -3763
 -4335
 -4879
 -5392
 -5869
 -6309
 -6708
 -7063
 -7373
 -7635
 -7848
 -8010
 -8120
 -8178
 -8183
 -8135
 -8034
 -7881
 -7678
 -7425
 -7124
 -6777
 -6386
 -5953
 -5482
 -4976
 -4438
 -3871
 -3279
 -2665
 -2035
 -1391
  -738
   -82
   574
  1228
  1874
  2509
  3126
  3724
  4298
  4844
  5358
  5838
  6280
  6682
  7040
  7353
  7618
  7834
  8000
  8114
  8175
  8183
  8138
  8041
  7892
  7692
  7442
  7144
  6799
  6411
  5981
  5513
  5009
  4473
  3907
  3317
  2705
  2075
  1432
   780
   123
  -535
 -1190
 -1837
 -2472
 -3091
 -3690
 -4265
 -4813
 -5329
 -5811
 -6256
 -6660
 -7021
 -7337
 -7605
 -7824
 -7992
 -8109
 -8174
 -8185
 -8144
 -8050
 -7903
 -7706
 -7459
 -7164
 -6822
 -6437
 -6009
 -5543
 -5041
 -4507
 -3943
 -3354
 -2743
 -2114
 -1472
  -820
  -164
   492
  1147
  1794
  2430
  3050
  3651
  4228
  4777
  5296
  5780
  6227
  6634
  6998
  7317
  7588
  7810
  7982
  8102
  8170
  8185
  8147
  8056
  7913
  7720
  7476
  7184
  6845
  6462
  6037
  5574
  5074
  4541
  3979
  3392
  2782
  2155
  1513
   862
   205
  -453
 -1108
 -1756
 -2393
 -3015
 -3616
 -4195
 -4746
 -5267
 -5753
 -6203
 -6612
 -6978
 -7300
 -7574
 -7799
 -7974
 -8097
 -8168
 -8187
 -8152
 -8064
 -7924
 -7734
 -7493
 -7203
 -6868
 -6487
 -6065
 -5604
 -5106
 -4575
 -4015
 -3429
 -2820
 -2194
 -1553
  -902
  -246
   410
  1065
  1714
  2351
  2974
  3577
  4157
  4710
  5233
  5722
  6174
  6586
  6955
  7279
  7557
  7785
  7963
  8090
  8164
  8186
  8155
  8070
  7934
  7747
  7509
  7223
  6890
  6512
  6093
  5634
  5138
  4610
  4051
  3467
  2860
  2234
  1594
   944
   287
  -371
 -1027
 -1676
 -2314
 -2938
 -3542
 -4124
 -4679
 -5203
 -5694
 -6149
 -6563
 -6935
 -7262
 -7542
 -7774
 -7955
 -8085
 -8162
 -8187
 -8159
 -8078
 -7945
 -7760
 -7526
 -7242
 -6912
 -6537
 -6120
 -5663
 -5170
 -4643
 -4087
 -3503
 -2897
 -2273
 -1634
  -984
  -328
   328
   983
  1633
  2272
  2897
  3503
  4086
  4643
  5169
  5662
  6119
  6536
  6911
  7241
  7525
  7759
  7944
  8077
  8158
  8186
  8161
  8084
  7954
  7773
  7541
  7261
  6934
  6562
  6147
  5693
  5202
  4677
  4122
  3541
  2936
  2313
  1675
  1025
   370
  -289
  -945
 -1595
 -2235
 -2861
 -3468
 -4052
 -4611
 -5140
 -5635
 -6094
 -6513
 -6891
 -7224
 -7510
 -7748
 -7935
 -8071
 -8156
 -8187
 -8165
 -8091
 -7964
 -7786
 -7558
 -7280
 -6956
 -6586
 -6174
 -5722
 -5234
 -4711
 -4158
 -3578
 -2974
 -2352
 -1714
 -1066
  -410
   246
   902
  1553
  2193
  2820
  3428
  4014
  4575
  5105
  5603
  6064
  6486
  6867
  7203
  7492
  7733
  7924
  8063
  8151
  8186
  8167
  8096
  7973
  7798
  7573
  7299
  6977
  6611
  6201
  5752
  5265
  4745
  4193
  3615
  3013
  2392
  1755
  1107
   452
  -206
  -863
 -1515
 -2156
 -2784
 -3393
 -3981
 -4543
 -5075
 -5575
 -6039
 -6463
 -6846
 -7185
 -7477
 -7721
 -7915
 -8057
 -8148
 -8186
 -8171
 -8103
 -7983
 -7811
 -7589
 -7318
 -6999
 -6635
 -6228
 -5781
 -5297
 -4778
 -4228
 -3651
 -3051
 -2431
 -1795
 -1147
  -492
   164
   820
  1472
  2114
  2742
  3353
  3942
  4506
  5041
  5542
  6009
  6436
  6822
  7163
  7458
  7705
  7902
  8049
  8143
  8184
  8173
  8108
  7991
  7823
  7604
  7336
  7020
  6659
  6255
  5810
  5328
  4812
  4264
  3689
  3090
  2470
  1835
  1189
   534
  -124
  -781
 -1434
 -2076
 -2706
 -3318
 -3909
 -4474
 -5010
 -5514
 -5983
 -6412
 -6801
 -7145
 -7443
 -7693
 -7893
 -8042
 -8139
 -8184
 -8176
 -8115
 -8001
 -7835
 -7619
 -7354
 -7041
 -6683
 -6281
 -5839
 -5359
 -4845
 -4299
 -3725
 -3127
 -2509
 -1875
 -1229
  -574
    82
   738
  1391
  2034
  2665
  3278
  3870
  4437
  4976
  5482
  5952
  6385
  6776
  7123
  7424
  7677
  7881
  8033
  8134
  8182
  8177
  8119
  8009
  7847
  7634
  7372
  7062
  6706
  6308
  5868
  5390
  4878
  4334
  3762
  3166
  2549
  1916
  1270
   616
   -42
  -699
 -1353
 -1997
 -2628
 -3243
 -3836
 -4405
 -4945
 -5453
 -5926
 -6361
 -6754
 -7104
 -7408
 -7664
 -7871
 -8026
 -8130
 -8181
 -8180
 -8125
 -8018
 -7859
 -7649
 -7390
 -7083
 -6730
 -6334
 -5896
 -5421
 -4911
 -4369
 -3798
 -3203
 -2587
 -1955
 -1310
  -656
     0
   656
  1309
  1954
  2587
  3202
  3797
  4368
  4910
  5420
  5896
  6333
  6729
  7082
  7389
  7648
  7858
  8017
  8124
  8179
  8180
  8129
  8025
  7870
  7663
  7407
  7103
  6753
  6360
  5925
  5452
  4944
  4403
  3835
  3241
  2627
  1995
  1351
   698
    40
  -617
 -1271
 -1917
 -2550
 -3167
 -3763
 -4335
 -4879
 -5392
 -5869
 -6309
 -6708
 -7063
 -7373
 -7635
 -7848
 -8010
 -8120
 -8178
 -8183
 -8135
 -8034
 -7881
 -7678
 -7425
 -7124
 -6776
 -6386
 -5953
 -5482
 -4976
 -4438
 -3871
 -3279
 -2665
 -2035
 -1391
  -738
   -82
   574
  1228
  1874
  2509
  3126
  3724
  4298
  4844
  5358
  5838
  6280
  6682
  7040
  7353
  7618
  7834
  8000
  8114
  8175
  8183
  8138
  8041
  7892
  7692
  7442
  7144
  6799
  6411
  5981
  5513
  5009
  4473
  3907
  3317
  2705
  2075
  1432
   780
   123
  -535
 -1190
 -1837
 -2472
 -3091
 -3690
 -4265
 -4813
 -5329
 -5811
 -6256
 -6660
 -7021
 -7337
 -7605
 -7824
 -7992
 -8109
 -8174
 -8185
 -8144
 -8050
 -7903
 -7706
 -7459
 -7164
 -6822
 -6437
 -6009
 -5543
 -5041
 -4507
 -3943
 -3354
 -2743
 -2114
 -1472
  -820
  -164
   492
  1147
  1794
  2430
  3050
  3651
  4228
  4777
  5296
  5780
  6227
  6634
  6998
  7317
  7588
  7810
  7982
  8102
  8170
  8185
  8147
  8056
  7913
  7720
  7476
  7184
  6845
  6462
  6037
  5574
  5074
  4541
  3979
  3392
  2782
  2155
  1513
   862
   205
  -453
 -1108
 -1756
 -2393
 -3015
 -3616
 -4195
 -4746
 -5267
 -5753
 -6203
 -6612
 -6978
 -7300
 -7574
 -7799
 -7974
 -8097
 -8168
 -8187
 -8152
 -8064
 -7924
 -7734
 -7493
 -7203
 -6867
 -6487
 -6065
 -5604
 -5106
 -4575
 -4015
 -3429
 -2820
 -2194
 -1553
  -902
  -246
   410
  1065
  1714
  2351
  2974
  3577
  4157
  4710
  5233
  5722
  6174
  6586
  6955
  7279
  7557
  7785
  7963
  8090
  8164
  8186
  8155
  8070
  7934
  7747
  7509
  7223
  6890
  6512
  6093
  5634
  5138
  4610
  4051
  3467
  2860
  2234
  1594
   944
   287
  -371
 -1027
 -1676
 -2314
 -2938
 -3542
 -4124
 -4679
 -5203
 -5694
 -6149
 -6563
 -6935
 -7262
 -7542
 -7774
 -7955
 -8085
 -8162
 -8187
 -8159
 -8078
 -7945
 -7760
 -7526
 -7242
 -6912
 -6537
 -6120
 -5663
 -5170
 -4643
 -4087
 -3503
 -2897
 -2273
 -1634
  -984
  -328
   328
   983
  1633
  2272
  2897
  3503
  4086
  4643
  5169
  5662
  6119
  6536
  6911
  7241
  7525
  7759
  7944
  8077
  8158
  8186
  8161
  8084
  7954
  7773
  7541
  7261
  6934
  6562
  6147
  5693
  5202
  4677
  4122
  3541
  2936
  2313
  1675
  1025
   370
  -289
  -945
 -1595
 -2235
 -2861
 -3468
 -4052
 -4611
 -5140
 -5635
 -6094
 -6513
 -6891
 -7224
 -7510
 -7748
 -7935
 -8071
 -8156
 -8187
 -8165
 -8091
 -7964
 -7786
 -7558
 -7280
 -6956
 -6586
 -6174
 -5722
 -5234
 -4711
 -4158
 -3578
 -2974
 -2352
 -1714
 -1066
  -410
   246
   902
  1553
  2193
  2820
  3428
  4014
  4575
  5105
  5603
  6064
  6486
  6867
  7203
  7492
  7733
  7924
  8063
  8151
  8186
  8167
  8096
  7973
  7798
  7573
  7299
  6977
  6611
  6201
  5752
  5265
  4745
  4193
  3615
  3013
  2392
  1755
  1107
   452
  -206
  -863
 -1515
 -2156
 -2784
 -3393
 -3981
 -4543
 -5075
 -5575
 -6039
 -6463
 -6846
 -7185
 -7477
 -7721
 -7915
 -8057
 -8148
 -8186
 -8171
 -8103
 -7983
 -7811
 -7589
 -7318
 -6999
 -6635
 -6228
 -5781
 -5297
 -4778
 -4228
 -3651
 -3051
 -2431
 -1795
 -1147
  -492
   164
   820
  1472
  2114
  2742
  3353
  3942
  4506
  5041
  5542
  6009
  6436
  6822
  7163
  7458
  7705
  7902
  8049
  8143
  8184
  8173
  8108
  7991
  7823
  7604
  7336
  7020
  6659
  6255
  5810
  5328
  4812
  4264
  3689
  3090
  2470
  1835
  1189
   534
  -124
  -781
 -1434
 -2076
 -2706
 -3318
 -3909
 -4474
 -5010
 -5514
 -5983
 -6412
 -6801
 -7145
 -7443
 -7693
 -7893
 -8042
 -8139
 -8184
 -8176
 -8115
 -8001
 -7835
 -7619
 -7354
 -7041
 -6683
 -6281
 -5839
 -5359
 -4845
 -4299
 -3725
 -3127
 -2509
 -1875
 -1229
  -574
    82
   738
  1391
  2034
  2665
  3278
  3870
  4437
  4976
  5482
  5952
  6385
  6776
  7123
  7424
  7677
  7881
  8033
  8134
  8182
  8177
  8119
  8009
  7847
  7634
  7372
  7062
  6706
  6308
  5868
  5390
  4878
  4334
  3762
  3166
  2549
  1916
  1270
   616
   -42
  -699
 -1353
 -1997
 -2628
 -3243
 -3836
 -4405
 -4945
 -5453
 -5926
 -6361
 -6754
 -7104
 -7408
 -7664
 -7871
 -8026
 -8130
 -8181
 -8180
 -8125
 -8018
 -7859
 -7649
 -7390
 -7083
 -6730
 -6334
 -5896
 -5421
 -4911
 -4369
 -3798
 -3203
 -2587
 -1955
 -1310
  -656
     0
   656
  1309
  1954
  2587
  3202
  3797
  4368
  4910
  5420
  5896
  6333
  6729
  7082
  7389
  7648
  7858
  8017
  8124
  8179
  8180
  8129
  8025
  7870
  7663
  7407
  7103
  6753
  6360
  5925
  5452
  4944
  4403
  3835
  3241
  2627
  1995
  1351
   698
    40
  -617
 -1271
 -1917
 -2550
 -3167
 -3763
 -4335
 -4879
 -5392
 -5869
 -6309
 -6708
 -7063
 -7373
 -7635
 -7848
 -8010
 -8120
 -8178
 -8183
 -8135
 -8034
 -7881
 -7678
 -7425
 -7124
 -6776
 -6386
 -5953
 -5482
 -4976
 -4438
 -3871
 -3279
 -2665
 -2035
 -1391
  -738
   -82
   574
  1228
  1874
  2509
  3126
  3724
  4298
  4844
  5358
  5838
  6280
  6682
  7040
  7353
  7618
  7834
  8000
  8114
  8175
  8183
  8138
  8041
  7892
  7692
  7442
  7144
  6799
  6411
  5981
  5513
  5009
  4473
  3907
  3317
  2705
  2075
  1432
   780
   123
  -535
 -1190
 -1837
 -2472
 -3091
 -3690
 -4265
 -4813
 -5329
 -5811
 -6256
 -6660
 -7021
 -7337
 -7605
 -7824
 -7992
 -8109
 -8174
 -8185
 -8144
 -8050
 -7903
 -7706
 -7459
 -7164
 -6822
 -6437
 -6009
 -5543
 -5041
 -4507
 -3943
 -3354
 -2743
 -2114
 -1472
  -820
  -164
   492
  1147
  1794
  2430
  3050
  3651
  4228
  4777
  5296
  5780
  6227
  6634
  6998
  7317
  7588
  7810
  7982
  8102
  8170
  8185
  8147
  8056
  7913
  7720
  7476
  7184
  6845
  6462
  6037
  5574
  5074
  4541
  3979
  3392
  2782
  2155
  1513
   862
   205
  -453
 -1108
 -1756
 -2393
 -3015
 -3616
 -4195
 -4746
 -5267
 -5753
 -6203
 -6612
 -6978
 -7300
 -7574
 -7799
 -7974
 -8097
 -8168
 -8187
 -8152
 -8064
 -7924
 -7734
 -7493
 -7203
 -6867
 -6487
 -6065
 -5604
 -5106
 -4575
 -4015
 -3429
 -2820
 -2194
 -1553
  -902
  -246
   410
  1065
  1714
  2351
  2974
  3577
  4157
  4710
  5233
  5722
  6174
  6586
  6955
  7279
  7557
  7785
  7963
  8090
  8164
  8186
  8155
  8070
  7934
  7747
  7509
  7223
  6890
  6512
  6093
  5634
  5138
  4610
  4051
  3467
  2860
  2234
  1594
   944
   287
  -371
 -1027
 -1676
 -2314
 -2938
 -3542
 -4124
 -4679
 -5203
 -5694
 -6149
 -6563
 -6935
 -7262
 -7542
 -7774
 -7955
 -8085
 -8162
 -8187
 -8159
 -8078
 -7945
 -7760
 -7526
 -7242
 -6912
 -6537
 -6120
 -5663
 -5170
 -4643
 -4087
 -3503
 -2897
 -2273
 -1634
  -984
  -328
   328
   983
  1633
  2272
  2897
  3503
  4086
  4643
  5169
  5662
  6119
  6536
  6911
  7241
  7525
  7759
  7944
  8077
  8158
  8186
  8161
  8084
  7954
  7773
  7541
  7261
  6934
  6562
  6147
  5693
  5202
  4677
  4122
  3541
  2936
  2313
  1675
  1025
   370
  -289
  -945
 -1595
 -2235
 -2861
 -3468
 -4052
 -4611
 -5140
 -5635
 -6094
 -6513
 -6891
 -7224
 -7510
 -7748
 -7935
 -8071
 -8156
 -8187
 -8165
 -8091
 -7964
 -7786
 -7558
 -7280
 -6956
 -6586
 -6174
 -5722
 -5234
 -4711
 -4158
 -3578
 -2974
 -2352
 -1714
 -1066
  -410
   246
   902
  1553
  2193
  2820
  3428
  4014
  4575
  5105
  5603
  6064
  6486
  6867
  7203
  7492
  7733
  7924
  8063
  8151
  8186
  8167
  8096
  7973
  7798
  7573
  7299
  6977
  6611
  6201
  5752
  5265
  4745
  4193
  3615
  3013
  2392
  1755
  1107
   452
  -206
  -863
 -1515
 -2156
 -2784
 -3393
 -3981
 -4543
 -5075
 -5575
 -6039
 -6463
 -6846
 -7185
 -7477
 -7721
 -7915
 -8057
 -8148
 -8186
 -8171
 -8103
 -7983
 -7811
 -7589
 -7318
 -6999
 -6635
 -6228
 -5781
 -5297
 -4778
 -4228
 -3651
 -3051
 -2431
 -1795
 -1147
  -492
   164
   820
  1472
  2114
  2742
  3353
  3942
  4506
  5041
  5542
  6009
  6436
  6822
  7163
  7458
  7705
  7903
  8049
  8143
  8184
  8173
  8108
  7991
  7823
  7604
  7336
  7020
  6659
  6255
  5810
  5328
  4812
  4264
  3689
  3090
  2470
  1835
  1189
   534
  -124
  -781
 -1434
 -2076
 -2706
 -3318
 -3909
 -4474
 -5010
 -5514
 -5983
 -6412
 -6801
 -7145
 -7443
 -7693
 -7893
 -8042
 -8139
 -8184
 -8176
 -8115
 -8001
 -7835
 -7619
 -7354
 -7041
 -6683
 -6281
 -5839
 -5359
 -4845
 -4299
 -3725
 -3127
 -2509
 -1875
 -1229
  -574
    82
   738
  1391
  2034
  2665
  3278
  3870
  4437
  4976
  5482
  5952
  6385
  6776
  7123
  7424
  7677
  7881
  8033
  8134
  8182
  8177
  8119
  8009
  7847
  7634
  7372
  7062
  6706
  6308
  5868
  5390
  4878
  4334
  3762
  3166
  2549
  1916
  1270
   616
   -42
  -699
 -1353
 -1997
 -2628
 -3243
 -3836
 -4405
 -4945
 -5453
 -5926
 -6361
 -6754
 -7104
 -7408
 -7664
 -7871
 -8026
 -8130
 -8181
 -8180
 -8125
 -8018
 -7859
 -7649
 -7390
 -7083
 -6730
 -6334
 -5896
 -5421
 -4911
 -4369
 -3798
 -3203
 -2587
 -1955
 -1310
  -656
     0
   656
  1309
  1954
  2587
  3202
  3797
  4368
  4910
  5420
  5896
  6333
  6729
  7082
  7389
  7648
  7858
  8017
  8124
  8179
  8180
  8129
  8025
  7870
  7663
  7407
  7103
  6753
  6360
  5925
  5452
  4944
  4403
  3835
  3241
  2627
  1995
  1351
   698
    40
  -617
 -1271
 -1917
 -2550
 -3167
 -3763
 -4335
 -4879
 -5392
 -5869
 -6309
 -6708
 -7063
 -7373
 -7635
 -7848
 -8010
 -8120
 -8178
 -8183
 -8135
 -8034
 -7881
 -7678
 -7425
 -7124
 -6776
 -6386
 -5953
 -5482
 -4976
 -4438
 -3871
 -3279
 -2665
 -2035
 -1391
  -738
   -82
   574
  1228
  1874
  2509
  3126
  3724
  4298
  4844
  5358
  5838
  6280
  6682
  7040
  7353
  7619
  7834
  8000
  8114
  8175
  8183
  8138
  8041
  7892
  7692
  7442
  7144
  6799
  6411
  5981
  5513
  5009
  4473
  3907
  3317
  2705
  2075
  1432
   780
   123
  -535
 -1190
 -1837
 -2472
 -3091
 -3690
 -4265
 -4813
 -5329
 -5811
 -6256
 -6660
 -7021
 -7337
 -7605
 -7824
 -7992
 -8109
 -8174
 -8185
 -8144
 -8050
 -7903
 -7706
 -7459
 -7164
 -6822
 -6437
 -6009
 -5543
 -5041
 -4507
 -3943
 -3354
 -2743
 -2114
 -1472
  -820
  -164
   492
  1147
  1794
  2430
  3050
  3651
  4228
  4777
  5296
  5780
  6227
  6634
  6998
  7317
  7588
  7810
  7982
  8102
  8170
  8185
  8147
  8056
  7913
  7720
  7476
  7184
  6845
  6462
  6037
  5574
  5074
  4541
  3979
  3392
  2782
  2155
  1513
   862
   205
  -453
 -1108
 -1756
 -2393
 -3015
 -3616
 -4195
 -4746
 -5267
 -5753
 -6203
 -6612
 -6978
 -7300
 -7574
 -7799
 -7974
 -8097
 -8168
 -8187
 -8152
 -8064
 -7924
 -7734
 -7493
 -7203
 -6867
 -6487
 -6065
 -5604
 -5106
 -4575
 -4015
 -3429
 -2820
 -2194
 -1553
  -902
  -246
   410
  1065
  1714
  2351
  2974
  3577
  4157
  4710
  5233
  5722
  6174
  6586
  6955
  7279
  7557
  7785
  7963
  8090
  8164
  8186
  8155
  8070
  7934
  7747
  7509
  7223
  6890
  6512
  6093
  5634
  5138
  4610
  4051
  3467
  2860
  2234
  1594
   944
   287
  -371
 -1027
 -1676
 -2314
 -2938
 -3542
 -4124
 -4679
 -5203
 -5694
 -6149
 -6563
 -6935
 -7262
 -7542
 -7774
 -7955
 -8085
 -8162
 -8187
 -8159
 -8078
 -7945
 -7760
 -7526
 -7242
 -6912
 -6537
 -6120
 -5663
 -5170
 -4643
 -4087
 -3503
 -2897
 -2273
 -1634
  -984
  -328
   328
   983
  1633
  2272
  2897
  3503
  4086
  4643
  5169
  5663
  6119
  6536
  6911
  7241
  7525
  7759
  7944
  8077
  8158
  8186
  8161
  8084
  7954
  7773
  7541
  7261
  6934
  6562
  6147
  5693
  5202
  4677
  4122
  3541
  2936
  2313
  1675
  1025
   370
  -289
  -945
 -1595
 -2235
 -2861
 -3468
 -4052
 -4611
 -5140
 -5635
 -6094
 -6513
 -6891
 -7224
 -7510
 -7748
 -7935
 -8071
 -8156
 -8187
 -8165
 -8091
 -7964
 -7786
 -7558
 -7280
 -6956
 -6586
 -6174
 -5722
 -5234
 -4711
 -4158
 -3578
 -2974
 -2352
 -1714
 -1066
  -410
   246
   902
  1553
  2193
  2820
  3428
  4014
  4575
  5105
  5603
  6064
  6487
  6867
  7203
  7492
  7733
  7924
  8063
  8151
  8186
  8167
  8096
  7973
  7798
  7573
  7299
  6977
  6611
  6201
  5752
  5265
  4745
  4193
  3615
  3013
  2392
  1755
  1107
   452
  -206
  -863
 -1515
 -2156
 -2784
 -3393
 -3981
 -4543
 -5075
 -5575
 -6039
 -6463
 -6846
 -7185
 -7477
 -7721
 -7915
 -8057
 -8148
 -8186
 -8171
 -8103
 -7983
 -7811
 -7589
 -7318
 -6999
 -6635
 -6228
 -5781
 -5297
 -4778
 -4228
 -3651
 -3051
 -2431
 -1795
 -1147
  -492
   164
   820
  1472
  2114
  2742
  3353
  3942
  4506
  5041
  5543
  6009
  6436
  6822
  7163
  7458
  7705
  7903
  8049
  8143
  8184
  8173
  8108
  7991
  7823
  7604
  7336
  7020
  6659
  6255
  5810
  5328
  4812
  4264
  3689
  3090
  2470
  1835
  1189
   534
  -124
  -781
 -1434
 -2076
 -2706
 -3318
 -3909
 -4474
 -5011
 -5514
 -5983
 -6412
 -6801
 -7145
 -7443
 -7693
 -7893
 -8042
 -8139
 -8184
 -8176
 -8115
 -8001
 -7835
 -7619
 -7354
 -7041
 -6683
 -6281
 -5839
 -5359
 -4845
 -4299
 -3725
 -3127
 -2509
 -1875
 -1229
  -574
    82
   738
  1391
  2034
  2665
  3278
  3870
  4437
  4976
  5482
  5952
  6385
  6776
  7123
  7424
  7677
  7881
  8033
  8134
  8182
  8177
  8119
  8009
  7847
  7634
  7372
  7062
  6706
  6308
  5868
  5390
  4878
  4334
  3762
  3166
  2549
  1916
  1270
   616
   -42
  -699
 -1353
 -1997
 -2628
 -3243
 -3836
 -4405
 -4945
 -5453
 -5926
 -6361
 -6754
 -7104
 -7408
 -7664
 -7871
 -8026
 -8130
 -8181
 -8180
 -8125
 -8018
 -7859
 -7649
 -7390
 -7083
 -6730
 -6334
 -5896
 -5421
 -4911
 -4369
 -3798
 -3203
 -2587
 -1955
 -1310
  -656
     0
   656
  1309
  1954
  2587
  3202
  3797
  4368
  4910
  5420
  5896
  6333
  6729
  7082
  7389
  7648
  7858
  8017
  8124
  8179
  8180
  8129
  8025
  7870
  7663
  7407
  7103
  6753
  6360
  5925
  5452
  4944
  4403
  3835
  3241
  2627
  1995
  1351
   698
    40
  -617
 -1271
 -1917
 -2550
 -3167
 -3763
 -4335
 -4879
 -5392
 -5869
 -6309
 -6708
 -7063
 -7373
 -7635
 -7848
 -8010
 -8120
 -8178
 -8183
 -8135
 -8034
 -7881
 -7678
 -7425
 -7124
 -6776
 -6386
 -5953
 -5482
 -4976
 -4438
 -3871
 -3279
 -2665
 -2035
 -1391
  -738
   -82
   574
  1228
  1874
  2509
  3127
  3724
  4298
  4844
  5358
  5838
  6280
  6682
  7040
  7353
  7619
  7834
  8000
  8114
  8175
  8183
  8138
  8041
  7892
  7692
  7442
  7144
  6799
  6411
  5981
  5513
  5009
  4473
  3907
  3317
  2705
  2075
  1432
   780
   123
  -535
 -1190
 -1837
 -2472
 -3091
 -3690
 -4265
 -4813
 -5329
 -5811
 -6256
 -6660
 -7021
 -7337
 -7605
 -7824
 -7992
 -8109
 -8174
 -8185
 -8144
 -8050
 -7903
 -7706
 -7459
 -7164
 -6822
 -6437
 -6009
 -5543
 -5041
 -4507
 -3943
 -3354
 -2743
 -2114
 -1472
  -820
  -164
   492
  1147
  1794
  2430
  3050
  3651
  4228
  4777
  5296
  5780
  6227
  6634
  6998
  7317
  7588
  7810
  7982
  8102
  8170
  8185
  8147
  8056
  7913
  7720
  7476
  7184
  6845
  6462
  6037
  5574
  5074
  4541
  3979
  3392
  2782
  2155
  1513
   862
   205
  -453
 -1108
 -1757
 -2393
 -3015
 -3616
 -4195
 -4746
 -5267
 -5753
 -6203
 -6612
 -6978
 -7300
 -7574
 -7799
 -7974
 -8097
 -8168
 -8187
 -8152
 -8064
 -7924
 -7734
 -7493
 -7203
 -6867
 -6487
 -6065
 -5604
 -5106
 -4575
 -4015
 -3429
 -2820
 -2194
 -1553
  -902
  -246
   410
  1065
  1714
  2351
  2974
  3577
  4157
  4710
  5233
  5722
  6174
  6586
  6955
  7279
  7557
  7785
  7963
  8090
  8164
  8186
  8155
  8070
  7934
  7747
  7509
  7223
  6890
  6512
  6093
  5634
  5138
  4610
  4051
  3467
  2860
  2234
  1594
   944
   287
  -371
 -1027
 -1676
 -2314
 -2938
 -3542
 -4124
 -4679
 -5203
 -5694
 -6149
 -6563
 -6935
 -7262
 -7542
 -7774
 -7955
 -8085
 -8162
 -8187
 -8159
 -8078
 -7945
 -7760
 -7526
 -7242
 -6912
 -6537
 -6120
 -5663
 -5170
 -4643
 -4087
 -3503
 -2897
 -2273
 -1634
  -984
  -328
   328
   984
  1633
  2272
  2897
  3503
  4086
  4643
  5169
  5663
  6119
  6536
  6911
  7241
  7525
  7759
  7944
  8077
  8158
  8186
  8161
  8084
  7954
  7773
  7541
  7261
  6934
  6562
  6147
  5693
  5202
  4677
  4122
  3541
  2936
  2313
  1675
  1025
   370
  -289
  -945
 -1596
 -2235
 -2861
 -3468
 -4053
 -4611
 -5140
 -5635
 -6094
 -6513
 -6891
 -7224
 -7510
 -7748
 -7935
 -8071
 -8156
 -8187
 -8165
 -8091
 -7964
 -7786
 -7558
 -7280
 -6956
 -6586
 -6174
 -5722
 -5234
 -4711
 -4158
 -3578
 -2974
 -2352
 -1714
 -1066
  -410
   246
   902
  1553
  2193
  2820
  3428
  4014
  4575
  5105
  5603
  6064
  6487
  6867
  7203
  7492
  7733
  7924
  8063
  8151
  8186
  8167
  8096
  7973
  7798
  7573
  7299
  6977
  6611
  6201
  5752
  5265
  4745
  4193
  3615
  3013
  2392
  1755
  1107
   452
  -206
  -863
 -1515
 -2156
 -2784
 -3393
 -3981
 -4543
 -5075
 -5575
 -6039
 -6463
 -6846
 -7185
 -7477
 -7721
 -7915
 -8057
 -8148
 -8186
 -8171
 -8103
 -7983
 -7811
 -7589
 -7318
 -6999
 -6635
 -6228
 -5781
 -5297
 -4778
 -4228
 -3651
 -3051
 -2431
 -1795
 -1147
  -492
   164
   820
  1472
  2114
  2742
  3353
  3942
  4506
  5041
  5543
  6009
  6436
  6822
  7163
  7458
  7705
  7903
  8049
  8143
  8184
  8173
  8108
  7991
  7823
  7604
  7336
  7020
  6659
  6255
  5810
  5328
  4812
  4264
  3689
  3090
  2470
  1835
  1189
   534
  -124
  -782
 -1434
 -2077
 -2706
 -3318
 -3909
 -4474
 -5011
 -5514
 -5983
 -6412
 -6801
 -7145
 -7443
 -7693
 -7893
 -8042
 -8139
 -8184
 -8176
 -8115
 -8001
 -7835
 -7619
 -7354
 -7041
 -6683
 -6281
 -5839
 -5359
 -4845
 -4299
 -3725
 -3127
 -2509
 -1875
 -1229
  -574
    82
   738
  1391
  2034
  2665
  3278
  3870
  4437
  4976
  5482
  5952
  6385
  6776
  7123
  7424
  7677
  7881
  8033
  8134
  8182
  8177
  8119
  8009
  7847
  7634
  7372
  7062
  6706
  6308
  5868
  5390
  4878
  4334
  3762
  3166
  2549
  1916
  1270
   616
   -42
  -700
 -1353
 -1997
 -2628
 -3243
 -3836
 -4405
 -4945
 -5453
 -5926
 -6361
 -6754
 -7104
 -7408
 -7664
 -7871
 -8026
 -8130
 -8181
 -8180
 -8125
 -8018
 -7859
 -7649
 -7390
 -7083
 -6730
 -6334
 -5896
 -5421
 -4911
 -4369
 -3798
 -3203
 -2587
 -1955
 -1310
  -656
     0
   656
  1309
  1955
  2587
  3202
  3797
  4368
  4910
  5420
  5896
  6333
  6729
  7082
  7389
  7648
  7858
  8017
  8124
  8179
  8180
  8129
  8025
  7870
  7663
  7407
  7103
  6753
  6360
  5925
  5452
  4944
  4403
  3835
  3241
  2627
  1995
  1351
   698
    40
  -617
 -1271
 -1917
 -2550
 -3167
 -3763
 -4335
 -4879
 -5392
 -5869
 -6309
 -6708
 -7063
 -7373
 -7635
 -7848
 -8010
 -8120
 -8178
 -8183
 -8135
 -8034
 -7881
 -7678
 -7425
 -7124
 -6776
 -6386
 -5953
 -5482
 -4976
 -4438
 -3871
 -3279
 -2665
 -2035
 -1391
  -738
   -82
   574
  1228
  1874
  2509
  3127
  3724
  4298
  4844
  5358
  5838
  6280
  6682
  7040
  7353
  7619
  7834
  8000
  8114
  8175
  8183
  8138
  8041
  7892
  7692
  7442
  7144
  6799
  6411
  5981
  5513
  5009
  4473
  3907
  3317
  2705
  2075
  1432
   780
   123
  -535
 -1190
 -1837
 -2472
 -3091
 -3690
 -4265
 -4813
 -5329
 -5811
 -6256
 -6660
 -7021
 -7337
 -7605
 -7824
 -7992
 -8109
 -8174
 -8185
 -8144
 -8050
 -7903
 -7706
 -7459
 -7164
 -6822
 -6437
 -6009
 -5543
 -5041
 -4507
 -3943
 -3354
 -2743
 -2114
 -1472
  -820
  -164
   492
  1147
  1794
  2430
  3050
  3651
  4228
  4777
  5296
  5780
  6227
  6634
  6998
  7317
  7588
  7810
  7982
  8102
  8170
  8185
  8147
  8056
  7913
  7720
  7476
  7184
  6845
  6462
  6037
  5574
  5074
  4541
  3979
  3392
  2782
  2155
  1513
   862
   205
  -453
 -1108
 -1757
 -2393
 -3015
 -3616
 -4195
 -4746
 -5267
 -5753
 -6203
 -6612
 -6978
 -7300
 -7574
 -7799
 -7974
 -8097
 -8168
 -8187
 -8152
 -8064
 -7924
 -7734
 -7493
 -7203
 -6867
 -6487
 -6065
 -5604
 -5106
 -4575
 -4015
 -3429
 -2820
 -2194
 -1553
  -902
  -246
   410
  1065
  1714
  2351
  2974
  3577
  4157
  4710
  5233
  5722
  6174
  6586
  6955
  7279
  7557
  7785
  7963
  8090
  8164
  8186
  8155
  8070
  7934
  7747
  7509
  7223
  6890
  6512
  6093
  5634
  5138
  4610
  4051
  3467
  2859
  2234
  1594
   944
   287
  -371
 -1027
 -1676
 -2314
 -2938
 -3542
 -4124
 -4679
 -5203
 -5694
 -6149
 -6563
 -6935
 -7262
 -7542
 -7774
 -7955
 -8085
 -8162
 -8187
 -8159
 -8078
 -7945
 -7760
 -7526
 -7242
 -6912
 -6537
 -6120
 -5663
 -5170
 -4643
 -4086
 -3503
 -2897
 -2273
 -1634
  -984
  -328
   328
   984
  1633
  2272
  2897
  3503
  4086
  4643
  5169
  5663
  6119
  6536
  6911
  7241
  7525
  7759
  7944
  8077
  8158
  8186
  8161
  8084
  7954
  7773
  7541
  7261
  6934
  6562
  6147
  5693
  5202
  4677
  4122
  3541
  2936
  2313
  1675
  1025
   369
  -289
  -945
 -1596
 -2235
 -2861
 -3468
 -4053
 -4611
 -5140
 -5635
 -6094
 -6513
 -6891
 -7224
 -7510
 -7748
 -7935
 -8071
 -8156
 -8187
 -8165
 -8091
 -7964
 -7786
 -7558
 -7280
 -6956
 -6586
 -6174
 -5722
 -5234
 -4711
 -4158
 -3577
 -2974
 -2352
 -1714
 -1066
  -410
   246
   902
  1553
  2193
  2820
  3428
  4014
  4575
  5105
  5603
  6064
  6487
  6867
  7203
  7492
  7733
  7924
  8063
  8151
  8186
  8167
  8096
  7973
  7798
  7573
  7299
  6977
  6611
  6201
  5752
  5265
  4745
  4193
  3615
  3013
  2392
  1755
  1107
   452
  -206
  -863
 -1515
 -2156
 -2784
 -3393
 -3981
 -4543
 -5075
 -5575
 -6039
 -6463
 -6846
 -7185
 -7477
 -7721
 -7915
 -8057
 -8148
 -8186
 -8171
 -8103
 -7983
 -7811
 -7589
 -7318
 -6999
 -6635
 -6228
 -5781
 -5297
 -4778
 -4228
 -3651
 -3051
 -2431
 -1795
 -1147
  -492
   164
   820
  1472
  2114
  2742
  3353
  3942
  4506
  5041
  5543
  6009
  6436
  6822
  7163
  7458
  7705
  7903
  8049
  8143
  8184
  8173
  8108
  7991
  7823
  7604
  7336
  7020
  6659
  6255
  5810
  5328
  4811
  4264
  3689
  3090
  2470
  1835
  1188
   534
  -124
  -782
 -1434
 -2077
 -2706
 -3318
 -3909
 -4474
 -5011
 -5514
 -5983
 -6412
 -6801
 -7145
 -7443
 -7693
 -7893
 -8042
 -8139
 -8184
 -8176
 -8115
 -8001
 -7835
 -7619
 -7354
 -7041
 -6683
 -6281
 -5839
 -5359
 -4845
 -4299
 -3725
 -3127
 -2509
 -1875
 -1229
  -574
    82
   738
  1391
  2034
  2665
  3278
  3870
  4437
  4976
  5482
  5952
  6385
  6776
  7123
  7424
  7677
  7881
  8033
  8134
  8182
  8177
  8119
  8009
  7847
  7634
  7372
  7062
  6706
  6308
  5868
  5390
  4878
  4334
  3762
  3166
  2549
  1915
  1270
   616
   -42
  -700
 -1353
 -1997
 -2628
 -3243
 -3836
 -4405
 -4945
 -5453
 -5926
 -6361
 -6754
 -7104
 -7408
 -7664
 -7871
 -8026
 -8130
 -8181
 -8180
 -8125
 -8018
 -7859
 -7649
 -7390
 -7083
 -6730
 -6334
 -5896
 -5421
 -4911
 -4368
 -3798
 -3203
 -2587
 -1955
 -1310
  -656
     0
   656
  1309
  1955
  2587
  3202
  3797
  4368
  4910
  5420
  5896
  6333
  6729
  7082
  7389
  7648
  7858
  8017
  8124
  8179
  8180
  8129
  8025
  7870
  7663
  7407
  7103
  6753
  6360
  5925
  5452
  4944
  4403
  3835
  3241
  2627
  1995
  1351
   698
    40
  -617
 -1271
 -1917
 -2550
 -3167
 -3763
 -4335
 -4879
 -5392
 -5869
 -6309
 -6708
 -7063
 -7373
 -7635
 -7848
 -8010
 -8120
 -8178
 -8183
 -8135
 -8034
 -7881
 -7678
 -7425
 -7124
 -6776
 -6386
 -5953
 -5482
 -4976
 -4438
 -3871
 -3279
 -2665
 -2035
 -1391
  -738
   -82
   574
  1228
  1874
  2509
  3127
  3724
  4298
  4844
  5358
  5838
  6280
  6682
  7040
  7353
  7619
  7834
  8000
  8114
  8175
  8183
  8138
  8041
  7892
  7692
  7442
  7144
  6799
  6411
  5981
  5513
  5009
  4473
  3907
  3317
  2705
  2075
  1432
   780
   123
  -535
 -1190
 -1837
 -2472
 -3091
 -3690
 -4265
 -4813
 -5329
 -5811
 -6256
 -6660
 -7021
 -7337
 -7605
 -7824
 -7992
 -8109
 -8174
 -8185
 -8144
 -8050
 -7903
 -7706
 -7459
 -7164
 -6822
 -6437
 -6009
 -5543
 -5041
 -4507
 -3943
 -3354
 -2743
 -2114
 -1472
  -820
  -164
   492
  1147
  1794
  2430
  3050
  3651
  4228
  4777
  5296
  5780
  6227
  6634
  6998
  7317
  7588
  7810
  7982
  8102
  8170
  8185
  8147
  8056
  7913
  7720
  7476
  7184
  6845
  6462
  6037
  5573
  5074
  4541
  3979
  3392
  2782
  2155
  1513
   862
   205
  -453
 -1108
 -1757
 -2393
 -3015
 -3616
 -4195
 -4746
 -5267
 -5753
 -6203
 -6612
 -6978
 -7300
 -7574
 -7799
 -7974
 -8097
 -8168
 -8187
 -8152
 -8064
 -7924
 -7734
 -7493
 -7203
 -6867
 -6487
 -6065
 -5603
 -5106
 -4575
 -4015
 -3429
 -2820
 -2194
 -1553
  -902
  -246
   410
  1065
  1714
  2351
  2974
  3577
  4157
  4710
  5233
  5722
  6174
  6586
  6955
  7279
  7557
  7785
  7963
  8090
  8164
  8186
  8155
  8070
  7934
  7747
  7509
  7223
  6890
  6512
  6093
  5633
  5138
  4609
  4051
  3467
  2859
  2234
  1594
   944
   287
  -371
 -1027
 -1676
 -2314
 -2938
 -3542
 -4124
 -4679
 -5203
 -5694
 -6149
 -6563
 -6935
 -7262
 -7542
 -7774
 -7955
 -8085
 -8162
 -8187
 -8159
 -8078
 -7945
 -7760
 -7526
 -7242
 -6912
 -6537
 -6120
 -5663
 -5170
 -4643
 -4086
 -3503
 -2897
 -2273
 -1634
  -984
  -328
   328
   984
  1633
  2272
  2897
  3503
  4086
  4643
  5169
  5663
  6119
  6536
  6911
  7241
  7525
  7759
  7944
  8077
  8158
  8186
  8161
  8084
  7954
  7773
  7541
  7261
  6934
  6562
  6147
  5693
  5202
  4677
  4122
  3541
  2936
  2313
  1675
  1025
   369
  -289
  -945
 -1596
 -2235
 -2861
 -3468
 -4053
 -4611
 -5140
 -5635
 -6094
 -6513
 -6891
 -7224
 -7510
 -7748
 -7935
 -8071
 -8156
 -8187
 -8165
 -8091
 -7964
 -7786
 -7558
 -7280
 -6956
 -6586
 -6174
 -5722
 -5234
 -4711
 -4158
 -3577
 -2974
 -2352
 -1714
 -1066
  -410
   246
   902
  1553
  2193
  2820
  3428
  4014
  4575
  5105
  5603
  6064
  6487
  6867
  7203
  7492
  7733
  7924
  8063
  8151
  8186
  8167
  8096
  7973
  7798
  7573
  7299
  6977
  6611
  6201
  5752
  5265
  4745
  4193
  3615
  3013
  2392
  1755
  1107
   452
  -206
  -863
 -1515
 -2156
 -2784
 -3393
 -3981
 -4543
 -5075
 -5575
 -6039
 -6463
 -6846
 -7185
 -7477
 -7721
 -7915
 -8057
 -8148
 -8186
 -8171
 -8103
 -7983
 -7811
 -7589
 -7318
 -6999
 -6635
 -6228
 -5781
 -5297
 -4778
 -4228
 -3651
 -3051
 -2431
 -1795
 -1147
  -492
   164
   820
  1472
  2114
  2742
  3353
  3942
  4506
  5041
  5543
  6009
  6436
  6822
  7163
  7458
  7705
  7903
  8049
  8143
  8184
  8173
  8108
  7991
  7823
  7604
  7336
  7020
  6659
  6255
  5810
  5328
  4811
  4264
  3689
  3090
  2470
  1835
  1188
   534
  -124
  -782
 -1434
 -2077
 -2706
 -3318
 -3909
 -4474
 -5011
 -5514
 -5983
 -6412
 -6801
 -7145
 -7443
 -7693
 -7893
 -8042
 -8139
 -8184
 -8176
 -8115
 -8001
 -7835
 -7619
 -7354
 -7041
 -6683
 -6281
 -5839
 -5359
 -4845
 -4299
 -3725
 -3127
 -2509
 -1875
 -1229
  -574
    82
   738
  1391
  2034
  2665
  3278
  3870
  4437
  4976
  5482
  5952
  6385
  6776
  7123
  7424
  7677
  7881
  8033
  8134
  8182
  8177
  8119
  8009
  7847
  7634
  7372
  7062
  6706
  6307
  5868
  5390
  4878
  4334
  3762
  3166
  2549
  1915
  1270
   616
   -42
  -700
 -1353
 -1997
 -2628
 -3243
 -3836
 -4405
 -4945
 -5453
 -5926
 -6361
 -6754
 -7104
 -7408
 -7664
 -7871
 -8026
 -8130
 -8181
 -8180
 -8125
 -8018
 -7859
 -7649
 -7390
 -7083
 -6730
 -6334
 -5896
 -5421
 -4911
 -4368
 -3798
 -3203
 -2587
 -1955
 -1310
  -656
     0
   656
  1309
  1955
  2587
  3202
  3797
  4368
  4910
  5420
  5896
  6333
  6729
  7082
  7389
  7648
  7858
  8017
  8124
  8179
  8180
  8129
  8025
  7870
  7663
  7407
  7103
  6753
  6360
  5925
  5452
  4944
  4403
  3835
  3241
  2627
  1995
  1351
   698
    40
  -617
 -1271
 -1917
 -2550
 -3167
 -3763
 -4335
 -4879
 -5392
 -5869
 -6309
 -6708
 -7063
 -7373
 -7635
 -7848
 -8010
 -8120
 -8178
 -8183
 -8135
 -8034
 -7881
 -7678
 -7425
 -7124
 -6776
 -6385
 -5953
 -5482
 -4976
 -4438
 -3871
 -3279
 -2665
 -2035
 -1391
  -738
   -82
   574
  1228
  1874
  2509
  3127
  3724
  4298
  4844
  5358
  5838
  6280
  6682
  7040
  7353
  7619
  7834
  8000
  8114
  8175
  8183
  8138
  8041
  7892
  7692
  7442
  7144
  6799
  6411
  5981
  5513
  5009
  4473
  3907
  3317
  2705
  2075
  1432
   780
   123
  -535
 -1190
 -1837
 -2472
 -3091
 -3690
 -4265
 -4813
 -5329
 -5811
 -6256
 -6660
 -7021
 -7337
 -7605
 -7824
 -7992
 -8109
 -8174
 -8185
 -8144
 -8050
 -7903
 -7706
 -7459
 -7164
 -6822
 -6437
 -6009
 -5543
 -5041
 -4507
 -3943
 -3354
 -2743
 -2114
 -1472
  -820
  -164
   492
  1147
  1794
  2430
  3050
  3651
  4228
  4777
  5296
  5780
  6227
  6634
  6998
  7317
  7588
  7810
  7982
  8102
  8170
  8185
  8147
  8056
  7913
  7720
  7476
  7183
  6845
  6462
  6037
  5573
  5074
  4541
  3979
  3392
  2782
  2155
  1513
   862
   205
  -453
 -1108
 -1757
 -2393
 -3015
 -3616
 -4195
 -4746
 -5267
 -5753
 -6203
 -6612
 -6978
 -7300
 -7574
 -7799
 -7974
 -8097
 -8168
 -8187
 -8152
 -8064
 -7924
 -7734
 -7493
 -7203
 -6867
 -6487
 -6065
 -5603
 -5106
 -4575
 -4015
 -3429
 -2820
 -2194
 -1553
  -902
  -246
   410
  1065
  1714
  2351
  2974
  3577
  4157
  4710
  5233
  5722
  6174
  6586
  6955
  7279
  7557
  7785
  7963
  8090
  8164
  8186
  8155
  8070
  7934
  7747
  7509
  7223
  6890
  6512
  6093
  5633
  5138
  4609
  4051
  3467
  2859
  2234
  1594
   944
   287
  -371
 -1027
 -1676
 -2314
 -2938
 -3542
 -4124
 -4679
 -5203
 -5694
 -6149
 -6563
 -6935
 -7262
 -7542
 -7774
 -7955
 -8085
 -8162
 -8187
 -8159
 -8078
 -7945
 -7760
 -7526
 -7242
 -6912
 -6537
 -6120
 -5663
 -5170
 -4643
 -4086
 -3503
 -2897
 -2273
 -1634
  -984
  -328
   328
   984
  1633
  2272
  2897
  3503
  4086
  4643
  5169
  5663
  6119
  6536
  6911
  7241
  7525
  7759
  7944
  8077
  8158
  8186
  8161
  8084
  7954
  7773
  7541
  7261
  6934
  6562
  6147
  5693
  5202
  4677
  4122
  3541
  2936
  2313
  1675
  1025
   369
  -289
  -945
 -1596
 -2235
 -2861
 -3468
 -4053
 -4611
 -5140
 -5635
 -6094
 -6513
 -6891
 -7224
 -7510
 -7748
 -7935
 -8071
 -8156
 -8187
 -8165
 -8091
 -7964
 -7786
 -7558
 -7280
 -6956
 -6586
 -6174
 -5722
 -5234
 -4711
 -4158
 -3577
 -2974
 -2352
 -1714
 -1066
  -410
   246
   902
  1553
  2193
  2820
  3428
  4014
  4575
  5105
  5603
  6064
  6487
  6867
  7203
  7492
  7733
  7924
  8063
  8151
  8186
  8167
  8096
  7973
  7798
  7573
  7299
  6977
  6611
  6201
  5752
  5265
  4745
  4193
  3615
  3013
  2392
  1755
  1107
   452
  -206
  -863
 -1515
 -2156
 -2784
 -3393
 -3981
 -4543
 -5075
 -5575
 -6039
 -6463
 -6846
 -7185
 -7477
 -7721
 -7915
 -8057
 -8148
 -8186
 -8171
 -8103
 -7983
 -7811
 -7589
 -7317
 -6999
 -6635
 -6228
 -5781
 -5297
 -4778
 -4228
 -3651
 -3051
 -2431
 -1795
 -1147
  -492
   164
   820
  1472
  2114
  2742
  3353
  3942
  4506
  5041
  5543
  6009
  6436
  6822
  7163
  7458
  7705
  7903
  8049
  8143
  8184
  8173
  8108
  7991
  7823
  7604
  7336
  7020
  6659
  6255
  5810
  5328
  4811
  4264
  3689
  3090
  2470
  1835
  1188
   534
  -124
  -782
 -1434
 -2077
 -2706
 -3318
 -3909
 -4474
 -5011
 -5514
 -5983
 -6412
 -6801
 -7145
 -7443
 -7693
 -7893
 -8042
 -8139
 -8184
 -8176
 -8115
 -8001
 -7835
 -7619
 -7354
 -7041
 -6683
 -6281
 -5839
 -5359
 -4845
 -4299
 -3725
 -3127
 -2509
 -1875
 -1229
  -574
    82
   738
  1391
  2034
  2665
  3278
  3870
  4437
  4976
  5482
  5952
  6385
  6776
  7123
  7424
  7677
  7881
  8033
  8134
  8182
  8177
  8119
  8009
  7847
  7634
  7372
  7062
  6706
  6307
  5868
  5390
  4878
  4334
  3762
  3166
  2549
  1915
  1270
   616
   -42
  -700
 -1353
 -1997
 -2628
 -3243
 -3836
 -4405
 -4945
 -5453
 -5926
 -6361
 -6754
 -7104
 -7408
 -7664
 -7871
 -8026
 -8130
 -8181
 -8180
 -8125
 -8018
 -7859
 -7649
 -7390
 -7083
 -6730
 -6334
 -5896
 -5421
 -4911
 -4368
 -3798
 -3203
 -2587
 -1955
 -1310
  -656
     0
   656
  1309
  1955
  2587
  3202
  3797
  4368
  4910
  5420
  5896
  6333
  6729
  7082
  7389
  7648
  7858
  8017
  8124
  8179
  8180
  8129
  8025
  7870
  7663
  7407
  7103
  6753
  6360
  5925
  5452
  4944
  4403
  3835
  3241
  2627
  1995
  1351
   698
    40
  -617
 -1271
 -1917
 -2550
 -3167
 -3763
 -4335
 -4879
 -5392
 -5869
 -6309
 -6708
 -7063
 -7373
 -7635
 -7848
 -8010
 -8120
 -8178
 -8183
 -8135
 -8034
 -7881
 -7678
 -7425
 -7124
 -6776
 -6385
 -5953
 -5482
 -4976
 -4438
 -3871
 -3279
 -2665
 -2035
 -1391
  -738
   -82
   574
  1228
  1874
  2509
  3127
  3724
  4298
  4844
  5358
  5838
  6280
  6682
  7040
  7353
  7619
  7834
  8000
  8114
  8175
  8183
  8138
  8041
  7892
  7692
  7442
  7144
  6799
  6411
  5981
  5513
  5009
  4473
  3907
  3317
  2705
  2075
  1432
   780
   123
  -535
 -1190
 -1837
 -2472
 -3091
 -3690
 -4265
 -4813
 -5329
 -5811
 -6256
 -6660
 -7021
 -7337
 -7605
 -7824
 -7992
 -8109
 -8174
 -8185
 -8144
 -8050
 -7903
 -7706
 -7459
 -7164
 -6822
 -6437
 -6009
 -5543
 -5041
 -4507
 -3943
 -3354
 -2743
 -2114
 -1472
  -820
  -164
   492
  1147
  1794
  2430
  3050
  3651
  4228
  4777
  5296
  5780
  6227
  6634
  6998
  7317
  7588
  7810
  7982
  8102
  8170
  8185
  8147
  8056
  7913
  7720
  7476
  7183
  6845
  6462
  6037
  5573
  5074
  4541
  3979
  3392
  2782
  2155
  1513
   862
   205
  -453
 -1108
 -1757
 -2393
 -3015
 -3616
 -4195
 -4746
 -5267
 -5753
 -6203
 -6612
 -6978
 -7300
 -7574
 -7799
 -7974
 -8097
 -8168
 -8187
 -8152
 -8064
 -7924
 -7734
 -7493
 -7203
 -6867
 -6487
 -6065
 -5603
 -5106
 -4575
 -4015
 -3429
 -2820
 -2194
 -1553
  -902
  -246
   410
  1065
  1714
  2351
  2974
  3577
  4157
  4710
  5233
  5722
  6174
  6586
  6955
  7279
  7557
  7785
  7963
  8090
  8164
  8186
  8155
  8070
  7934
  7747
  7509
  7223
  6890
  6512
  6093
  5633
  5138
  4609
  4051
  3467
  2859
  2234
  1594
   944
   287
  -371
 -1027
 -1676
 -2314
 -2938
 -3542
 -4124
 -4679
 -5203
 -5694
 -6149
 -6563
 -6935
 -7262
 -7542
 -7774
 -7955
 -8085
 -8162
 -8187
 -8159
 -8078
 -7945
 -7760
 -7526
 -7242
 -6912
 -6537
 -6120
 -5663
 -5170
 -4643
 -4086
 -3503
 -2897
 -2273
 -1634
  -984
  -328
   328
   984
  1633
  2272
  2897
  3503
  4086
  4643
  5169
  5663
  6119
  6536
  6911
  7241
  7525
  7759
  7944
  8077
  8158
  8186
  8161
  8084
  7954
  7773
  7541
  7261
  6934
  6562
  6147
  5693
  5202
  4677
  4122
  3541
  2936
  2313
  1675
  1025
   369
  -289
  -945
 -1596
 -2235
 -2861
 -3468
 -4053
 -4611
 -5140
 -5635
 -6094
 -6513
 -6891
 -7224
 -7510
 -7748
 -7935
 -8071
 -8156
 -8187
 -8165
 -8091
 -7964
 -7786
 -7558
 -7280
 -6956
 -6586
 -6174
 -5722
 -5234
 -4711
 -4158
 -3577
 -2974
 -2352
 -1714
 -1066
  -410
   246
   902
  1553
  2193
  2820
  3428
  4014
  4575
  5105
  5603
  6064
  6487
  6867
  7203
  7492
  7733
  7924
  8063
  8151
  8186
  8167
  8096
  7973
  7798
  7573
  7299
  6977
  6611
  6201
  5752
  5265
  4745
  4193
  3615
  3013
  2392
  1755
  1107
   452
  -206
  -863
 -1515
 -2156
 -2784
 -3393
 -3981
 -4543
 -5075
 -5575
 -6039
 -6463
 -6846
 -7185
 -7477
 -7721
 -7915
 -8057
 -8148
 -8186
 -8171
 -8103
 -7983
 -7811
 -7589
 -7317
 -6999
 -6635
 -6228
 -5781
 -5297
 -4778
 -4228
 -3651
 -3051
 -2431
 -1795
 -1147
  -492
   164
   820
  1472
  2114
  2742
  3353
  3942
  4506
  5041
  5543
  6009
  6436
  6822
  7163
  7458
  7705
  7903
  8049
  8143
  8184
  8173
  8108
  7991
  7823
  7604
  7336
  7020
  6659
  6255
  5810
  5328
  4811
  4264
  3689
  3090
  2470
  1835
  1188
   534
  -124
  -782
 -1434
 -2077
 -2706
 -3318
 -3909
 -4474
 -5011
 -5514
 -5983
 -6412
 -6801
 -7145
 -7443
 -7693
 -7893
 -8042
 -8139
 -8184
 -8176
 -8115
 -8001
 -7835
 -7619
 -7354
 -7041
 -6683
 -6281
 -5839
 -5359
 -4845
 -4299
 -3725
 -3127
 -2509
 -1875
 -1229
  -574
    82
   738
  1391
  2034
  2665
  3278
  3870
  4437
  4976
  5482
  5953
  6385
  6776
  7123
  7424
  7677
  7881
  8033
  8134
  8182
  8177
  8119
  8009
  7847
  7634
  7372
  7062
  6706
  6307
  5868
  5390
  4878
  4334
  3762
  3166
  2549
  1915
  1270
   616
   -42
  -700
 -1353
 -1997
 -2628
 -3243
 -3836
 -4405
 -4945
 -5453
 -5926
 -6361
 -6755
 -7104
 -7408
 -7664
 -7871
 -8026
 -8130
 -8181
 -8180
 -8125
 -8018
 -7859
 -7649
 -7390
 -7083
 -6730
 -6334
 -5896
 -5421
 -4911
 -4368
 -3798
 -3203
 -2587
 -1955
 -1310
  -656
     0
   656
  1309
  1955
  2587
  3202
  3797
  4368
  4910
  5420
  5896
  6333
  6729
  7082
  7389
  7648
  7858
  8017
  8124
  8179
  8180
  8129
  8025
  7870
  7663
  7407
  7103
  6753
  6360
  5925
  5452
  4944
  4403
  3835
  3241
  2627
  1995
  1351
   698
    40
  -617
 -1271
 -1917
 -2550
 -3167
 -3763
 -4335
 -4879
 -5392
 -5869
 -6309
 -6708
 -7063
 -7373
 -7635
 -7848
 -8010
 -8120
 -8178
 -8183
 -8135
 -8034
 -7881
 -7678
 -7425
 -7124
 -6776
 -6385
 -5953
 -5482
 -4976
 -4438
 -3871
 -3279
 -2665
 -2035
 -1391
  -738
   -82
   574
  1228
  1874
  2509
  3127
  3724
  4298
  4844
  5358
  5838
  6281
  6682
  7040
  7353
  7619
  7834
  8000
  8114
  8175
  8183
  8138
  8041
  7892
  7692
  7442
  7144
  6799
  6411
  5981
  5513
  5009
  4473
  3907
  3317
  2705
  2075
  1432
   780
   123
  -535
 -1190
 -1837
 -2472
 -3091
 -3690
 -4265
 -4813
 -5330
 -5811
 -6256
 -6660
 -7021
 -7337
 -7605
 -7824
 -7992
 -8109
 -8174
 -8185
 -8144
 -8050
 -7903
 -7706
 -7459
 -7164
 -6822
 -6437
 -6009
 -5543
 -5041
 -4507
 -3943
 -3354
 -2743
 -2114
 -1472
  -820
  -164
   492
  1147
  1794
  2430
  3050
  3651
  4228
  4777
  5296
  5780
  6227
  6634
  6998
  7317
  7588
  7810
  7982
  8102
  8170
  8185
  8147
  8056
  7913
  7720
  7476
  7183
  6845
  6462
  6037
  5573
  5074
  4541
  3979
  3392
  2782
  2155
  1513
   862
   205
  -453
 -1108
 -1757
 -2393
 -3015
 -3616
 -4195
 -4746
 -5267
 -5753
 -6203
 -6612
 -6978
 -7300
 -7574
 -7799
 -7974
 -8097
 -8168
 -8187
 -8152
 -8064
 -7924
 -7734
 -7493
 -7203
 -6867
 -6487
 -6065
 -5603
 -5106
 -4575
 -4015
 -3429
 -2820
 -2194
 -1553
  -902
  -246
   410
  1065
  1714
  2351
  2974
  3577
  4157
  4710
  5233
  5722
  6174
  6586
  6955
  7279
  7557
  7785
  7963
  8090
  8164
  8186
  8155
  8070
  7934
  7747
  7509
  7223
  6890
  6512
  6093
  5633
  5138
  4609
  4051
  3467
  2859
  2234
  1594
   944
   287
  -371
 -1027
 -1676
 -2314
 -2938
 -3542
 -4124
 -4679
 -5204
 -5694
 -6149
 -6563
 -6935
 -7262
 -7542
 -7774
 -7955
 -8085
 -8162
 -8187
 -8159
 -8078
 -7945
 -7760
 -7526
 -7242
 -6912
 -6537
 -6120
 -5663
 -5170
 -4643
 -4086
 -3503
 -2897
 -2273
 -1634
  -984
  -328
   328
   984
  1633
  2272
  2897
  3503
  4086
  4643
  5169
  5663
  6119
  6536
  6911
  7241
  7525
  7759
  7944
  8077
  8158
  8186
  8161
  8084
  7954
  7773
  7541
  7261
  6934
  6562
  6147
  5693
  5202
  4677
  4122
  3541
  2936
  2313
  1675
  1025
   369
  -289
  -945
 -1596
 -2235
 -2861
 -3468
 -4053
 -4611
 -5140
 -5635
 -6094
 -6513
 -6891
 -7224
 -7510
 -7748
 -7935
 -8071
 -8156
 -8187
 -8165
 -8091
 -7964
 -7786
 -7558
 -7280
 -6956
 -6586
 -6174
 -5722
 -5234
 -4711
 -4158
 -3577
 -2974
 -2352
 -1714
 -1066
  -410
   246
   902
  1553
  2193
  2820
  3428
  4014
  4575
  5105
  5603
  6064
  6487
  6867
  7203
  7492
  7733
  7924
  8063
  8151
  8186
  8167
  8096
  7973
  7798
  7573
  7299
  6977
  6611
  6201
  5752
  5265
  4745
  4193
  3615
  3013
  2392
  1755
  1107
   452
  -206
  -863
 -1515
 -2156
 -2784
 -3393
 -3981
 -4543
 -5075
 -5575
 -6039
 -6463
 -6846
 -7185
 -7477
 -7721
 -7915
 -8057
 -8148
 -8186
 -8171
 -8103
 -7983
 -7811
 -7589
 -7317
 -6999
 -6635
 -6228
 -5781
 -5297
 -4778
 -4228
 -3651
 -3051
 -2431
 -1795
 -1147
  -492
   164
   820
  1472
  2114
  2742
  3353
  3942
  4506
  5041
  5543
  6009
  6436
  6822
  7163
  7458
  7705
  7903
  8049
  8143
  8184
  8173
  8108
  7991
  7823
  7604
  7336
  7020
  6659
  6255
  5810
  5328
  4811
  4264
  3689
  3090
  2470
  1835
  1188
   534
  -124
  -782
 -1434
 -2077
 -2706
 -3318
 -3909
 -4474
 -5011
 -5514
 -5983
 -6412
 -6801
 -7145
 -7443
 -7693
 -7893
 -8042
 -8139
 -8184
 -8176
 -8115
 -8001
 -7835
 -7619
 -7354
 -7041
 -6683
 -6281
 -5839
 -5359
 -4845
 -4299
 -3725
 -3127
 -2509
 -1875
 -1229
  -574
    82
   738
  1391
  2034
  2665
  3278
  3870
  4437
  4976
  5482
  5953
  6385
  6776
  7123
  7424
  7677
  7881
  8033
  8134
  8182
  8177
  8119
  8009
  7847
  7634
  7372
  7062
  6706
  6307
  5868
  5390
  4878
  4334
  3762
  3166
  2549
  1915
  1270
   616
   -42
  -700
 -1353
 -1997
 -2628
 -3243
 -3836
 -4405
 -4945
 -5453
 -5926
 -6361
 -6755
 -7104
 -7408
 -7664
 -7871
 -8026
 -8130
 -8181
 -8180
 -8125
 -8018
 -7859
 -7649
 -7390
 -7083
 -6730
 -6334
 -5896
 -5421
 -4911
 -4368
 -3798
 -3203
 -2587
 -1955
 -1310
  -656
     0
   656
  1309
  1955
  2587
  3203
  3797
  4368
  4910
  5420
  5896
  6333
  6729
  7082
  7389
  7648
  7858
  8017
  8124
  8179
  8180
  8129
  8025
  7870
  7663
  7407
  7103
  6753
  6360
  5925
  5452
  4944
  4403
  3835
  3241
  2627
  1995
  1351
   698
    40
  -617
 -1271
 -1917
 -2550
 -3167
 -3763
 -4335
 -4879
 -5392
 -5869
 -6309
 -6708
 -7063
 -7373
 -7635
 -7848
 -8010
 -8120
 -8178
 -8183
 -8135
 -8034
 -7881
 -7678
 -7425
 -7124
 -6776
 -6385
 -5953
 -5482
 -4976
 -4438
 -3871
 -3279
 -2665
 -2035
 -1391
  -738
   -82
   574
  1228
  1875
  2509
  3127
  3724
  4298
  4844
  5358
  5838
  6281
  6682
  7040
  7353
  7619
  7834
  8000
  8114
  8175
  8183
  8138
  8041
  7892
  7692
  7442
  7144
  6799
  6411
  5981
  5513
  5009
  4473
  3907
  3317
  2705
  2075
  1432
   780
   123
  -535
 -1190
 -1837
 -2472
 -3091
 -3690
 -4265
 -4813
 -5330
 -5811
 -6256
 -6660
 -7021
 -7337
 -7605
 -7824
 -7992
 -8109
 -8174
 -8185
 -8144
 -8050
 -7903
 -7706
 -7459
 -7164
 -6822
 -6437
 -6009
 -5543
 -5041
 -4507
 -3943
 -3354
 -2743
 -2114
 -1472
  -820
  -164
   492
  1147
  1794
  2430
  3050
  3651
  4228
  4777
  5296
  5780
  6227
  6634
  6998
  7317
  7588
  7810
  7982
  8102
  8170
  8185
  8147
  8056
  7913
  7720
  7476
  7183
  6845
  6462
  6037
  5573
  5074
  4541
  3979
  3392
  2782
  2155
  1513
   862
   205
  -453
 -1109
 -1757
 -2393
 -3015
 -3616
 -4195
 -4746
 -5267
 -5753
 -6203
 -6612
 -6978
 -7300
 -7574
 -7799
 -7974
 -8097
 -8168
 -8187
 -8152
 -8064
 -7924
 -7734
 -7493
 -7203
 -6867
 -6487
 -6065
 -5603
 -5106
 -4575
 -4015
 -3429
 -2820
 -2194
 -1553
  -902
  -246
   410
  1065
  1714
  2352
  2974
  3577
  4157
  4710
  5233
  5722
  6174
  6586
  6955
  7279
  7557
  7785
  7963
  8090
  8164
  8186
  8155
  8070
  7934
  7747
  7509
  7223
  6890
  6512
  6093
  5633
  5138
  4609
  4051
  3467
  2859
  2234
  1594
   944
   287
  -371
 -1027
 -1676
 -2315
 -2938
 -3542
 -4124
 -4679
 -5204
 -5694
 -6149
 -6563
 -6935
 -7262
 -7542
 -7774
 -7955
 -8085
 -8162
 -8187
 -8159
 -8078
 -7945
 -7760
 -7526
 -7242
 -6912
 -6537
 -6120
 -5663
 -5170
 -4643
 -4086
 -3503
 -2897
 -2273
 -1634
  -984
  -328
   328
   984
  1633
  2273
  2897
  3503
  4086
  4643
  5169
  5663
  6119
  6536
  6911
  7241
  7525
  7759
  7944
  8077
  8158
  8186
  8161
  8084
  7954
  7773
  7541
  7261
  6934
  6562
  6147
  5693
  5202
  4677
  4122
  3541
  2936
  2313
  1675
  1025
   369
  -289
  -945
 -1596
 -2236
 -2861
 -3468
 -4053
 -4611
 -5140
 -5635
 -6094
 -6513
 -6891
 -7224
 -7510
 -7748
 -7935
 -8071
 -8156
 -8187
 -8165
 -8091
 -7964
 -7786
 -7558
 -7280
 -6956
 -6586
 -6174
 -5722
 -5234
 -4711
 -4158
 -3577
 -2974
 -2352
 -1714
 -1065
  -410
   246
   902
  1553
  2193
  2820
  3428
  4014
  4575
  5105
  5603
  6064
  6487
  6867
  7203
  7492
  7733
  7924
  8063
  8151
  8186
  8167
  8096
  7973
  7798
  7573
  7299
  6977
  6611
  6201
  5752
  5265
  4745
  4193
  3615
  3013
  2392
  1755
  1107
   452
  -207
  -864
 -1515
 -2156
 -2784
 -3393
 -3981
 -4543
 -5075
 -5575
 -6039
 -6463
 -6846
 -7185
 -7477
 -7721
 -7915
 -8057
 -8148
 -8186
 -8171
 -8103
 -7983
 -7811
 -7589
 -7317
 -6999
 -6635
 -6228
 -5781
 -5297
 -4778
 -4228
 -3651
 -3051
 -2431
 -1795
 -1147
  -492
   164
   820
  1472
  2114
  2743
  3353
  3942
  4506
  5041
  5543
  6009
  6436
  6822
  7163
  7458
  7705
  7903
  8049
  8143
  8184
  8173
  8108
  7991
  7823
  7604
  7336
  7020
  6659
  6255
  5810
  5328
  4811
  4264
  3689
  3090
  2470
  1835
  1188
   534
  -124
  -782
 -1434
 -2077
 -2706
 -3318
 -3909
 -4474
 -5011
 -5514
 -5983
 -6412
 -6801
 -7145
 -7443
 -7693
 -7893
 -8042
 -8139
 -8184
 -8176
 -8115
 -8001
 -7835
 -7619
 -7354
 -7041
 -6683
 -6281
 -5839
 -5359
 -4845
 -4299
 -3725
 -3127
 -2509
 -1875
 -1228
  -574
    82
   738
  1391
  2034
  2665
  3278
  3870
  4437
  4976
  5482
  5953
  6385
  6776
  7123
  7424
  7677
  7881
  8033
  8134
  8182
  8177
  8119
  8009
  7847
  7634
  7372
  7062
  6706
  6307
  5868
  5390
  4878
  4334
  3762
  3166
  2549
  1915
  1270
   616
   -42
  -700
 -1353
 -1997
 -2628
 -3243
 -3836
 -4405
 -4945
 -5453
 -5926
 -6361
 -6755
 -7104
 -7408
 -7664
 -7871
 -8026
 -8130
 -8181
 -8180
 -8125
 -8018
 -7859
 -7649
 -7390
 -7083
 -6730
 -6334
 -5896
 -5421
 -4911
 -4368
 -3798
 -3203
 -2587
 -1955
 -1310
  -656
     0
   656
  1310
  1955
  2587
  3203
  3797
  4368
  4910
  5420
  5896
  6333
  6729
  7082
  7389
  7648
  7858
  8017
  8124
  8179
  8180
  8129
  8025
  7870
  7663
  7407
  7103
  6753
  6360
  5925
  5452
  4944
  4403
  3835
  3241
  2627
  1995
  1351
   698
    40
  -618
 -1271
 -1917
 -2550
 -3167
 -3763
 -4335
 -4879
 -5392
 -5869
 -6309
 -6708
 -7063
 -7373
 -7635
 -7848
 -8010
 -8120
 -8178
 -8183
 -8135
 -8034
 -7881
 -7678
 -7425
 -7124
 -6776
 -6385
 -5953
 -5482
 -4976
 -4438
 -3871
 -3278
 -2665
 -2035
 -1391
  -738
   -82
   574
  1228
  1875
  2509
  3127
  3724
  4298
  4844
  5358
  5838
  6281
  6682
  7040
  7353
  7619
  7834
  8000
  8114
  8175
  8183
  8138
  8041
  7892
  7692
  7442
  7144
  6799
  6411
  5981
  5513
  5009
  4473
  3907
  3317
  2705
  2075
  1432
   780
   123
  -535
 -1190
 -1837
 -2472
 -3091
 -3690
 -4265
 -4813
 -5330
 -5811
 -6256
 -6660
 -7021
 -7337
 -7605
 -7824
 -7992
 -8109
 -8174
 -8185
 -8144
 -8050
 -7903
 -7706
 -7459
 -7164
 -6822
 -6437
 -6009
 -5543
 -5041
 -4507
 -3943
 -3354
 -2743
 -2114
 -1472
  -820
  -164
   492
  1147
  1794
  2430
  3050
  3651
  4228
  4777
  5296
  5780
  6227
  6634
  6998
  7317
  7588
  7810
  7982
  8102
  8170
  8185
  8147
  8056
  7913
  7720
  7476
  7183
  6845
  6462
  6037
  5573
  5074
  4541
  3979
  3392
  2782
  2154
  1513
   862
   205
  -453
 -1109
 -1757
 -2393
 -3015
 -3616
 -4195
 -4746
 -5267
 -5753
 -6203
 -6612
 -6978
 -7300
 -7574
 -7799
 -7974
 -8097
 -8168
 -8187
 -8152
 -8064
 -7924
 -7734
 -7493
 -7203
 -6867
 -6487
 -6065
 -5603
 -5106
 -4575
 -4015
 -3429
 -2820
 -2194
 -1553
  -902
  -246
   410
  1065
  1714
  2352
  2974
  3577
  4157
  4710
  5233
  5722
  6174
  6586
  6955
  7279
  7557
  7785
  7963
  8090
  8164
  8186
  8155
  8070
  7934
  7747
  7509
  7223
  6890
  6512
  6093
  5633
  5138
  4609
  4051
  3466
  2859
  2234
  1594
   944
   287
  -371
 -1027
 -1676
 -2315
 -2938
 -3542
 -4124
 -4679
 -5204
 -5694
 -6149
 -6563
 -6935
 -7262
 -7542
 -7774
 -7955
 -8085
 -8162
 -8187
 -8159
 -8078
 -7945
 -7760
 -7526
 -7242
 -6912
 -6537
 -6120
 -5663
 -5170
 -4643
 -4086
 -3503
 -2897
 -2273
 -1634
  -984
  -328
   328
   984
  1633
  2273
  2897
  3503
  4086
  4643
  5169
  5663
  6119
  6536
  6911
  7241
  7525
  7759
  7944
  8077
  8158
  8186
  8161
  8084
  7954
  7773
  7541
  7261
  6934
  6562
  6147
  5693
  5202
  4677
  4122
  3541
  2936
  2313
  1675
  1025
   369
  -289
  -945
 -1596
 -2236
 -2861
 -3468
 -4053
 -4611
 -5140
 -5635
 -6094
 -6513
 -6891
 -7224
 -7510
 -7748
 -7935
 -8071
 -8156
 -8187
 -8165
 -8091
 -7964
 -7786
 -7558
 -7280
 -6956
 -6586
 -6174
 -5722
 -5234
 -4711
 -4158
 -3577
 -2974
 -2352
 -1714
 -1065
  -410
   246
   902
  1553
  2193
  2820
  3428
  4014
  4575
  5105
  5603
  6064
  6487
  6867
  7203
  7492
  7733
  7924
  8063
  8151
  8186
  8167
  8096
  7973
  7798
  7573
  7299
  6977
  6611
  6201
  5752
  5265
  4745
  4193
  3615
  3013
  2392
  1755
  1107
   452
  -207
  -864
 -1515
 -2156
 -2784
 -3393
 -3981
 -4543
 -5075
 -5575
 -6039
 -6463
 -6846
 -7185
 -7477
 -7721
 -7915
 -8057
 -8148
 -8186
 -8171
 -8103
 -7983
 -7811
 -7589
 -7317
 -6999
 -6635
 -6228
 -5781
 -5296
 -4778
 -4228
 -3651
 -3051
 -2431
 -1795
 -1147
  -492
   164
   820
  1472
  2114
  2743
  3353
  3942
  4506
  5041
  5543
  6009
  6436
  6822
  7163
  7458
  7705
  7903
  8049
  8143
  8184
  8173
  8108
  7991
  7823
  7604
  7336
  7020
  6659
  6255
  5810
  5328
  4811
  4264
  3688
  3089
  2470
  1835
  1188
   534
  -124
  -782
 -1434
 -2077
 -2706
 -3318
 -3909
 -4474
 -5011
 -5514
 -5983
 -6412
 -6801
 -7145
 -7443
 -7693
 -7893
 -8042
 -8139
 -8184
 -8176
 -8115
 -8001
 -7835
 -7619
 -7354
 -7041
 -6683
 -6281
 -5839
 -5359
 -4844
 -4298
 -3725
 -3127
 -2509
 -1875
 -1228
  -574
    82
   738
  1391
  2034
  2665
  3278
  3870
  4437
  4976
  5482
  5953
  6385
  6776
  7123
  7424
  7677
  7881
  8033
  8134
  8182
  8177
  8119
  8009
  7847
  7634
  7372
  7062
  6706
  6307
  5868
  5390
  4878
  4334
  3762
  3166
  2549
  1915
  1270
   616
   -42
  -700
 -1353
 -1997
 -2628
 -3243
 -3836
 -4405
 -4945
 -5453
 -5926
 -6361
 -6755
 -7104
 -7408
 -7664
 -7871
 -8026
 -8130
 -8181
 -8180
 -8125
 -8018
 -7859
 -7649
 -7390
 -7083
 -6730
 -6334
 -5896
 -5421
 -4911
 -4368
 -3798
 -3203
 -2587
 -1955
 -1310
  -656
     0
   656
  1310
  1955
  2587
  3203
  3797
  4368
  4910
  5420
  5896
  6333
  6729
  7082
  7389
  7648
  7858
  8017
  8124
  8179
  8180
  8129
  8025
  7870
  7663
  7407
  7103
  6753
  6360
  5925
  5452
  4944
  4403
  3835
  3241
  2627
  1995
  1351
   698
    40
  -618
 -1271
 -1917
 -2550
 -3167
 -3763
 -4335
 -4879
 -5392
 -5869
 -6309
 -6708
 -7063
 -7373
 -7635
 -7848
 -8010
 -8120
 -8178
 -8183
 -8135
 -8034
 -7881
 -7678
 -7425
 -7124
 -6776
 -6385
 -5953
 -5482
 -4976
 -4438
 -3871
 -3278
 -2665
 -2035
 -1391
  -738
   -82
   574
  1228
  1875
  2509
  3127
  3724
  4298
  4844
  5358
  5838
  6281
  6682
  7040
  7353
  7619
  7834
  8000
  8114
  8175
  8183
  8138
  8041
  7892
  7692
  7442
  7144
  6799
  6411
  5981
  5513
  5009
  4472
  3907
  3317
  2705
  2075
  1432
   780
   123
  -535
 -1190
 -1837
 -2472
 -3091
 -3690
 -4265
 -4813
 -5330
 -5811
 -6256
 -6660
 -7021
 -7337
 -7605
 -7824
 -7992
 -8109
 -8174
 -8185
 -8144
 -8050
 -7903
 -7706
 -7459
 -7164
 -6822
 -6437
 -6009
 -5543
 -5041
 -4507
 -3943
 -3354
 -2743
 -2114
 -1472
  -820
  -164
   492
  1147
  1794
  2430
  3050
  3651
  4228
  4777
  5296
  5780
  6227
  6634
  6998
  7317
  7588
  7810
  7982
  8102
  8170
  8185
  8147
  8056
  7913
  7720
  7476
  7183
  6845
  6462
  6037
  5573
  5074
  4541
  3979
  3392
  2782
  2154
  1513
   862
   205
  -453
 -1109
 -1757
 -2393
 -3015
 -3616
 -4195
 -4746
 -5267
 -5753
 -6203
 -6612
 -6978
 -7300
 -7574
 -7799
 -7974
 -8097
 -8168
 -8187
 -8152
 -8064
 -7924
 -7734
 -7493
 -7203
 -6867
 -6487
 -6065
 -5603
 -5106
 -4575
 -4015
 -3429
 -2820
 -2194
 -1553
  -902
  -246
   410
  1065
  1714
  2352
  2974
  3577
  4157
  4710
  5233
  5722
  6174
  6586
  6955
  7279
  7557
  7785
  7963
  8090
  8164
  8186
  8155
  8070
  7934
  7747
  7509
  7223
  6889
  6512
  6092
  5633
  5138
  4609
  4051
  3466
  2859
  2234
  1594
   944
   287
  -371
 -1027
 -1676
 -2315
 -2938
 -3542
 -4124
 -4679
 -5204
 -5694
 -6149
 -6563
 -6935
 -7262
 -7542
 -7774
 -7955
 -8085
 -8162
 -8187
 -8159
 -8078
 -7945
 -7760
 -7525
 -7242
 -6912
 -6537
 -6120
 -5663
 -5170
 -4643
 -4086
 -3503
 -2897
 -2273
 -1634
  -984
  -328
   328
   984
  1633
  2273
  2897
  3503
  4086
  4643
  5169
  5663
  6119
  6536
  6911
  7241
  7525
  7759
  7944
  8077
  8158
  8186
  8161
  8084
  7954
  7773
  7541
  7261
  6934
  6562
  6147
  5693
  5202
  4677
  4122
  3541
  2936
  2313
  1675
  1025
   369
  -289
  -945
 -1596
 -2236
 -2861
 -3468
 -4053
 -4611
 -5140
 -5635
 -6094
 -6513
 -6891
 -7224
 -7510
 -7748
 -7935
 -8071
 -8156
 -8187
 -8165
 -8091
 -7964
 -7786
 -7557
 -7280
 -6956
 -6586
 -6174
 -5722
 -5233
 -4711
 -4158
 -3577
 -2974
 -2352
 -1714
 -1065
  -410
   246
   902
  1553
  2193
  2820
  3428
  4014
  4575
  5105
  5603
  6064
  6487
  6867
  7203
  7492
  7733
  7924
  8063
  8151
  8186
  8167
  8096
  7973
  7798
  7573
  7299
  6977
  6611
  6201
  5752
  5265
  4745
  4193
  3615
  3013
  2392
  1755
  1107
   452
  -207
  -864
 -1515
 -2156
 -2784
 -3393
 -3981
 -4543
 -5075
 -5575
 -6039
 -6463
 -6846
 -7185
 -7477
 -7721
 -7915
 -8057
 -8148
 -8186
 -8171
 -8103
 -7983
 -7811
 -7589
 -7317
 -6999
 -6635
 -6228
 -5781
 -5296
 -4778
 -4228
 -3651
 -3051
 -2431
 -1795
 -1147
  -492
   164
   820
  1472
  2114
  2743
  3353
  3942
  4506
  5041
  5543
  6009
  6436
  6822
  7163
  7458
  7705
  7903
  8049
  8143
  8184
  8173
  8108
  7991
  7823
  7604
  7335
  7020
  6659
  6255
  5810
  5328
  4811
  4264
  3688
  3089
  2470
  1835
  1188
   534
  -124
  -782
 -1434
 -2077
 -2706
 -3318
 -3909
 -4474
 -5011
 -5514
 -5983
 -6412
 -6801
 -7145
 -7443
 -7693
 -7893
 -8042
 -8139
 -8184
 -8176
 -8115
 -8001
 -7835
 -7619
 -7354
 -7041
 -6683
 -6281
 -5839
 -5359
 -4844
 -4298
 -3725
 -3127
 -2509
 -1875
 -1228
  -574
    82
   738
  1391
  2034
  2665
  3278
  3870
  4437
  4976
  5482
  5953
  6385
  6776
  7123
  7424
  7677
  7881
  8033
  8134
  8182
  8177
  8119
  8009
  7847
  7634
  7372
  7062
  6706
  6307
  5868
  5390
  4878
  4334
  3762
  3166
  2549
  1915
  1270
   616
   -42
  -700
 -1353
 -1997
 -2628
 -3243
 -3836
 -4405
 -4945
 -5453
 -5926
 -6361
 -6755
 -7104
 -7408
 -7664
 -7871
 -8026
 -8130
 -8181
 -8180
 -8125
 -8018
 -7859
 -7649
 -7390
 -7083
 -6730
 -6334
 -5896
 -5421
 -4911
 -4368
 -3798
 -3203
 -2587
 -1955
 -1310
  -656
     0
   656
  1310
  1955
  2587
  3203
  3797
  4368
  4910
  5420
  5896
  6333
  6729
  7082
  7389
  7648
  7858
  8017
  8124
  8179
  8180
  8129
  8025
  7870
  7663
  7407
  7103
  6753
  6360
  5925
  5452
  4944
  4403
  3835
  3241
  2627
  1995
  1351
   698
    40
  -618
 -1271
 -1917
 -2550
 -3167
 -3763
 -4335
 -4879
 -5392
 -5869
 -6309
 -6708
 -7063
 -7373
 -7635
 -7848
 -8010
 -8120
 -8178
 -8183
 -8135
 -8034
 -7881
 -7678
 -7425
 -7124
 -6776
 -6385
 -5953
 -5482
 -4976
 -4438
 -3871
 -3278
 -2665
 -2035
