     0
     0
     0
     0
  1647
  1892
 -1882
  1895
 -1909
  1922
 -1937
  1950
 -1964
  1977
 -1991
  2004
 -2018
  2030
 -2045
  2057
 -2071
  2084
 -2098
  2110
 -2124
  2136
 -2149
  2161
 -2175
  2187
 -2200
  2212
 -2226
  2237
 -2251
  2262
 -2275
  2286
 -2300
  2311
 -2324
  2335
 -2348
  2359
 -2372
  2383
 -2395
  2406
 -2419
  2429
 -2442
  2452
 -2464
  2475
 -2487
  2497
 -2509
  2519
 -2531
  2541
 -2553
  2563
 -2575
  2584
 -2596
  2605
 -2617
  2626
 -2638
  2647
 -2658
  2667
 -2679
  2687
 -2698
  2707
 -2718
  2727
 -2737
  2746
 -2757
  2765
 -2775
  2784
 -2794
  2802
 -2812
  2820
 -2830
  2838
 -2848
  2856
 -2865
  2873
 -2883
  2890
 -2899
  2907
 -2916
  2923
 -2932
  2939
 -2948
  2955
 -2964
  2971
 -2979
  2986
 -2994
  3001
 -3009
  3015
 -3024
  3030
 -3038
  3043
 -3052
  3057
 -3065
  3070
 -3078
  3084
 -3091
  3097
 -3104
  3109
 -3116
  3121
 -3128
  3133
 -3140
  3144
 -3151
  3156
 -3162
  3166
 -3173
  3177
 -3183
  3187
 -3193
  3197
 -3203
  3206
 -3212
  3216
 -3221
  3225
 -3230
  3233
 -3239
  3242
 -3247
  3250
 -3254
  3257
 -3262
  3264
 -3269
  3271
 -3276
  3278
 -3282
  3284
 -3288
  3290
 -3294
  3296
 -3300
  3301
 -3305
  3306
 -3310
  3311
 -3314
  3315
 -3318
  3319
 -3322
  3323
 -3325
  3326
 -3328
  3329
 -3331
  3332
 -3334
  3334
 -3336
  3336
 -3338
  3337
 -3339
  3339
 -3340
  3340
 -3341
  3340
 -3341
  3340
 -3341
  3340
 -3341
  3340
 -3341
  3339
 -3340
  3338
 -3338
  3337
 -3337
  3335
 -3335
  3333
 -3333
  3330
 -3330
  3328
 -3327
  3324
 -3324
  3321
 -3320
  3317
 -3316
  3313
 -3312
  3308
 -3307
  3304
 -3302
  3299
 -3297
  3293
 -3291
  3287
 -3285
  3281
 -3279
  3275
 -3272
  3268
 -3265
  3261
 -3258
  3254
 -3251
  3246
 -3243
  3238
 -3234
  3229
 -3226
  3220
 -3217
  3211
 -3208
  3202
 -3198
  3192
 -3188
  3182
 -3178
  3172
 -3167
  3161
 -3156
  3150
 -3145
  3139
 -3134
  3127
 -3122
  3115
 -3110
  3103
 -3097
  3090
 -3085
  3077
 -3071
  3064
 -3058
  3051
 -3045
  3037
 -3031
  3023
 -3016
  3008
 -3002
  2993
 -2987
  2978
 -2972
  2963
 -2956
  2947
 -2940
  2931
 -2924
  2915
 -2908
  2898
 -2891
  2882
 -2874
  2864
 -2857
  2847
 -2839
  2829
 -2821
  2811
 -2803
  2793
 -2785
  2774
 -2766
  2756
