     0
   629
  4909
  7739
  6093
   922
 -4783
 -7721
 -6194
 -1085
  4650
  7697
  6292
  1247
 -4519
 -7672
 -6388
 -1410
  4382
  7641
  6480
  1570
 -4247
 -7609
 -6570
 -1732
  4106
  7571
  6656
  1891
 -3968
 -7532
 -6740
 -2050
  3824
  7488
  6821
  2208
 -3682
 -7443
 -6899
 -2366
  3534
  7391
  6973
  2521
 -3389
 -7339
 -7045
 -2677
  3238
  7281
  7113
  2830
 -3090
 -7223
 -7179
 -2983
  2936
  7159
  7240
  3134
 -2786
 -7094
 -7299
 -3283
  2630
  7023
  7354
  3432
 -2476
 -6952
 -7407
 -3578
  2318
  6875
  7456
  3724
 -2162
 -6798
 -7502
 -3867
  2002
  6715
  7544
  4009
 -1845
 -6632
 -7583
 -4149
  1683
  6542
  7618
  4287
 -1524
 -6454
 -7651
 -4423
  1361
  6358
  7679
  4558
 -1200
 -6264
 -7705
 -4690
  1036
  6163
  7726
  4820
  -874
 -6063
 -7745
 -4948
   710
  5957
  7760
  5074
  -547
 -5852
 -7772
 -5197
   382
  5740
  7779
  5318
  -219
 -5630
 -7785
 -5437
    53
  5513
  7785
  5554
   110
 -5398
 -7784
 -5668
  -275
  5276
  7777
  5779
   438
 -5156
 -7769
 -5888
  -603
  5029
  7755
  5994
   766
 -4905
 -7740
 -6098
  -930
  4774
  7719
  6198
  1093
 -4645
 -7697
 -6297
 -1256
  4510
  7669
  6392
  1417
 -4378
 -7640
 -6484
 -1579
  4239
  7606
  6574
  1739
 -4102
 -7570
 -6661
 -1899
  3959
  7529
  6744
  2058
 -3819
 -7487
 -6825
 -2216
  3673
  7439
  6902
  2373
 -3529
 -7390
 -6977
 -2529
  3380
  7335
  7048
  2684
 -3233
 -7280
 -7116
 -2837
  3081
  7219
  7181
  2990
 -2931
 -7157
 -7244
 -3141
  2776
  7089
  7302
  3291
 -2624
 -7021
 -7358
 -3439
  2467
  6947
  7409
  3585
 -2312
 -6873
 -7459
 -3730
  2153
  6792
  7504
  3874
 -1996
 -6713
 -7546
 -4015
  1835
  6626
  7584
  4156
 -1677
 -6540
 -7620
 -4294
  1515
  6447
  7652
  4430
 -1354
 -6356
 -7681
 -4564
  1191
  6258
  7705
  4696
 -1030
 -6160
 -7728
 -4826
   865
  6057
  7745
  4954
  -703
 -5954
 -7761
 -5079
   538
  5844
  7772
  5203
  -375
 -5737
 -7780
 -5324
   210
  5622
  7784
  5443
   -47
 -5509
 -7786
 -5559
  -119
  5390
  7782
  5673
   282
 -5272
 -7777
 -5784
  -447
  5148
  7767
  5893
   610
 -5026
 -7755
 -5999
  -774
  4897
  7738
  6102
   937
 -4770
 -7719
 -6203
 -1101
  4637
  7695
  6301
  1263
 -4506
 -7669
 -6396
 -1425
  4369
  7638
  6489
  1586
 -4234
 -7605
 -6578
 -1747
  4093
  7567
  6664
  1906
 -3955
 -7528
 -6748
 -2065
  3810
  7483
  6828
  2223
 -3668
 -7438
 -6906
 -2380
  3520
  7386
  6980
  2536
 -3375
 -7334
 -7051
 -2691
  3224
  7276
  7119
  2845
 -3076
 -7217
 -7185
 -2997
  2922
  7152
  7246
  3148
 -2771
 -7087
 -7305
 -3298
  2615
  7016
  7360
  3446
 -2461
 -6945
 -7412
 -3592
  2303
  6868
  7460
  3737
 -2147
 -6790
 -7506
 -3881
  1987
  6707
  7547
  4022
 -1830
 -6624
 -7587
 -4162
  1668
  6534
  7621
  4300
 -1508
 -6445
 -7654
 -4436
  1345
  6350
  7682
  4570
 -1185
 -6255
 -7707
 -4702
  1021
  6154
  7728
  4832
  -859
 -6053
 -7747
 -4960
   694
  5947
  7761
  5086
  -531
 -5841
 -7773
 -5209
   366
  5729
  7780
  5330
  -203
 -5619
 -7785
 -5448
    38
  5502
  7785
  5565
   125
 -5386
 -7783
 -5678
  -291
  5264
  7776
  5790
   454
 -5144
 -7768
 -5898
  -619
  5017
  7753
  6004
   782
 -4893
 -7738
 -6107
  -946
  4762
  7717
  6208
  1108
 -4633
 -7694
 -6306
 -1271
  4498
  7666
  6401
  1432
 -4365
 -7638
 -6493
 -1594
  4225
  7603
  6582
  1754
 -4089
 -7567
 -6669
 -1914
  3946
  7525
  6752
  2073
 -3805
 -7483
 -6832
 -2231
  3659
  7434
  6909
  2388
 -3515
 -7385
 -6984
 -2544
  3366
  7330
  7055
  2698
 -3219
 -7275
 -7123
 -2852
  3066
  7213
  7187
  3004
 -2917
 -7151
 -7249
 -3155
  2762
  7083
  7307
  3305
 -2609
 -7014
 -7363
 -3453
  2452
  6940
  7414
  3599
 -2297
 -6866
 -7463
 -3744
  2138
  6785
  7507
  3888
 -1981
 -6705
 -7550
 -4029
  1820
  6618
  7588
  4169
 -1662
 -6531
 -7624
 -4307
  1499
  6439
  7654
  4443
 -1339
 -6347
 -7684
 -4576
  1175
  6248
  7708
  4709
 -1014
 -6151
 -7730
 -4838
   850
  6047
  7747
  4966
  -687
 -5944
 -7762
 -5092
   522
  5834
  7772
  5215
  -359
 -5726
 -7781
 -5336
   194
  5611
  7784
  5454
   -31
 -5498
 -7786
 -5570
  -134
  5379
  7782
  5684
   298
 -5261
 -7777
 -5795
  -463
  5136
  7766
  5903
   626
 -5014
 -7754
 -6009
  -790
  4885
  7736
  6112
   953
 -4758
 -7717
 -6213
 -1117
  4624
  7692
  6310
  1278
 -4494
 -7666
 -6405
 -1441
  4356
  7635
  6497
  1601
 -4221
 -7602
 -6586
 -1762
  4080
  7564
  6672
  1921
 -3941
 -7524
 -6756
 -2081
  3796
  7479
  6836
  2238
 -3654
 -7433
 -6913
 -2395
  3506
  7381
  6987
  2551
 -3361
 -7329
 -7058
 -2706
  3210
  7270
  7126
  2859
 -3061
 -7211
 -7191
 -3012
  2907
  7146
  7252
  3162
 -2756
 -7081
 -7310
 -3312
  2600
  7010
  7365
  3460
 -2446
 -6938
 -7417
 -3606
  2288
  6860
  7465
  3751
 -2132
 -6783
 -7510
 -3894
  1972
  6699
  7551
  4036
 -1814
 -6615
 -7590
 -4175
  1652
  6525
  7624
  4313
 -1493
 -6436
 -7657
 -4449
  1330
  6340
  7684
  4583
 -1169
 -6245
 -7709
 -4715
  1005
  6144
  7730
  4844
  -843
 -6044
 -7749
 -4972
   678
  5937
  7762
  5097
  -516
 -5831
 -7774
 -5221
   351
  5719
  7780
  5341
  -187
 -5608
 -7785
 -5460
    22
  5491
  7785
  5576
   141
 -5375
 -7783
 -5689
  -306
  5253
  7775
  5800
   470
 -5132
 -7766
 -5908
  -634
  5006
  7752
  6014
   797
 -4881
 -7736
 -6117
  -962
  4749
  7715
  6217
  1124
 -4620
 -7692
 -6315
 -1286
  4485
  7664
  6410
  1448
 -4352
 -7634
 -6502
 -1609
  4212
  7599
  6590
  1769
 -4075
 -7563
 -6677
 -1929
  3932
  7521
  6759
  2088
 -3792
 -7478
 -6840
 -2246
  3645
  7429
  6916
  2403
 -3501
 -7380
 -6991
 -2558
  3352
  7325
  7061
  2713
 -3204
 -7269
 -7129
 -2867
  3052
  7207
  7193
  3019
 -2902
 -7145
 -7255
 -3170
  2747
  7076
  7313
  3319
 -2595
 -7008
 -7368
 -3467
  2437
  6933
  7419
  3613
 -2282
 -6858
 -7467
 -3758
  2123
  6777
  7512
  3901
 -1966
 -6697
 -7554
 -4042
  1805
  6609
  7591
  4182
 -1646
 -6523
 -7627
 -4320
  1484
  6430
  7657
  4456
 -1324
 -6338
 -7686
 -4589
  1160
  6239
  7710
  4721
  -999
 -6141
 -7732
 -4851
   834
  6037
  7749
  4978
  -672
 -5934
 -7763
 -5103
   507
  5824
  7773
  5226
  -344
 -5715
 -7781
 -5347
   179
  5600
  7784
  5465
   -15
 -5487
 -7786
 -5581
  -150
  5367
  7781
  5694
   313
 -5249
 -7776
 -5805
  -478
  5125
  7765
  5913
   642
 -5002
 -7752
 -6019
  -806
  4872
  7734
  6122
   968
 -4745
 -7715
 -6222
 -1132
  4612
  7690
  6320
  1294
 -4481
 -7664
 -6414
 -1456
  4343
  7632
  6506
  1617
 -4208
 -7599
 -6595
 -1777
  4066
  7560
  6680
  1937
 -3928
 -7520
 -6764
 -2096
  3783
  7475
  6843
  2253
 -3640
 -7429
 -6920
 -2410
  3492
  7376
  6994
  2566
 -3346
 -7323
 -7065
 -2721
  3195
  7264
  7132
  2874
 -3047
 -7205
 -7197
 -3026
  2893
  7140
  7257
  3177
 -2742
 -7074
 -7316
 -3326
  2585
  7003
  7370
  3474
 -2432
 -6931
 -7422
 -3620
  2273
  6853
  7469
  3765
 -2117
 -6775
 -7514
 -3908
  1957
  6691
  7555
  4049
 -1799
 -6607
 -7594
 -4188
  1637
  6517
  7628
  4326
 -1478
 -6427
 -7660
 -4462
  1315
  6331
  7687
  4596
 -1154
 -6236
 -7712
 -4727
   990
  6134
  7732
  4857
  -828
 -6034
 -7750
 -4984
   663
  5926
  7763
  5109
  -500
 -5821
 -7775
 -5232
   335
  5708
  7781
  5353
  -172
 -5597
 -7785
 -5471
     6
  5480
  7785
  5586
   157
 -5364
 -7782
 -5700
  -322
  5241
  7774
  5810
   485
 -5121
 -7765
 -5919
  -650
  4994
  7750
  6024
   813
 -4869
 -7734
 -6127
  -977
  4737
  7713
  6227
  1139
 -4608
 -7690
 -6324
 -1302
  4472
  7661
  6418
  1463
 -4339
 -7631
 -6510
 -1625
  4199
  7596
  6599
  1785
 -4062
 -7559
 -6685
 -1944
  3919
  7517
  6767
  2103
 -3778
 -7474
 -6847
 -2261
  3631
  7425
  6924
  2418
 -3487
 -7375
 -6998
 -2573
  3337
  7319
  7068
  2728
 -3190
 -7263
 -7136
 -2881
  3038
  7201
  7199
  3033
 -2888
 -7138
 -7261
 -3184
  2732
  7069
  7318
  3333
 -2580
 -7001
 -7373
 -3481
  2422
  6926
  7423
  3627
 -2267
 -6851
 -7472
 -3772
  2108
  6770
  7516
  3915
 -1951
 -6688
 -7558
 -4056
  1790
  6601
  7595
  4195
 -1631
 -6514
 -7630
 -4332
  1468
  6421
  7660
  4468
 -1308
 -6328
 -7689
 -4602
  1145
  6229
  7712
  4733
  -983
 -6131
 -7733
 -4863
   818
  6027
  7750
  4990
  -656
 -5923
 -7765
 -5115
   491
  5813
  7774
  5238
  -328
 -5705
 -7782
 -5358
   163
  5590
  7784
  5476
     1
 -5476
 -7786
 -5592
  -166
  5356
  7781
  5705
   329
 -5237
 -7775
 -5816
  -494
  5113
  7764
  5924
   657
 -4990
 -7751
 -6029
  -821
  4860
  7732
  6131
   984
 -4733
 -7713
 -6232
 -1147
  4599
  7687
  6328
  1309
 -4468
 -7661
 -6423
 -1471
  4330
  7629
  6514
  1632
 -4195
 -7595
 -6603
 -1793
  4053
  7556
  6688
  1952
 -3914
 -7516
 -6771
 -2111
  3769
  7470
  6851
  2268
 -3626
 -7424
 -6928
 -2425
  3478
  7371
  7001
  2581
 -3332
 -7318
 -7071
 -2735
  3181
  7259
  7138
  2888
 -3032
 -7200
 -7203
 -3040
  2878
  7134
  7263
  3191
 -2727
 -7068
 -7321
 -3340
  2571
  6996
  7375
  3488
 -2417
 -6924
 -7426
 -3634
  2258
  6845
  7473
  3779
 -2102
 -6767
 -7518
 -3921
  1942
  6683
  7559
  4063
 -1784
 -6599
 -7597
 -4202
  1622
  6508
  7631
  4339
 -1462
 -6418
