     0
     0
     0
     0
   572
  4723
  7710
  5979
   584
 -5169
 -7755
 -5590
     0
  5589
  7754
  5168
  -585
 -5980
 -7711
 -4717
  1165
  6334
  7623
  4240
 -1741
 -6655
 -7492
 -3738
  2304
  6936
  7318
  3215
 -2857
 -7180
 -7103
 -2674
  3391
  7380
  6847
  2118
 -3909
 -7541
 -6552
 -1550
  4401
  7657
  6220
   972
 -4872
 -7731
 -5853
  -390
  5311
  7759
  5453
  -196
 -5724
 -7746
 -5021
   778
  6101
  7686
  4561
 -1359
 -6446
 -7584
 -4075
  1929
  6752
  7438
  3566
 -2491
 -7023
 -7251
 -3037
  3036
  7250
  7022
  2490
 -3567
 -7439
 -6753
 -1930
  4074
  7583
  6446
  1358
 -4562
 -7687
 -6102
  -779
  5020
  7745
  5723
   195
 -5454
 -7760
 -5312
   389
  5852
  7730
  4871
  -973
 -6221
 -7657
 -4402
  1549
  6551
  7540
  3908
 -2119
 -6848
 -7381
 -3392
  2673
  7102
  7179
  2857
 -3216
 -7319
 -6937
 -2305
  3737
  7491
  6654
  1740
 -4241
 -7624
 -6335
 -1166
  4716
  7710
  5979
   584
 -5169
 -7755
 -5590
     0
  5589
  7754
  5168
  -585
 -5980
 -7711
 -4717
  1165
  6334
  7623
  4240
 -1741
 -6655
 -7492
 -3738
  2304
  6936
  7318
  3215
 -2857
 -7180
 -7103
 -2674
  3391
  7380
  6847
  2118
 -3909
 -7541
 -6552
 -1550
  4401
  7657
  6220
   972
 -4872
 -7731
 -5853
  -390
  5311
  7759
  5453
  -196
 -5724
 -7746
 -5021
   778
  6101
  7686
  4561
 -1359
 -6446
 -7584
 -4075
  1929
  6752
  7438
  3566
 -2491
 -7023
 -7251
 -3037
  3036
  7250
  7022
  2490
 -3567
 -7439
 -6753
 -1930
  4074
  7583
  6446
  1358
 -4562
 -7687
 -6102
  -779
  5020
  7745
  5723
   195
 -5454
 -7760
 -5312
   389
  5852
  7730
  4871
  -973
 -6221
 -7657
 -4402
  1549
  6551
  7540
  3908
 -2119
 -6848
 -7381
 -3392
  2673
  7102
  7179
  2857
 -3216
 -7319
 -6937
 -2305
  3737
  7491
  6654
  1740
 -4241
 -7624
 -6335
 -1166
  4716
  7710
  5979
   584
 -5169
 -7755
 -5590
     0
  5589
  7754
  5168
  -585
 -5980
 -7711
 -4717
  1165
  6334
  7623
  4240
 -1741
 -6655
 -7492
 -3738
  2304
  6936
  7318
  3215
 -2857
 -7180
 -7103
 -2674
  3391
  7380
  6847
  2118
 -3909
 -7541
 -6552
 -1550
  4401
  7657
  6220
   972
 -4872
 -7731
 -5853
  -390
  5311
  7759
  5453
  -196
 -5724
 -7746
 -5021
   778
  6101
  7686
  4561
 -1359
 -6446
 -7584
 -4075
  1929
  6752
  7438
  3566
 -2491
 -7023
 -7251
 -3037
  3036
  7250
  7022
  2490
 -3567
 -7439
 -6753
 -1930
  4074
  7583
  6446
  1358
 -4562
 -7687
 -6102
  -779
  5020
  7745
  5723
   195
 -5454
 -7760
 -5312
   389
  5852
  7730
  4871
  -973
 -6221
 -7657
 -4402
  1549
  6551
  7540
  3908
 -2119
 -6848
 -7381
 -3392
  2673
  7102
  7179
  2857
 -3216
 -7319
 -6937
 -2305
  3737
  7491
  6654
  1740
 -4241
 -7624
 -6335
 -1166
  4716
  7710
  5979
   584
 -5169
 -7755
 -5590
    -1
  5589
  7754
  5168
  -585
 -5980
 -7711
 -4717
  1165
  6334
  7623
  4240
 -1741
 -6655
 -7492
 -3738
  2304
  6936
  7318
  3215
 -2857
 -7180
 -7103
 -2674
  3391
  7380
  6847
  2118
 -3909
 -7541
 -6552
 -1550
  4401
  7656
  6220
   972
 -4872
 -7731
 -5853
  -390
  5311
  7759
  5453
  -196
 -5724
 -7746
 -5021
   778
  6101
  7686
  4561
 -1359
 -6446
 -7584
 -4075
  1929
  6752
  7438
  3566
 -2491
 -7023
 -7251
 -3037
  3036
  7250
  7022
  2490
 -3567
 -7439
 -6753
 -1930
  4074
  7583
  6446
  1358
 -4562
 -7687
 -6102
  -779
  5020
  7745
  5723
   195
 -5454
 -7760
 -5312
   389
  5852
  7730
  4871
  -973
 -6221
 -7657
 -4402
  1549
  6551
  7540
  3908
 -2119
 -6848
 -7381
 -3392
  2673
  7102
  7179
  2857
 -3216
 -7319
 -6937
 -2305
  3737
  7491
  6654
  1740
 -4241
 -7624
 -6335
 -1166
  4716
  7710
  5979
   584
 -5169
 -7755
 -5590
    -1
  5589
  7754
  5168
  -585
 -5980
 -7711
 -4717
  1165
  6334
  7623
  4240
 -1741
 -6655
 -7492
 -3738
  2304
  6936
  7318
  3215
 -2857
 -7180
 -7103
 -2674
  3391
  7380
  6847
  2118
 -3909
 -7541
 -6552
 -1550
  4401
  7656
  6220
   972
 -4872
 -7731
 -5853
  -390
  5311
  7759
  5453
  -196
 -5724
 -7746
 -5021
   778
  6101
  7686
  4561
 -1359
 -6446
 -7584
 -4075
  1929
  6752
  7438
  3566
 -2491
 -7023
 -7251
 -3037
  3036
  7250
  7022
  2490
 -3567
 -7439
 -6753
 -1930
  4074
  7583
  6446
  1358
 -4562
 -7687
 -6102
  -779
  5020
  7745
  5723
   195
 -5454
 -7760
 -5312
   389
  5852
  7730
  4871
  -973
 -6221
 -7657
 -4402
  1549
  6551
  7540
  3908
 -2119
 -6848
 -7381
 -3392
  2673
  7102
  7179
  2857
 -3216
 -7319
 -6937
 -2305
  3737
  7491
  6654
  1740
 -4241
 -7624
 -6335
 -1166
  4716
  7710
  5979
   584
 -5169
 -7755
 -5590
    -1
  5589
  7754
  5168
  -585
 -5980
 -7711
 -4717
  1165
  6334
  7623
  4240
 -1741
 -6655
 -7492
 -3738
  2304
  6936
  7318
  3215
 -2857
 -7180
 -7103
 -2674
  3391
  7380
  6847
  2118
 -3909
 -7541
 -6552
 -1550
  4401
  7656
  6220
   972
 -4872
 -7731
 -5853
  -390
  5311
  7759
  5453
  -196
 -5724
 -7746
 -5021
   778
  6101
  7686
  4561
 -1359
 -6446
 -7584
 -4075
  1929
  6752
  7438
  3566
 -2491
 -7023
 -7251
 -3037
  3036
  7250
  7022
  2490
 -3567
 -7439
 -6753
 -1930
  4074
  7583
  6446
  1358
 -4562
 -7687
 -6102
  -779
  5020
  7745
  5723
   195
 -5454
 -7760
 -5312
   389
  5852
  7730
  4871
  -973
 -6221
 -7657
 -4402
  1549
  6551
  7540
  3908
 -2119
 -6848
 -7381
 -3392
  2673
  7102
  7179
  2857
 -3216
 -7319
 -6937
 -2305
  3737
  7491
  6654
  1740
 -4241
 -7624
 -6335
 -1166
  4716
  7710
  5979
   584
 -5169
 -7755
 -5590
    -1
  5589
  7754
  5168
  -585
 -5980
 -7711
 -4717
  1165
  6334
  7623
  4240
 -1741
 -6655
 -7492
 -3738
  2304
  6936
  7318
  3215
 -2857
 -7180
 -7103
 -2674
  3391
  7380
  6847
  2118
 -3909
 -7541
 -6552
 -1550
  4401
  7656
  6220
   972
 -4872
 -7731
 -5853
  -390
  5311
  7759
  5453
  -196
 -5724
 -7746
 -5021
   778
  6101
  7686
  4561
 -1359
 -6446
 -7584
 -4075
  1929
  6752
  7438
  3566
 -2491
 -7023
 -7251
 -3037
  3036
  7250
  7022
  2490
 -3567
 -7439
 -6753
 -1930
  4074
  7583
  6446
  1358
 -4562
 -7687
 -6102
  -779
  5020
  7745
  5723
   195
 -5454
 -7760
 -5312
   389
  5852
  7730
  4871
  -973
 -6221
 -7657
 -4402
  1549
  6551
  7540
  3908
 -2119
 -6848
 -7381
 -3392
  2673
  7102
  7179
  2857
 -3216
 -7319
 -6937
 -2305
  3737
  7491
  6654
  1740
 -4241
 -7624
 -6335
 -1166
  4716
  7710
  5979
   584
 -5169
 -7755
 -5590
    -1
  5589
  7754
  5168
  -585
 -5980
 -7711
 -4717
  1165
  6334
  7623
  4240
 -1741
 -6655
 -7492
 -3738
  2304
  6936
  7318
  3215
 -2857
 -7180
 -7103
 -2674
  3391
  7380
  6847
  2118
 -3909
 -7541
 -6552
 -1550
  4401
  7656
  6220
   972
 -4872
 -7731
 -5853
  -390
  5311
  7759
  5453
  -196
 -5724
 -7746
 -5021
   778
  6101
  7686
  4561
 -1359
 -6446
 -7584
 -4075
  1929
  6752
  7438
  3566
 -2491
 -7023
 -7251
 -3037
  3036
  7250
  7022
  2490
 -3567
 -7439
 -6753
 -1930
  4074
  7583
  6446
  1358
 -4562
 -7687
 -6102
  -779
  5020
  7745
  5723
   195
 -5454
 -7760
 -5312
   389
  5852
  7730
  4871
  -973
 -6221
 -7657
 -4402
  1549
  6551
  7540
  3908
 -2119
 -6848
 -7381
 -3392
  2673
  7102
  7179
  2857
 -3216
 -7319
 -6937
 -2305
  3737
  7491
  6654
  1740
 -4241
 -7624
 -6335
 -1166
  4716
  7710
  5979
   584
 -5169
 -7755
 -5590
    -1
  5589
  7754
  5168
  -585
 -5980
 -7711
 -4717
  1165
  6334
  7623
  4240
 -1741
 -6655
 -7492
 -3738
  2304
  6936
  7318
  3215
 -2857
 -7180
 -7103
 -2674
  3391
  7380
  6847
  2118
 -3909
 -7541
 -6552
 -1550
  4401
  7656
  6220
   972
 -4872
 -7731
 -5853
  -390
  5311
  7759
  5453
  -196
 -5724
 -7746
 -5021
   778
  6101
  7686
  4561
 -1359
 -6446
 -7584
 -4075
  1929
  6752
  7438
  3566
 -2491
 -7023
 -7251
 -3037
  3036
  7250
  7022
  2490
 -3567
 -7439
 -6753
 -1930
  4074
  7583
  6446
  1358
 -4562
 -7687
 -6102
  -779
  5020
  7745
  5723
   195
 -5454
 -7760
 -5312
   389
  5852
  7730
  4871
  -973
 -6221
 -7657
 -4402
  1549
  6551
  7540
  3908
 -2119
 -6848
 -7381
 -3392
  2673
  7102
  7179
  2857
 -3216
 -7319
 -6937
 -2305
  3737
  7491
  6655
  1740
 -4241
 -7624
 -6335
 -1166
  4716
  7710
  5979
   584
 -5169
 -7755
 -5590
    -1
  5589
  7754
  5168
  -585
 -5980
 -7711
 -4717
  1165
  6334
  7623
  4240
 -1741
 -6655
 -7492
 -3738
  2304
  6936
  7318
  3215
 -2857
 -7180
 -7103
 -2674
  3391
  7380
  6847
  2118
 -3909
 -7541
 -6552
 -1550
  4401
  7657
  6220
   972
 -4872
 -7731
 -5853
  -390
  5311
  7759
  5453
  -196
 -5724
 -7746
 -5021
   778
  6101
  7686
  4561
 -1359
 -6446
 -7584
 -4075
  1929
  6752
  7438
  3566
 -2491
 -7023
 -7251
 -3037
  3036
  7250
  7022
  2490
 -3567
 -7439
 -6753
 -1930
  4074
  7583
  6446
  1358
 -4562
 -7687
 -6102
  -779
  5020
  7745
  5723
   195
 -5454
 -7760
 -5312
   389
  5852
  7730
  4871
  -973
 -6221
 -7657
 -4402
  1549
  6551
  7540
  3908
 -2119
 -6848
 -7381
 -3392
  2673
  7102
  7179
  2857
 -3216
 -7319
 -6937
 -2305
  3737
  7491
