     0
   253
  2200
  4506
  6372
  7616
  8117
  7826
  6771
  5055
  2846
   359
 -2163
 -4474
 -6348
 -7603
 -8116
 -7837
 -6793
 -5086
 -2883
  -400
  2121
  4437
  6321
  7587
  8113
  7847
  6815
  5118
  2922
   440
 -2084
 -4406
 -6297
 -7574
 -8112
 -7858
 -6838
 -5150
 -2960
  -482
  2042
  4369
  6269
  7557
  8108
  7868
  6859
  5182
  2998
   522
 -2005
 -4337
 -6245
 -7544
 -8107
 -7878
 -6881
 -5213
 -3036
  -563
  1963
  4300
  6217
  7527
  8103
  7888
  6903
  5244
  3074
   603
 -1926
 -4267
 -6192
 -7513
 -8101
 -7898
 -6924
 -5275
 -3111
  -644
  1884
  4230
  6164
  7496
  8096
  7907
  6946
  5306
  3149
   685
 -1846
 -4198
 -6139
 -7482
 -8094
 -7917
 -6967
 -5337
 -3186
  -726
  1804
  4160
  6110
  7464
  8089
  7925
  6988
  5368
  3224
   766
 -1767
 -4127
 -6085
 -7450
 -8087
 -7935
 -7009
 -5398
 -3261
  -807
  1725
  4090
  6056
  7431
  8081
  7943
  7029
  5429
  3299
   847
 -1687
 -4057
 -6031
 -7417
 -8079
 -7952
 -7049
 -5459
 -3336
  -888
  1645
  4019
  6001
  7398
  8073
  7959
  7070
  5490
  3374
   929
 -1607
 -3986
 -5976
 -7383
 -8069
 -7968
 -7090
 -5519
 -3410
  -969
  1565
  3948
  5946
  7364
  8063
  7975
  7109
  5550
  3448
  1010
 -1527
 -3915
 -5920
 -7348
 -8059
 -7984
 -7129
 -5579
 -3484
 -1050
  1484
  3876
  5890
  7329
  8053
  7991
  7148
  5609
  3522
  1091
 -1447
 -3843
 -5864
 -7313
 -8049
 -7999
 -7168
 -5638
 -3558
 -1131
  1404
  3804
  5834
  7293
  8042
  8005
  7187
  5668
  3595
  1172
 -1366
 -3771
 -5807
 -7277
 -8037
 -8013
 -7206
 -5697
 -3631
 -1212
  1324
  3732
  5776
  7257
  8030
  8018
  7225
  5726
  3668
  1252
 -1286
 -3698
 -5750
 -7240
 -8025
 -8026
 -7244
 -5754
 -3704
 -1292
  1243
  3659
  5719
  7220
  8017
  8031
  7261
  5783
  3741
  1333
 -1205
 -3625
 -5692
 -7203
 -8011
 -8038
 -7280
 -5812
 -3777
 -1373
  1162
  3586
  5660
  7182
  8003
  8043
  7298
  5841
  3813
  1414
 -1124
 -3552
 -5633
 -7165
 -7997
 -8049
 -7316
 -5869
 -3849
 -1453
  1082
  3513
  5602
  7144
  7989
  8054
  7333
  5897
  3885
  1494
 -1043
 -3478
 -5574
 -7126
 -7983
 -8060
 -7351
 -5925
 -3920
 -1534
  1001
  3439
  5542
  7105
  7974
  8064
  7368
  5953
  3957
  1574
  -962
 -3404
 -5514
 -7086
 -7967
 -8070
 -7386
 -5981
 -3992
 -1614
   920
  3365
  5482
  7065
  7958
  8074
  7402
  6008
  4028
  1654
  -881
 -3330
 -5454
 -7046
 -7951
 -8079
 -7419
 -6035
 -4063
 -1694
   838
  3290
  5422
  7024
  7941
  8083
  7436
  6063
  4098
  1734
  -800
 -3255
 -5393
 -7005
 -7933
 -8087
 -7452
 -6090
 -4133
 -1774
   757
  3215
  5360
  6982
  7923
  8090
  7468
  6117
  4169
  1814
  -718
 -3180
 -5332
 -6963
 -7915
 -8095
 -7484
 -6144
 -4203
 -1853
   676
  3140
  5299
  6940
  7905
  8097
  7500
  6170
  4239
  1893
  -637
 -3105
 -5270
 -6921
 -7896
 -8101
 -7516
 -6197
 -4273
 -1933
   595
  3065
  5237
  6898
  7885
  8104
  7531
  6223
  4308
  1973
  -555
 -3029
 -5208
 -6878
 -7877
 -8107
 -7546
 -6249
 -4342
 -2012
   513
  2989
  5174
  6854
  7865
  8109
  7561
  6275
  4377
  2052
  -474
 -2953
 -5145
 -6834
 -7856
 -8112
 -7576
 -6301
 -4411
 -2091
   432
  2913
  5111
  6810
  7844
  8113
  7591
  6327
  4446
  2131
  -392
 -2877
 -5081
 -6789
 -7835
 -8116
 -7606
 -6352
 -4480
 -2170
   350
  2837
  5047
  6765
  7823
  8117
  7619
  6378
  4514
  2209
  -311
 -2801
 -5017
 -6744
 -7813
 -8120
 -7634
 -6403
 -4548
 -2248
   269
  2760
  4983
  6719
  7800
  8120
  7647
  6428
  4582
  2288
  -229
 -2724
 -4953
 -6698
 -7790
 -8122
 -7661
 -6453
 -4615
 -2327
   187
  2683
  4918
  6673
  7777
  8122
  7674
  6478
  4649
  2366
  -148
 -2647
 -4888
 -6652
 -7767
 -8124
 -7688
 -6502
 -4682
 -2405
   106
  2606
  4853
  6626
  7753
  8123
  7701
  6527
  4715
  2444
   -66
 -2569
 -4822
 -6604
 -7742
 -8125
 -7714
 -6551
 -4749
 -2483
    24
  2528
  4787
  6579
  7728
  8124
  7726
  6575
  4782
  2522
    16
 -2492
 -4756
 -6557
 -7717
 -8125
 -7739
 -6599
 -4814
 -2560
   -58
  2450
  4721
  6530
  7703
  8123
  7751
  6623
  4847
  2599
    97
 -2414
 -4690
 -6508
 -7691
 -8124
 -7764
 -6646
 -4880
 -2638
  -139
  2372
  4654
  6481
  7676
  8122
  7775
  6669
  4913
  2677
   179
 -2336
 -4623
 -6459
 -7665
 -8122
 -7788
 -6693
 -4945
 -2715
  -221
  2294
  4587
  6432
  7649
  8120
  7798
  6716
  4978
  2754
   261
 -2257
 -4556
 -6409
 -7637
 -8120
 -7811
 -6739
 -5010
 -2791
  -302
  2216
  4519
  6382
  7622
  8117
  7821
  6761
  5042
  2830
   342
 -2179
 -4488
 -6359
 -7609
 -8117
 -7833
 -6784
 -5074
 -2868
  -384
  2137
  4451
  6331
  7593
  8114
  7843
  6806
  5106
  2907
   424
 -2100
 -4419
 -6307
 -7580
 -8113
 -7854
 -6829
 -5137
 -2945
  -466
  2058
  4383
  6279
  7563
  8109
  7864
  6851
  5169
  2983
   506
 -2021
 -4350
 -6255
 -7550
 -8108
 -7874
 -6873
 -5200
 -3020
  -547
  1979
  4314
  6227
  7533
  8104
  7884
  6894
  5232
  3059
   587
 -1942
 -4281
 -6203
 -7519
 -8102
 -7894
 -6916
 -5263
 -3096
  -628
  1900
  4244
  6174
  7502
  8098
  7903
  6937
  5294
  3134
   669
 -1862
 -4212
 -6150
 -7488
 -8096
 -7913
 -6958
 -5325
 -3171
  -710
  1820
  4174
  6121
  7471
  8091
  7922
  6979
  5356
  3209
   750
 -1783
 -4142
 -6096
 -7456
 -8088
 -7931
 -7000
 -5386
 -3246
  -791
  1740
  4104
  6067
  7438
  8083
  7939
  7021
  5417
  3284
   831
 -1703
 -4071
 -6042
 -7423
 -8080
 -7949
 -7041
 -5447
 -3321
  -872
  1661
  4033
  6013
  7405
  8075
  7956
  7061
  5477
  3359
   912
 -1623
 -4000
 -5987
 -7390
 -8071
 -7965
 -7082
 -5507
 -3396
  -953
  1581
  3962
  5957
  7371
  8065
  7972
  7101
  5537
  3433
   993
 -1543
 -3929
 -5931
 -7355
 -8061
 -7981
 -7121
 -5567
 -3470
 -1034
  1501
  3891
  5901
  7336
  8055
  7987
  7141
  5597
  3507
  1075
 -1463
 -3857
 -5875
 -7320
 -8051
 -7996
 -7160
 -5626
 -3543
 -1115
  1420
  3819
  5845
  7301
  8044
  8002
  7179
  5656
  3580
  1156
 -1382
 -3785
 -5819
 -7284
 -8039
 -8010
 -7199
 -5685
 -3617
 -1196
  1340
  3747
  5788
  7265
  8032
  8016
  7217
  5714
  3653
  1236
 -1302
 -3713
 -5761
 -7248
 -8027
 -8023
 -7236
 -5743
 -3689
 -1276
  1259
  3674
  5730
  7228
  8019
  8029
  7254
  5772
  3726
  1317
 -1221
 -3640
 -5703
 -7211
 -8014
 -8036
 -7273
 -5801
 -3762
 -1357
  1179
  3601
  5672
  7190
  8006
  8041
  7291
  5829
  3799
  1398
 -1140
 -3567
 -5645
 -7173
 -8000
 -8047
 -7309
 -5857
 -3834
 -1437
  1098
  3528
  5613
  7151
  7992
  8052
  7326
  5886
  3871
  1478
 -1059
 -3493
 -5586
 -7134
 -7986
 -8058
 -7344
 -5914
 -3906
 -1518
  1017
  3454
  5554
  7113
  7977
  8062
  7361
  5942
  3942
  1558
  -978
 -3419
 -5526
 -7094
 -7970
 -8068
 -7379
 -5969
 -3978
 -1598
   936
  3380
  5494
  7073
  7961
  8072
  7395
  5997
  4014
  1638
  -897
 -3345
 -5466
 -7054
 -7954
 -8077
 -7413
 -6025
 -4049
 -1678
   855
  3305
  5434
  7032
  7944
  8081
  7429
  6052
  4084
  1718
  -816
 -3270
 -5405
 -7013
 -7937
 -8086
 -7446
 -6079
 -4119
 -1758
   773
  3230
  5373
  6991
  7927
  8089
  7462
  6106
  4155
  1798
  -734
 -3195
 -5344
 -6972
 -7919
 -8093
 -7478
 -6133
 -4189
 -1837
   692
  3155
  5311
  6949
  7908
  8096
  7493
  6160
  4225
  1877
  -653
 -3120
 -5283
 -6929
 -7900
 -8100
 -7510
 -6186
 -4259
 -1917
   611
  3080
  5249
  6906
  7889
  8102
  7525
  6212
  4294
  1957
  -572
 -3044
 -5220
 -6886
 -7881
 -8106
 -7540
 -6239
 -4329
 -1996
   529
  3004
  5187
  6863
  7869
  8108
  7555
  6265
  4363
  2036
  -490
 -2969
 -5157
 -6843
 -7860
 -8111
 -7570
 -6291
 -4398
 -2075
   448
  2928
  5123
  6819
  7849
  8113
  7585
  6317
  4432
  2115
  -409
 -2892
 -5094
 -6798
 -7839
 -8116
 -7600
 -6342
 -4466
 -2154
   366
  2852
  5060
  6774
  7827
  8116
  7614
  6368
  4500
  2194
  -327
 -2816
 -5030
 -6753
 -7818
 -8119
 -7628
 -6393
 -4534
 -2233
   285
  2775
  4996
  6729
  7805
  8119
  7642
  6418
  4568
  2272
  -245
 -2739
 -4966
 -6708
 -7795
 -8122
 -7656
 -6443
 -4601
 -2311
   203
  2698
  4931
  6682
  7782
  8122
  7669
  6468
  4635
  2350
  -164
 -2662
 -4901
 -6661
 -7772
 -8124
 -7683
 -6492
 -4668
 -2389
   122
  2621
  4866
  6636
  7758
  8123
  7695
  6517
  4702
  2429
   -82
 -2585
 -4835
 -6614
 -7747
 -8125
 -7709
 -6541
 -4735
 -2467
    40
  2544
  4800
  6588
  7733
  8124
  7721
  6565
  4768
  2506
    -1
 -2507
 -4769
 -6566
 -7722
 -8125
 -7734
 -6589
 -4801
 -2545
   -41
  2466
  4734
  6540
  7708
  8124
  7746
  6613
  4834
  2584
    81
 -2429
 -4703
 -6518
 -7696
 -8124
 -7759
 -6637
 -4867
 -2622
  -123
  2388
  4667
  6491
  7682
  8123
  7771
  6660
  4900
  2661
   163
 -2351
 -4636
 -6469
 -7670
 -8123
 -7783
 -6684
 -4932
 -2699
  -205
  2310
  4600
  6442
  7655
  8121
  7794
  6707
  4965
  2738
   245
 -2273
 -4569
 -6419
 -7643
 -8120
 -7806
 -6730
 -4997
 -2776
  -286
  2232
  4533
  6392
  7627
  8118
  7817
  6752
  5029
  2815
   326
 -2194
 -4501
 -6369
 -7615
 -8117
 -7828
 -6775
 -5061
 -2853
  -368
  2153
  4465
  6341
  7599
  8115
  7838
  6797
  5093
  2892
   408
 -2116
 -4433
 -6318
 -7586
 -8114
 -7850
 -6820
 -5125
 -2929
  -449
  2074
  4396
  6290
  7569
  8110
  7859
  6842
  5156
  2968
   489
 -2037
 -4364
 -6266
 -7556
 -8109
 -7870
 -6864
 -5188
 -3005
  -530
  1995
  4327
  6238
  7539
  8105
  7880
  6885
  5219
  3043
   571
 -1958
 -4295
 -6213
 -7525
 -8103
 -7890
 -6907
 -5250
 -3081
  -612
  1915
  4258
  6185
  7509
  8099
  7899
  6928
  5282
  3119
   652
 -1878
 -4226
 -6161
 -7494
 -8097
 -7909
 -6950
 -5312
 -3156
  -693
  1836
  4188
  6132
  7477
  8092
  7918
  6971
  5343
  3194
   734
 -1799
 -4156
 -6107
 -7462
 -8090
 -7928
 -6992
 -5374
 -3231
  -774
  1756
  4118
  6078
  7445
  8085
  7936
  7012
  5405
  3269
   815
 -1719
 -4085
 -6053
 -7430
 -8082
 -7945
 -7033
 -5435
 -3306
  -856
  1677
  4048
  6024
  7412
  8076
  7953
  7053
  5465
  3344
   896
 -1639
 -4015
 -5998
 -7396
 -8073
 -7962
 -7074
 -5495
 -3381
  -937
  1597
  3976
  5968
  7378
  8067
  7969
  7093
  5525
  3418
   977
 -1559
 -3943
 -5943
 -7362
 -8063
 -7978
 -7114
 -5555
 -3455
 -1018
  1517
  3905
  5913
  7343
  8057
  7985
  7133
  5585
  3492
  1058
 -1479
 -3872
 -5887
 -7327
 -8053
 -7993
 -7153
 -5615
 -3529
 -1099
  1436
  3833
  5856
  7308
  8046
  7999
  7172
  5644
  3566
  1139
 -1398
 -3799
 -5830
 -7292
 -8042
 -8007
 -7191
 -5673
 -3602
 -1180
  1356
  3761
  5799
  7272
  8035
  8013
  7210
  5703
  3639
  1220
 -1318
 -3727
 -5773
 -7255
 -8030
 -8020
 -7229
 -5731
 -3675
 -1260
  1275
  3688
  5742
  7235
  8022
  8026
  7247
  5760
  3712
  1301
 -1237
 -3654
 -5715
 -7218
 -8017
 -8033
 -7266
 -5789
 -3748
 -1341
  1195
  3616
  5684
  7198
  8009
  8038
  7283
  5818
  3784
  1381
 -1156
 -3581
 -5657
 -7180
 -8003
 -8045
 -7302
 -5846
 -3820
 -1421
  1114
  3542
  5625
  7159
  7995
  8050
  7319
  5874
  3856
  1462
 -1075
 -3508
 -5598
 -7142
 -7989
 -8056
 -7337
 -5903
 -3892
 -1502
  1033
  3468
  5566
  7120
  7980
  8060
  7354
  5930
  3928
  1542
  -994
 -3434
 -5538
 -7102
 -7973
 -8066
 -7372
 -5958
 -3963
 -1582
   952
  3394
  5506
  7081
  7964
  8070
  7389
  5986
  3999
  1622
  -913
 -3360
 -5478
 -7062
 -7957
 -8076
 -7406
 -6014
 -4034
 -1662
   871
  3320
  5446
  7040
  7948
  8079
  7422
  6041
  4070
  1702
  -832
 -3285
 -5418
 -7022
 -7940
 -8084
 -7439
 -6068
 -4105
 -1742
   790
  3245
  5385
  6999
  7930
  8087
  7455
  6095
  4141
  1782
  -751
 -3210
 -5357
 -6980
 -7923
 -8092
 -7472
 -6122
 -4175
 -1821
   708
  3170
  5324
  6957
  7912
  8095
  7487
  6149
  4211
  1861
  -670
 -3135
 -5295
 -6938
 -7904
 -8099
 -7503
 -6175
 -4245
 -1901
   627
  3095
  5262
  6915
  7893
  8101
  7518
  6202
  4280
  1941
  -588
 -3060
 -5233
 -6895
 -7885
 -8105
 -7534
 -6228
 -4315
 -1980
   546
  3019
  5199
  6872
  7873
  8107
  7549
  6255
  4350
  2020
  -507
 -2984
 -5170
 -6852
 -7865
 -8110
 -7565
 -6281
 -4384
 -2059
   464
  2943
  5136
  6828
  7853
  8112
  7579
  6306
  4418
  2099
  -425
 -2908
 -5107
 -6807
 -7844
 -8115
 -7594
 -6332
 -4452
 -2138
   383
  2867
  5072
  6783
  7832
  8116
  7608
  6358
  4487
  2178
  -343
 -2831
 -5043
 -6762
 -7822
 -8118
 -7623
 -6383
 -4520
 -2217
   301
  2791
  5009
  6738
  7810
  8119
  7636
  6408
  4555
  2256
  -262
 -2755
 -4979
 -6717
 -7799
 -8121
 -7650
 -6433
 -4588
 -2295
   220
  2714
  4944
  6692
  7787
  8121
  7664
  6458
  4622
  2335
  -180
 -2678
 -4914
 -6670
 -7776
 -8123
 -7678
 -6483
 -4655
 -2373
   138
  2636
  4879
  6645
  7763
  8123
  7690
  6507
  4689
  2413
   -98
 -2600
 -4849
 -6624
 -7752
 -8124
 -7704
 -6532
 -4722
 -2452
    56
  2559
  4813
  6598
  7738
  8124
  7716
  6556
  4755
  2491
   -17
 -2523
 -4783
 -6576
 -7727
 -8125
 -7729
 -6580
 -4788
 -2529
   -25
  2482
  4747
  6550
  7713
  8124
  7741
  6603
  4821
  2568
    65
 -2445
 -4716
 -6528
 -7702
 -8124
 -7754
 -6627
 -4854
 -2607
  -107
  2403
  4681
  6501
  7687
  8123
  7766
  6651
  4887
  2646
   147
 -2367
 -4650
 -6479
 -7675
 -8123
 -7778
 -6674
 -4919
 -2684
  -188
  2326
  4614
  6452
  7660
  8121
  7789
  6698
  4952
  2723
   228
 -2289
 -4582
 -6429
 -7648
 -8121
 -7801
 -6721
 -4984
 -2761
  -270
  2247
  4546
  6402
  7633
  8119
  7812
  6743
  5016
  2800
   310
 -2210
 -4515
 -6379
 -7620
 -8118
 -7824
 -6766
 -5048
 -2838
  -351
  2168
  4479
  6351
  7604
  8115
  7834
  6788
  5080
  2876
   391
 -2132
 -4447
 -6328
 -7591
 -8114
 -7846
 -6811
 -5112
 -2914
  -433
  2090
  4410
  6300
  7575
  8111
  7856
  6833
  5144
  2952
   473
 -2053
 -4378
 -6276
 -7562
 -8110
 -7866
 -6855
 -5175
 -2990
  -514
  2011
  4341
  6248
  7545
  8106
  7876
  6877
  5207
  3028
   555
 -1973
 -4309
 -6224
 -7532
 -8105
 -7886
 -6899
 -5238
 -3066
  -596
  1932
  4272
  6196
  7515
  8100
  7895
  6920
  5269
  3104
   636
 -1894
 -4239
 -6171
 -7501
 -8098
 -7906
 -6941
 -5300
 -3141
  -677
  1852
  4202
  6142
  7483
  8094
  7914
  6962
  5331
  3179
   717
 -1815
 -4170
 -6118
 -7469
 -8091
 -7924
 -6984
 -5362
 -3217
  -758
  1772
  4132
  6089
  7451
  8086
  7932
  7004
  5392
  3254
   799
 -1735
 -4099
 -6064
 -7437
 -8084
 -7942
 -7025
 -5423
 -3291
  -840
  1693
  4062
  6034
  7418
  8078
  7950
  7045
  5453
  3329
   880
 -1655
 -4029
 -6009
 -7403
 -8075
 -7959
 -7066
 -5483
 -3366
  -921
  1613
  3991
  5979
  7385
  8069
  7966
  7085
  5513
  3403
   961
 -1575
 -3957
 -5954
 -7369
 -8065
 -7975
 -7106
 -5543
 -3440
 -1002
  1533
  3919
  5924
  7350
  8059
  7982
  7125
  5573
  3477
  1042
 -1495
 -3886
 -5898
 -7334
 -8055
 -7990
 -7145
 -5603
 -3514
 -1083
  1452
  3848
  5868
  7315
  8048
  7996
  7164
  5632
  3551
  1123
 -1414
 -3814
 -5841
 -7299
 -8044
 -8004
 -7183
 -5662
 -3587
 -1163
  1372
  3775
  5811
  7279
  8037
  8010
  7202
  5691
  3624
  1204
 -1334
 -3742
 -5784
 -7262
 -8032
 -8018
 -7221
 -5720
 -3661
 -1244
  1291
  3703
  5753
  7242
  8025
  8024
  7239
  5749
  3697
  1285
 -1253
 -3669
 -5727
 -7226
 -8019
 -8031
 -7258
 -5778
 -3733
 -1325
  1211
  3630
  5696
  7205
  8012
  8036
  7276
  5806
  3770
  1365
 -1173
 -3596
 -5668
 -7188
 -8006
 -8043
 -7295
 -5835
 -3805
 -1405
  1130
  3557
  5637
  7167
  7998
  8048
  7312
  5863
  3842
  1446
 -1092
 -3522
 -5610
 -7149
 -7992
 -8054
 -7330
 -5891
 -3877
 -1486
  1049
  3483
  5578
  7128
  7983
  8058
  7347
  5919
  3914
  1526
 -1011
 -3449
 -5550
 -7110
 -7976
 -8064
 -7365
 -5947
 -3949
 -1566
   968
  3409
  5518
  7089
  7967
  8068
  7382
  5975
  3985
  1606
  -930
 -3374
 -5490
 -7070
 -7960
 -8074
 -7399
 -6002
 -4020
 -1646
   887
  3335
  5458
  7048
  7951
  8078
  7416
  6030
  4056
  1686
  -848
 -3300
 -5430
 -7030
 -7944
 -8082
 -7432
 -6057
 -4091
 -1726
   806
  3260
  5397
  7008
  7934
  8086
  7449
  6084
  4127
  1766
  -767
 -3225
 -5369
 -6988
 -7926
 -8090
 -7465
 -6112
 -4161
 -1805
   725
  3185
  5336
  6966
  7916
  8093
  7481
  6138
  4197
  1846
  -686
 -3150
 -5307
 -6946
 -7908
 -8097
 -7497
 -6165
 -4231
 -1885
   643
  3110
  5274
  6923
  7897
  8100
  7512
  6191
  4266
  1925
  -604
 -3075
 -5245
 -6904
 -7889
 -8104
 -7528
 -6218
 -4301
 -1964
   562
  3034
  5212
  6880
  7877
  8106
  7543
  6244
  4336
  2004
  -523
 -2999
 -5183
 -6860
 -7869
 -8109
 -7558
 -6270
 -4370
 -2043
   480
  2959
  5149
  6836
  7857
  8111
  7573
  6296
  4405
  2083
  -441
 -2923
 -5119
 -6816
 -7848
 -8114
 -7588
 -6322
 -4439
 -2122
   399
  2882
  5085
  6792
  7836
  8115
  7602
  6347
  4473
  2162
  -360
 -2847
 -5056
 -6771
 -7827
 -8118
 -7617
 -6373
 -4507
 -2201
   318
  2806
  5021
  6747
  7814
  8119
  7631
  6398
  4541
  2241
  -278
 -2770
 -4991
 -6726
 -7804
 -8121
 -7645
 -6423
 -4574
 -2280
   236
  2729
  4957
  6701
  7791
  8121
  7658
  6448
  4608
  2319
  -196
 -2693
 -4927
 -6680
 -7781
 -8123
 -7672
 -6473
 -4642
 -2358
   155
  2652
  4892
  6655
  7768
  8123
  7685
  6497
  4676
  2397
  -115
 -2616
 -4862
 -6633
 -7757
 -8124
 -7699
 -6522
 -4709
 -2436
    73
  2575
  4827
  6607
  7743
  8124
  7711
  6546
  4742
  2475
   -33
 -2538
 -4796
 -6585
 -7732
 -8125
 -7724
 -6570
 -4775
 -2514
    -9
  2497
  4760
  6560
  7718
  8124
  7736
  6594
  4808
  2553
    49
 -2461
 -4730
 -6537
 -7707
 -8125
 -7749
 -6618
 -4841
 -2591
   -90
  2419
  4694
  6511
  7692
  8123
  7761
  6641
  4874
  2630
   130
 -2383
 -4663
 -6488
 -7681
 -8123
 -7774
 -6665
 -4906
 -2668
  -172
  2341
  4627
  6462
  7666
  8122
  7785
  6688
  4939
  2707
   212
 -2304
 -4596
 -6439
 -7654
 -8122
 -7797
 -6711
 -4971
 -2746
  -253
  2263
  4560
  6412
  7638
  8119
  7808
  6734
  5003
  2784
   294
 -2226
 -4528
 -6389
 -7626
 -8119
 -7819
 -6757
 -5035
 -2822
  -335
  2184
  4492
  6362
  7610
  8116
  7830
  6780
  5068
  2861
   375
 -2147
 -4460
 -6338
 -7597
 -8115
 -7841
 -6802
 -5099
 -2899
  -417
  2105
  4424
  6310
  7581
  8112
  7851
  6824
  5131
  2937
   457
 -2068
 -4392
 -6287
 -7568
 -8111
 -7862
 -6846
 -5163
 -2975
  -498
  2026
  4355
  6259
  7551
  8107
  7872
  6868
  5194
  3013
   538
 -1989
 -4323
 -6235
 -7538
 -8106
 -7882
 -6890
 -5225
 -3051
  -579
  1947
  4286
  6206
  7521
  8102
  7892
  6911
  5257
  3089
   620
 -1910
 -4253
 -6182
 -7507
 -8100
 -7902
 -6933
 -5287
 -3126
  -661
  1868
  4216
  6153
  7490
  8095
  7911
  6954
  5319
  3164
   701
 -1830
 -4184
 -6129
 -7475
 -8093
 -7920
 -6975
 -5349
 -3201
  -742
  1788
  4146
  6100
  7458
  8088
  7929
  6996
  5380
  3239
   782
 -1751
 -4114
 -6075
 -7443
 -8085
 -7938
 -7017
 -5411
 -3276
  -823
  1709
  4076
  6045
  7425
  8080
  7946
  7037
  5441
  3314
   864
 -1671
 -4043
 -6020
 -7410
 -8077
 -7955
 -7058
 -5471
 -3351
  -904
  1629
  4005
  5991
  7391
  8071
  7963
  7078
  5501
  3389
   945
 -1591
 -3972
 -5965
 -7376
 -8067
 -7971
 -7098
 -5531
 -3425
  -986
  1549
  3934
  5935
  7357
  8061
  7979
  7117
  5561
  3463
  1026
 -1511
 -3900
 -5909
 -7341
 -8057
 -7987
 -7137
 -5591
 -3499
 -1066
  1469
  3862
  5879
  7322
  8051
  7994
  7156
  5621
  3536
  1107
 -1431
 -3829
 -5853
 -7306
 -8046
 -8001
 -7176
 -5650
 -3573
 -1147
  1388
  3790
  5822
  7286
  8039
  8008
  7194
  5679
  3610
  1188
 -1350
 -3756
 -5796
 -7270
 -8035
 -8015
 -7214
 -5708
 -3646
 -1228
  1308
  3718
  5765
  7250
  8027
  8021
  7232
  5737
  3683
  1269
 -1270
 -3684
 -5738
 -7233
 -8022
 -8028
 -7251
 -5766
 -3719
 -1309
  1227
  3645
  5707
  7213
  8014
  8034
  7269
  5795
  3755
  1349
 -1189
 -3611
 -5680
 -7195
 -8009
 -8040
 -7287
 -5823
 -3791
 -1389
  1146
  3572
  5649
  7175
  8000
  8045
  7305
  5852
  3828
  1430
 -1108
 -3537
 -5622
 -7157
 -7995
 -8052
 -7323
 -5880
 -3863
 -1470
  1065
  3498
  5590
  7136
  7986
  8056
  7340
  5908
  3899
  1510
 -1027
 -3464
 -5562
 -7118
 -7979
 -8062
 -7358
 -5936
 -3935
 -1550
   984
  3424
  5530
  7097
  7970
  8066
  7375
  5964
  3971
  1590
  -946
 -3389
 -5502
 -7078
 -7964
 -8072
 -7392
 -5992
 -4006
 -1630
   903
  3350
  5470
  7057
  7954
  8076
  7409
  6019
  4042
  1670
  -864
 -3315
 -5442
 -7038
 -7947
 -8081
 -7426
 -6046
 -4077
 -1710
   822
  3275
  5409
  7016
  7937
  8084
  7442
  6074
  4112
  1750
  -783
 -3240
 -5381
 -6997
 -7930
 -8089
 -7459
 -6101
 -4147
 -1789
   741
  3200
  5348
  6974
  7919
  8092
  7474
  6128
  4183
  1830
  -702
 -3165
 -5320
 -6955
 -7911
 -8096
 -7491
 -6154
 -4218
 -1869
   659
  3125
  5287
  6932
  7901
  8099
  7506
  6181
  4253
  1909
  -621
 -3090
 -5258
 -6912
 -7893
 -8103
 -7522
 -6207
 -4287
 -1948
   578
  3050
  5224
  6889
  7881
  8105
  7537
  6234
  4322
  1988
  -539
 -3014
 -5195
 -6869
 -7873
 -8108
 -7552
 -6260
 -4356
 -2028
   497
  2974
  5161
  6845
  7861
  8110
  7567
  6286
  4391
  2068
  -458
 -2938
 -5132
 -6825
 -7852
 -8113
 -7582
 -6311
 -4425
 -2106
   415
  2898
  5098
  6801
  7840
  8114
  7596
  6337
  4459
  2146
  -376
 -2862
 -5069
 -6780
 -7831
 -8117
 -7611
 -6363
 -4493
 -2185
   334
  2821
  5034
  6756
  7818
  8118
  7625
  6388
  4527
  2225
  -294
 -2785
 -5004
 -6735
 -7809
 -8120
 -7639
 -6413
 -4561
 -2264
   252
  2744
  4970
  6710
  7796
  8121
  7653
  6438
  4595
  2304
  -213
 -2708
 -4940
 -6689
 -7786
 -8123
 -7667
 -6463
 -4628
 -2342
   171
  2668
  4905
  6664
  7773
  8122
  7680
  6487
  4662
  2382
  -131
 -2631
 -4875
 -6642
 -7762
 -8124
 -7693
 -6512
 -4695
 -2420
    89
  2590
  4840
  6617
  7748
  8124
  7706
  6536
  4729
  2460
   -49
 -2554
 -4809
 -6595
 -7737
 -8125
 -7719
 -6561
 -4762
 -2498
     7
  2513
  4774
  6569
  7723
  8124
  7731
  6584
  4795
  2537
    32
 -2476
 -4743
 -6547
 -7712
 -8125
 -7744
 -6608
 -4828
 -2576
   -74
  2435
  4708
  6521
  7698
  8123
  7756
  6632
  4861
  2615
   114
 -2398
 -4676
 -6498
 -7686
 -8124
 -7769
 -6656
 -4893
 -2653
  -156
  2357
  4641
  6472
  7671
  8122
  7780
  6679
  4926
  2692
   196
 -2320
 -4609
 -6449
 -7659
 -8122
 -7792
 -6702
 -4958
 -2730
  -237
  2278
  4573
  6422
  7644
  8120
  7803
  6725
  4991
  2769
   277
 -2242
 -4542
 -6399
 -7632
 -8120
 -7815
 -6748
 -5022
 -2807
  -319
  2200
  4506
  6372
  7616
  8117
  7826
  6771
  5055
  2846
   359
 -2163
 -4474
 -6348
 -7603
 -8116
 -7837
 -6793
 -5086
 -2883
  -400
  2121
  4437
  6321
  7587
  8113
  7847
  6815
  5118
  2922
   440
 -2084
 -4406
 -6297
 -7574
 -8112
 -7858
 -6838
 -5150
 -2960
  -482
  2042
  4369
  6269
  7557
  8108
  7868
  6859
  5182
  2998
   522
 -2005
 -4337
 -6245
 -7544
 -8107
 -7878
 -6881
 -5213
 -3035
  -563
  1963
  4300
  6217
  7527
  8103
  7888
  6903
  5244
  3074
   603
 -1926
 -4267
 -6192
 -7513
 -8101
 -7898
 -6924
 -5275
