     0
     0
     0
     0
   557
   337
  -135
   -66
   233
  -290
   206
   -24
  -171
   282
  -259
   109
    91
  -249
   286
  -186
    -5
   192
  -288
   244
   -84
  -118
   262
  -281
   163
    31
  -213
   289
  -229
    56
   142
  -273
   271
  -140
   -60
   229
  -290
   210
   -30
  -166
   280
  -261
   114
    86
  -246
   287
  -190
     1
   187
  -287
   247
   -89
  -113
   259
  -282
   168
    26
  -209
   289
  -232
    62
   137
  -271
   273
  -145
   -54
   226
  -291
   214
   -35
  -161
   279
  -264
   120
    80
  -243
   287
  -195
     7
   183
  -286
   250
   -95
  -107
   256
  -283
   172
    20
  -205
   289
  -236
    68
   132
  -269
   275
