     0
   453
  3677
  6829
  7989
  6818
  3658
  -570
 -4631
 -7342
 -7910
 -6171
 -2632
  1673
  5491
  7708
  7676
  5404
  1556
 -2746
 -6248
 -7927
 -7293
 -4532
  -450
  3763
  6879
  7988
  6767
  3572
  -666
 -4710
 -7379
 -7896
 -6110
 -2541
  1767
  5561
  7733
  7649
  5333
  1461
 -2837
 -6307
 -7938
 -7253
 -4452
  -354
  3847
  6927
  7986
  6715
  3485
  -762
 -4787
 -7416
 -7881
 -6047
 -2450
  1861
  5629
  7756
  7620
  5261
  1367
 -2927
 -6366
 -7949
 -7212
 -4372
  -258
  3931
  6975
  7984
  6663
  3398
  -858
 -4864
 -7451
 -7865
 -5984
 -2358
  1954
  5698
  7779
  7591
  5188
  1272
 -3016
 -6424
 -7958
 -7170
 -4291
  -161
  4015
  7021
  7979
  6609
  3311
  -954
 -4940
 -7485
 -7847
 -5920
 -2265
  2047
  5765
  7800
  7560
  5114
  1176
 -3105
 -6481
 -7966
 -7127
 -4209
   -65
  4098
  7067
  7974
  6555
  3223
 -1049
 -5016
 -7519
 -7828
 -5854
 -2173
  2140
  5831
  7821
  7528
  5040
  1081
 -3194
 -6537
 -7973
 -7083
 -4127
    31
  4180
  7111
  7967
  6499
  3134
 -1145
 -5090
 -7551
 -7808
 -5788
 -2080
  2233
  5896
  7840
  7496
  4965
   985
 -3282
 -6592
 -7979
 -7038
 -4044
   128
  4262
  7155
  7960
  6442
  3045
 -1240
 -5164
 -7582
 -7787
 -5721
 -1987
  2325
  5961
  7858
  7462
  4889
   889
 -3369
 -6646
 -7983
 -6992
 -3961
   224
  4344
  7197
  7951
  6385
  2956
 -1335
 -5237
 -7612
 -7765
 -5654
 -1893
  2418
  6025
  7875
  7427
  4812
   794
 -3457
 -6699
 -7987
 -6945
 -3877
   320
  4424
  7238
  7941
  6327
  2866
 -1430
 -5310
 -7640
 -7742
 -5585
 -1800
  2509
  6088
  7890
  7391
  4735
   698
 -3543
 -6751
 -7989
 -6896
 -3792
   416
  4504
  7279
  7930
  6267
  2776
 -1525
 -5381
 -7668
 -7718
 -5516
 -1706
  2600
  6150
  7905
  7354
  4657
   602
 -3629
 -6802
 -7990
 -6847
 -3707
   513
  4583
  7318
  7917
  6207
  2686
 -1619
 -5452
 -7694
 -7692
 -5446
 -1611
  2691
  6211
  7918
  7316
  4578
   506
 -3715
 -6852
 -7990
 -6797
 -3621
   609
  4662
  7356
  7904
  6146
  2595
 -1714
 -5522
 -7720
 -7665
 -5375
 -1517
  2782
  6271
  7931
  7276
  4499
   409
 -3800
 -6901
 -7989
 -6746
 -3535
   705
  4740
  7393
  7889
  6084
  2503
 -1808
 -5591
 -7744
 -7638
 -5303
 -1422
  2872
  6330
  7942
  7236
  4419
   313
 -3885
 -6949
 -7986
 -6694
 -3449
   801
  4817
  7429
  7873
  6021
  2411
 -1902
 -5660
 -7767
 -7609
 -5230
 -1327
  2962
  6388
  7951
  7195
  4339
   217
 -3969
 -6996
 -7983
 -6641
 -3361
   896
  4894
  7464
  7857
  5957
  2319
 -1995
 -5728
 -7789
 -7579
 -5157
 -1232
  3051
  6446
  7960
  7152
  4257
   120
 -4052
 -7042
 -7978
 -6587
 -3274
   992
  4969
  7498
  7839
  5892
  2227
 -2088
 -5794
 -7810
 -7548
 -5083
 -1137
  3140
  6502
  7968
  7109
  4175
    24
 -4135
 -7087
 -7972
 -6532
 -3186
  1088
  5044
  7531
  7820
  5827
  2134
 -2181
 -5860
 -7830
 -7516
 -5009
 -1042
  3228
  6558
  7974
  7064
  4093
   -72
 -4217
 -7131
 -7965
 -6476
 -3097
  1183
  5119
  7562
  7799
  5761
  2041
 -2274
 -5926
 -7849
 -7482
 -4933
  -946
  3316
  6612
  7980
  7019
  4010
  -169
 -4298
 -7174
 -7957
 -6419
 -3008
  1278
  5193
  7593
  7778
  5693
  1948
 -2366
 -5990
 -7866
 -7448
 -4857
  -850
  3404
  6666
  7984
  6972
  3926
  -265
 -4379
 -7216
 -7948
 -6361
 -2918
  1373
  5265
  7622
  7755
  5625
  1854
 -2458
 -6053
 -7882
 -7412
 -4780
  -754
  3491
  6719
  7987
  6924
  3842
  -361
 -4460
 -7257
 -7937
 -6302
 -2828
  1468
  5338
  7651
  7731
  5557
  1760
 -2549
 -6116
 -7898
 -7376
 -4702
  -658
  3577
  6770
  7988
  6876
  3757
  -458
 -4539
 -7297
 -7926
 -6242
 -2738
  1563
  5409
  7678
  7706
  5487
  1666
 -2640
 -6177
 -7912
 -7338
 -4624
  -562
  3663
  6821
  7989
  6826
  3672
  -554
 -4618
 -7335
 -7913
 -6181
 -2648
  1657
  5479
  7704
  7681
  5416
  1572
 -2731
 -6238
 -7925
 -7300
 -4545
  -466
  3748
  6871
  7989
  6776
  3586
  -650
 -4697
 -7373
 -7899
 -6120
 -2556
  1751
  5549
  7729
  7653
  5345
  1477
 -2822
 -6298
 -7936
 -7260
 -4466
  -370
  3833
  6919
  7987
  6724
  3500
  -746
 -4774
 -7410
 -7884
 -6058
 -2465
  1845
  5618
  7753
  7625
  5273
  1382
 -2912
 -6357
 -7947
 -7219
 -4385
  -274
  3917
  6967
  7984
  6672
  3413
  -842
 -4851
 -7445
 -7867
 -5994
 -2373
  1938
  5686
  7775
  7596
  5200
  1287
 -3001
 -6414
 -7956
 -7177
 -4304
  -177
  4001
  7014
  7980
  6618
  3325
  -938
 -4928
 -7480
 -7850
 -5930
 -2281
  2032
  5753
  7797
  7565
  5127
  1192
 -3090
 -6471
 -7965
 -7134
 -4223
   -81
  4084
  7059
  7975
  6564
  3237
 -1034
 -5003
 -7513
 -7832
 -5865
 -2188
  2125
  5820
  7817
  7534
  5052
  1097
 -3179
 -6527
 -7972
 -7091
 -4141
    15
  4167
  7104
  7969
  6508
  3149
 -1129
 -5078
 -7545
 -7812
 -5799
 -2096
  2218
  5886
  7837
  7501
  4977
  1001
 -3267
 -6583
 -7978
 -7046
 -4058
   112
  4249
  7148
  7961
  6452
  3060
 -1224
 -5152
 -7577
 -7791
 -5733
 -2002
  2310
  5950
  7855
  7468
  4902
   906
 -3355
 -6637
 -7983
 -7000
 -3975
   208
  4330
  7190
  7952
  6395
  2971
 -1319
 -5225
 -7607
 -7769
 -5665
 -1909
  2402
  6014
  7872
  7433
  4825
   810
 -3442
 -6690
 -7986
 -6953
 -3891
   304
  4411
  7231
  7943
  6336
  2881
 -1414
 -5298
 -7635
 -7746
 -5597
 -1815
  2494
  6077
  7888
  7397
  4748
   714
 -3529
 -6742
 -7989
 -6905
 -3806
   400
  4491
  7272
  7932
  6277
  2791
 -1509
 -5369
 -7663
 -7722
 -5528
 -1721
  2585
  6139
  7903
  7360
  4670
   618
 -3615
 -6793
 -7990
 -6856
 -3721
   497
  4570
  7311
  7920
  6217
  2701
 -1604
 -5440
 -7690
 -7696
 -5457
 -1627
  2676
  6200
  7916
  7322
  4592
   522
 -3701
 -6844
 -7990
 -6806
 -3636
   593
  4649
  7350
  7906
  6156
  2610
 -1698
 -5511
 -7716
 -7670
 -5387
 -1533
  2767
  6261
  7928
  7283
  4513
   425
 -3786
 -6893
 -7989
 -6755
 -3550
   689
  4727
  7387
  7892
  6094
  2518
 -1792
 -5580
 -7740
 -7642
 -5315
 -1438
  2857
  6320
  7940
  7243
  4433
   329
 -3870
 -6941
 -7987
 -6703
 -3463
   785
  4804
  7423
  7876
  6031
  2427
 -1886
 -5649
 -7763
 -7614
 -5243
 -1343
  2947
  6379
  7950
  7202
  4352
   233
 -3955
 -6988
 -7983
 -6650
 -3376
   880
  4881
  7458
  7860
  5968
  2335
 -1979
 -5716
 -7786
 -7584
 -5170
 -1248
  3036
  6436
  7959
  7159
  4271
   136
 -4038
 -7035
 -7979
 -6596
 -3288
   976
  4957
  7492
  7842
  5903
  2243
 -2073
 -5783
 -7807
 -7553
 -5096
 -1153
  3125
  6493
  7967
  7116
  4189
    40
 -4121
 -7080
 -7973
 -6541
 -3200
  1072
  5032
  7525
  7823
  5838
  2150
 -2166
 -5849
 -7827
 -7521
 -5021
 -1058
  3213
  6549
  7973
  7072
  4107
   -56
 -4203
 -7124
 -7966
 -6485
 -3112
  1167
  5107
  7557
  7802
  5772
  2057
 -2258
 -5915
 -7846
 -7488
 -4946
  -962
  3301
  6603
  7979
  7026
  4024
  -153
 -4285
 -7167
 -7959
 -6428
 -3023
  1262
  5180
  7588
  7781
  5705
  1963
 -2351
 -5979
 -7863
 -7454
 -4870
  -866
  3389
  6657
  7983
  6980
  3940
  -249
 -4366
 -7209
 -7949
 -6370
 -2934
  1357
  5253
  7617
  7759
  5637
  1870
 -2442
 -6042
 -7880
 -7418
 -4793
  -770
  3476
  6710
  7986
  6933
  3856
  -345
 -4446
 -7250
 -7939
 -6312
 -2843
  1452
  5326
  7646
  7735
  5568
  1776
 -2534
 -6105
 -7895
 -7382
 -4715
  -674
  3562
  6762
  7988
  6884
  3771
  -442
 -4526
 -7290
 -7928
 -6252
 -2753
  1547
  5397
  7673
  7711
  5498
  1682
 -2625
 -6167
 -7910
 -7345
 -4637
  -578
  3648
  6812
  7989
  6835
  3686
  -538
 -4605
 -7329
 -7915
 -6192
 -2663
  1641
  5468
  7699
  7685
  5428
  1588
 -2716
 -6228
 -7923
 -7306
 -4558
  -482
  3734
  6863
  7989
  6784
  3600
  -634
 -4684
 -7367
 -7901
 -6131
 -2572
  1735
  5538
  7725
  7658
  5357
  1493
 -2807
 -6288
 -7935
 -7267
 -4479
  -386
  3819
  6911
  7987
  6733
  3514
  -730
 -4761
 -7404
 -7886
 -6068
 -2480
  1829
  5607
  7749
  7630
  5285
  1398
 -2897
 -6347
 -7945
 -7226
 -4399
  -290
  3903
  6959
  7985
  6680
  3427
  -826
 -4838
 -7439
 -7870
 -6005
 -2388
  1923
  5675
  7772
  7601
  5212
  1303
 -2986
 -6405
 -7955
 -7184
 -4318
  -194
  3987
  7006
  7981
  6627
  3340
  -922
 -4915
 -7474
 -7853
 -5941
 -2296
  2016
  5742
  7793
  7571
  5139
  1208
 -3075
 -6462
 -7963
 -7142
 -4237
   -97
  4070
  7052
  7976
  6573
  3252
 -1018
 -4990
 -7508
 -7835
 -5876
 -2204
  2110
  5809
  7814
  7539
  5065
  1113
 -3164
 -6518
 -7971
 -7098
 -4155
    -1
  4153
  7097
  7970
  6518
  3164
 -1113
 -5065
 -7540
 -7815
 -5810
 -2111
  2202
  5875
  7834
  7507
  4990
  1017
 -3253
 -6573
 -7977
 -7053
 -4072
    95
  4235
  7140
  7962
  6461
  3075
 -1208
 -5140
 -7571
 -7794
 -5744
 -2018
  2295
  5940
  7852
  7473
  4914
   921
 -3340
 -6628
 -7982
 -7007
 -3989
   192
  4316
  7183
  7954
  6404
  2986
 -1304
 -5213
 -7602
 -7773
 -5676
 -1925
  2387
  6003
  7869
  7439
  4838
   826
 -3428
 -6681
 -7986
 -6960
 -3905
   288
  4397
  7225
  7944
  6346
  2896
 -1399
 -5286
 -7631
 -7750
 -5608
 -1831
  2478
  6067
  7885
  7403
  4761
   730
 -3514
 -6733
 -7988
 -6913
 -3821
   384
  4477
  7265
  7934
  6287
  2806
 -1493
 -5358
 -7659
 -7726
 -5539
 -1737
  2570
  6129
  7900
  7366
  4683
   634
 -3601
 -6785
 -7990
 -6864
 -3736
   481
  4557
  7305
  7922
  6227
  2716
 -1588
 -5429
 -7686
 -7701
 -5469
 -1643
  2661
  6190
  7914
  7328
  4605
   538
 -3686
 -6835
 -7990
 -6814
 -3650
   577
  4636
  7343
  7909
  6166
  2625
 -1682
 -5499
 -7711
 -7674
 -5398
 -1548
  2752
  6251
  7926
  7289
  4526
   441
 -3772
 -6885
 -7989
 -6763
 -3564
   673
  4714
  7381
  7894
  6105
  2534
 -1776
 -5569
 -7736
 -7647
 -5327
 -1454
  2842
  6310
  7938
  7249
  4446
   345
 -3856
 -6933
 -7987
 -6711
 -3478
   769
  4791
  7417
  7879
  6042
  2442
 -1870
 -5637
 -7760
 -7619
 -5255
 -1359
  2932
  6369
  7948
  7209
  4366
   249
 -3941
 -6981
 -7984
 -6658
 -3391
   864
  4868
  7452
  7863
  5978
  2350
 -1964
 -5705
 -7782
 -7589
 -5182
 -1264
  3021
  6427
  7957
  7166
  4285
   152
 -4024
 -7027
 -7980
 -6605
 -3303
   960
  4944
  7487
  7845
  5914
  2258
 -2057
 -5772
 -7803
 -7558
 -5108
 -1169
  3110
  6484
  7965
  7123
  4203
    56
 -4107
 -7072
 -7974
 -6550
 -3215
  1056
  5019
  7520
  7826
  5849
  2165
 -2150
 -5838
 -7823
 -7526
 -5033
 -1073
  3199
  6539
  7972
  7079
  4120
   -40
 -4190
 -7117
 -7968
 -6494
 -3127
  1151
  5094
  7552
  7806
  5783
  2072
 -2243
 -5904
 -7843
 -7494
 -4958
  -978
  3287
  6594
  7978
  7034
  4038
  -137
 -4271
 -7160
 -7960
 -6438
 -3038
  1246
  5168
  7583
  7785
  5716
  1979
 -2335
 -5968
 -7860
 -7460
 -4882
  -882
  3374
  6648
  7982
  6988
  3954
  -233
 -4352
 -7202
 -7951
 -6380
 -2948
  1342
  5241
  7612
  7763
  5648
  1886
 -2427
 -6032
 -7877
 -7424
 -4806
  -786
  3462
  6701
  7986
  6941
  3870
  -329
 -4433
 -7243
 -7941
 -6322
 -2859
  1436
  5313
  7641
  7739
  5579
  1792
 -2519
 -6095
 -7893
 -7388
 -4728
  -690
  3548
  6753
  7988
  6892
  3786
  -426
 -4513
 -7284
 -7930
 -6262
 -2768
  1531
  5385
  7669
  7715
  5510
  1698
 -2610
 -6157
 -7907
 -7351
 -4650
  -594
  3634
  6804
  7989
  6843
  3700
  -522
 -4592
 -7323
 -7917
 -6202
 -2678
  1626
  5456
  7695
  7689
  5440
  1604
 -2701
 -6218
 -7920
 -7313
 -4572
  -498
  3720
  6854
  7989
  6793
  3615
  -618
 -4671
 -7361
 -7904
 -6141
 -2587
  1720
  5526
  7721
  7663
  5369
  1509
 -2792
 -6278
 -7933
 -7273
 -4492
  -402
  3805
  6903
  7988
  6741
  3529
  -714
 -4748
 -7398
 -7889
 -6078
 -2495
  1814
  5595
  7745
  7635
  5297
  1414
 -2882
 -6337
 -7944
 -7233
 -4412
  -306
  3889
  6951
  7985
  6689
  3442
  -810
 -4826
 -7433
 -7873
 -6016
 -2404
  1907
  5664
  7768
  7606
  5225
  1319
 -2971
 -6395
 -7953
 -7191
 -4332
  -210
  3973
  6998
  7982
  6636
  3354
  -906
 -4902
 -7468
 -7856
 -5952
 -2312
  2001
  5731
  7790
  7576
  5151
  1224
 -3061
 -6453
 -7962
 -7149
 -4250
  -113
  4056
  7044
  7977
  6582
  3267
 -1002
 -4978
 -7502
 -7838
 -5887
 -2219
  2094
  5798
  7811
  7545
  5077
  1129
 -3149
 -6509
 -7970
 -7105
 -4168
   -17
  4139
  7089
  7971
  6527
  3179
 -1097
 -5053
 -7535
 -7818
 -5821
 -2127
  2187
  5864
  7830
  7512
  5002
  1033
 -3238
 -6564
 -7976
 -7061
 -4086
    79
  4221
  7133
  7964
  6471
  3090
 -1193
 -5127
 -7566
 -7798
 -5755
 -2033
  2279
  5929
  7849
  7479
  4927
   937
 -3326
 -6619
 -7981
 -7015
 -4003
   176
  4303
  7176
  7956
  6414
  3001
 -1288
 -5201
 -7597
 -7776
 -5688
 -1940
  2372
  5993
  7866
  7445
  4851
   842
 -3413
 -6672
 -7985
 -6968
 -3919
   272
  4384
  7218
  7946
  6356
  2911
 -1383
 -5274
 -7626
 -7754
 -5619
 -1847
  2463
  6056
  7883
  7409
  4774
   746
 -3500
 -6725
 -7988
 -6921
 -3835
   368
  4464
  7259
  7935
  6297
  2821
 -1478
 -5346
 -7654
 -7730
 -5551
 -1753
  2555
  6119
  7898
  7372
  4696
   650
 -3586
 -6776
 -7990
 -6872
 -3750
   465
  4544
  7298
  7924
  6237
  2731
 -1572
 -5417
 -7681
 -7705
 -5481
 -1659
  2646
  6180
  7912
  7335
  4618
   554
 -3672
 -6827
 -7990
 -6822
 -3664
   561
  4623
  7337
  7911
  6177
  2640
 -1667
 -5487
 -7707
 -7679
