     0
  1147
  6546
  2446
 -6103
 -3556
  5455
  4547
 -4631
 -5388
  3650
  6051
 -2552
 -6515
  1367
  6763
  -139
 -6789
 -1096
  6589
  2292
 -6174
 -3415
  5552
  4423
 -4750
 -5286
  3787
  5974
 -2703
 -6466
  1527
  6743
  -303
 -6799
  -933
  6628
  2137
 -6241
 -3271
  5645
  4297
 -4866
 -5181
  3923
  5894
 -2853
 -6413
  1687
  6719
  -467
 -6804
  -770
  6663
  1981
 -6305
 -3127
  5735
  4169
 -4979
 -5073
  4056
  5810
 -3001
 -6356
  1845
  6691
  -631
 -6806
  -607
  6695
  1823
 -6365
 -2980
  5822
  4037
 -5090
 -4963
  4186
  5723
 -3148
 -6295
  2003
  6659
  -794
 -6804
  -443
  6722
  1664
 -6421
 -2831
  5905
  3904
 -5197
 -4849
  4315
  5633
 -3293
 -6231
  2159
  6623
  -957
 -6798
  -279
  6746
  1504
 -6474
 -2681
  5985
  3768
 -5302
 -4732
  4440
  5539
 -3435
 -6163
  2314
  6583
 -1119
 -6787
  -115
  6766
  1344
 -6522
 -2530
  6061
  3631
 -5403
 -4613
  4564
  5442
 -3576
 -6092
  2468
  6540
 -1281
 -6773
    49
  6781
  1182
 -6568
 -2376
  6134
  3491
 -5501
 -4491
  4684
  5342
 -3715
 -6017
  2620
  6493
 -1442
 -6755
   213
  6793
  1020
 -6609
 -2222
  6204
  3349
 -5597
 -4366
  4802
  5238
 -3851
 -5938
  2771
  6442
 -1602
 -6733
   377
  6801
   858
 -6646
 -2066
  6269
  3205
 -5688
 -4239
  4917
  5132
 -3985
 -5857
  2920
  6387
 -1761
 -6707
   541
  6805
   695
 -6679
 -1909
  6331
  3059
 -5777
 -4109
  5029
  5023
 -4118
 -5771
  3067
  6328
 -1919
 -6677
   704
  6805
   531
 -6709
 -1751
  6390
  2911
 -5862
 -3977
  5138
  4910
 -4247
 -5682
  3213
  6266
 -2076
 -6644
   867
  6801
   367
 -6735
 -1592
  6444
  2762
 -5944
 -3843
  5244
  4795
 -4374
 -5590
  3357
  6200
 -2231
 -6606
  1030
  6793
   203
 -6757
 -1432
  6495
  2611
 -6022
 -3706
  5347
  4677
 -4499
 -5495
  3499
  6131
 -2386
 -6565
  1192
  6780
    39
 -6774
 -1271
  6542
  2459
 -6097
 -3567
  5447
  4557
 -4621
 -5397
  3638
  6057
 -2539
 -6519
  1353
  6765
  -125
 -6788
 -1109
  6586
  2305
 -6168
 -3426
  5544
  4433
 -4740
 -5295
  3776
  5981
 -2691
 -6470
  1514
  6745
  -289
 -6798
  -947
  6625
  2150
 -6236
 -3284
  5638
  4308
 -4856
 -5190
  3912
  5901
 -2841
 -6417
  1673
  6721
  -453
 -6804
  -784
  6661
  1994
 -6300
 -3139
  5728
  4179
 -4970
 -5083
  4045
  5817
 -2989
 -6361
  1832
  6693
  -617
 -6806
  -621
  6692
  1836
 -6360
 -2992
  5815
  4048
 -5081
 -4972
  4176
  5730
 -3136
 -6301
  1989
  6662
  -780
 -6804
  -457
  6720
  1677
 -6417
 -2844
  5898
  3915
 -5188
 -4858
  4304
  5640
 -3281
 -6237
  2146
  6626
  -943
 -6798
  -293
  6744
  1518
 -6469
 -2694
  5979
  3780
 -5293
 -4742
  4430
  5547
 -3423
 -6169
  2301
  6587
 -1105
 -6788
  -129
  6764
  1357
 -6519
 -2542
  6055
  3642
 -5395
 -4623
  4553
  5450
 -3565
 -6098
  2455
  6544
 -1267
 -6775
    35
  6780
  1196
 -6564
 -2389
  6128
  3503
 -5493
 -4501
  4674
  5350
 -3703
 -6023
  2607
  6497
 -1428
 -6757
   199
  6792
  1034
 -6605
 -2235
  6198
  3360
 -5589
 -4377
  4792
  5247
 -3840
 -5945
  2758
  6446
 -1588
 -6735
   364
  6800
   871
 -6643
 -2079
  6264
  3217
 -5681
 -4250
  4907
  5141
 -3974
 -5863
  2908
  6391
 -1747
 -6710
   527
  6805
   708
 -6677
 -1922
  6326
  3071
 -5769
 -4120
  5019
  5032
 -4107
 -5778
  3055
  6333
 -1906
 -6680
   691
  6805
   545
 -6707
 -1764
  6385
  2924
 -5855
 -3988
  5129
  4920
 -4236
 -5690
  3201
  6271
 -2063
 -6647
   854
  6801
   381
 -6733
 -1605
  6440
  2775
 -5937
 -3854
  5235
  4805
 -4364
 -5598
  3345
  6206
 -2219
 -6609
  1016
  6793
   217
 -6755
 -1445
  6491
  2624
 -6016
 -3718
  5339
  4687
 -4488
 -5503
  3487
  6136
 -2373
 -6568
  1179
  6782
    53
 -6773
 -1284
  6539
  2472
 -6091
 -3579
  5439
  4567
 -4610
 -5405
  3627
  6064
 -2527
 -6523
  1340
  6766
  -111
 -6787
 -1123
  6582
  2318
 -6162
 -3438
  5536
  4444
 -4730
 -5303
  3765
  5987
 -2678
 -6475
  1500
  6747
  -276
 -6797
  -960
  6622
  2163
 -6230
 -3295
  5630
  4318
 -4847
 -5199
  3900
  5908
 -2828
 -6422
  1660
  6723
  -440
 -6804
  -797
  6658
  2007
 -6294
 -3151
  5720
  4190
 -4961
 -5091
  4034
  5824
 -2977
 -6366
  1819
  6696
  -603
 -6806
  -634
  6690
  1849
 -6355
 -3004
  5807
  4059
 -5071
 -4981
  4165
  5738
 -3124
 -6306
  1976
  6664
  -767
 -6804
  -471
  6718
  1691
 -6412
 -2856
  5892
  3926
 -5180
 -4868
  4293
  5648
 -3269
 -6242
  2133
  6629
  -930
 -6799
  -307
  6742
  1531
 -6465
 -2706
  5972
  3791
 -5284
 -4752
  4419
  5555
 -3412
 -6175
  2288
  6590
 -1092
 -6789
  -142
  6763
  1371
 -6515
 -2555
  6049
  3654
 -5387
 -4633
  4543
  5458
 -3553
 -6104
  2442
  6547
 -1254
 -6776
    21
  6779
  1209
 -6560
 -2402
  6122
  3514
 -5485
 -4511
  4664
  5358
 -3692
 -6030
  2595
  6501
 -1415
 -6758
   186
  6791
  1048
 -6602
 -2248
  6192
  3373
