     0
   799
  5823
  7113
  1702
 -5313
 -7323
 -2435
  4744
  7456
  3143
 -4131
 -7514
 -3819
  3471
  7493
  4456
 -2780
 -7397
 -5046
  2056
  7222
  5585
 -1314
 -6976
 -6066
   556
  6654
  6485
   205
 -6267
 -6837
  -967
  5813
  7117
  1717
 -5302
 -7326
 -2450
  4733
  7458
  3157
 -4118
 -7515
 -3832
  3458
  7492
  4468
 -2766
 -7394
 -5057
  2041
  7218
  5595
 -1299
 -6970
 -6075
   541
  6647
  6492
   221
 -6259
 -6843
  -981
  5803
  7122
  1731
 -5291
 -7330
 -2464
  4721
  7460
  3171
 -4106
 -7515
 -3845
  3445
  7491
  4480
 -2752
 -7391
 -5069
  2027
  7214
  5605
 -1284
 -6964
 -6084
   526
  6640
  6500
   236
 -6251
 -6849
  -997
  5794
  7127
  1746
 -5280
 -7333
 -2478
  4709
  7462
  3184
 -4093
 -7515
 -3858
  3431
  7489
  4492
 -2738
 -7389
 -5080
  2012
  7209
  5615
 -1270
 -6959
 -6093
   511
  6633
  6507
   251
 -6242
 -6855
 -1011
  5784
  7132
  1761
 -5270
 -7336
 -2493
  4697
  7463
  3198
 -4080
 -7515
 -3871
  3418
  7488
  4504
 -2723
 -7386
 -5091
  1998
  7205
  5625
 -1255
 -6953
 -6102
   496
  6626
  6515
   266
 -6234
 -6861
 -1026
  5774
  7137
  1775
 -5259
 -7339
 -2507
  4686
  7465
  3212
 -4068
 -7516
 -3884
  3404
  7487
  4516
 -2709
 -7383
 -5102
  1983
  7201
  5635
 -1240
 -6947
 -6110
   481
  6619
  6522
   281
 -6226
 -6868
 -1041
  5765
  7141
  1790
 -5248
 -7343
 -2521
  4674
  7467
  3226
 -4055
 -7516
 -3897
  3391
  7485
  4528
 -2695
 -7380
 -5113
  1968
  7196
  5645
 -1225
 -6941
 -6119
   466
  6612
  6530
   296
 -6217
 -6874
 -1057
  5755
  7146
  1805
 -5237
 -7346
 -2535
  4662
  7469
  3239
 -4042
 -7516
 -3910
  3377
  7484
  4540
 -2681
 -7377
 -5124
  1954
  7192
  5655
 -1210
 -6936
 -6128
   451
  6604
  6537
   311
 -6209
 -6880
 -1071
  5745
  7151
  1819
 -5226
 -7349
 -2549
  4650
  7470
  3253
 -4030
 -7516
 -3923
  3364
  7483
  4552
 -2667
 -7374
 -5135
  1939
  7188
  5665
 -1195
 -6930
 -6137
   436
  6597
  6545
   326
 -6200
 -6886
 -1086
  5735
  7155
  1834
 -5216
 -7352
 -2564
  4638
  7472
  3266
 -4017
 -7516
 -3936
  3350
  7481
  4564
 -2653
 -7372
 -5146
  1925
  7183
  5675
 -1180
 -6924
 -6145
   420
  6590
  6552
   341
 -6191
 -6892
 -1101
  5726
  7160
  1849
 -5205
 -7355
 -2578
  4626
  7474
  3280
 -4004
 -7516
 -3949
  3337
  7480
  4576
 -2639
 -7368
 -5157
  1910
  7179
  5685
 -1165
 -6918
 -6154
   405
  6583
  6560
   356
 -6183
 -6898
 -1116
  5716
  7165
  1863
 -5194
 -7358
 -2592
  4614
  7475
  3294
 -3991
 -7517
 -3962
  3323
  7479
  4588
 -2625
 -7366
 -5168
  1896
  7174
  5695
 -1150
 -6912
 -6163
   390
  6575
  6567
   372
 -6174
 -6904
 -1131
  5706
  7169
  1878
 -5183
 -7362
 -2606
  4602
  7477
  3307
 -3978
 -7517
 -3974
  3310
  7477
  4600
 -2610
 -7362
 -5179
  1881
  7170
  5704
 -1135
 -6906
 -6171
   375
  6568
  6574
   387
 -6166
 -6910
 -1146
  5696
  7174
  1893
 -5172
 -7365
 -2620
  4590
  7478
  3321
 -3966
 -7517
 -3987
  3296
  7475
  4612
 -2596
 -7359
 -5190
  1866
  7165
  5714
 -1120
 -6900
 -6180
   360
  6561
  6582
   402
 -6157
 -6916
 -1161
  5686
  7178
  1907
 -5161
 -7367
 -2635
  4578
  7480
  3334
 -3953
 -7516
 -4000
  3282
  7474
  4624
 -2582
 -7356
 -5201
  1852
  7161
  5724
 -1105
 -6894
 -6189
   345
  6553
  6589
   417
 -6148
 -6922
 -1176
  5676
  7183
  1922
 -5150
 -7370
 -2649
  4566
  7481
  3348
 -3940
 -7516
 -4013
  3269
  7472
  4636
 -2568
 -7353
 -5212
  1837
  7156
  5734
 -1090
 -6888
 -6197
   330
  6546
  6596
   432
 -6140
 -6928
 -1191
  5667
  7187
  1936
 -5139
 -7374
 -2663
  4554
  7483
  3361
 -3927
 -7516
 -4026
  3255
  7470
  4648
 -2554
 -7350
 -5223
  1822
  7151
  5744
 -1075
 -6882
 -6206
   315
  6538
  6603
   447
 -6131
 -6933
 -1206
  5657
  7191
  1951
 -5128
 -7376
 -2677
  4542
  7484
  3375
 -3914
 -7516
 -4038
  3242
  7469
  4660
 -2539
 -7347
 -5234
  1808
  7147
  5753
 -1060
 -6876
 -6214
   300
  6531
  6611
   462
 -6122
 -6939
 -1221
  5647
  7196
  1966
 -5117
 -7379
 -2691
  4530
  7485
  3388
 -3901
 -7516
 -4051
  3228
  7467
  4672
 -2525
 -7344
 -5244
  1793
  7142
  5763
 -1045
 -6870
 -6223
   285
  6523
  6618
   477
 -6113
 -6945
 -1236
  5637
  7200
  1980
 -5106
 -7382
 -2705
  4518
  7487
  3402
 -3888
 -7516
 -4064
  3214
  7466
  4684
 -2511
 -7341
 -5255
  1778
  7137
  5773
 -1031
 -6864
 -6231
   269
  6516
  6625
   492
 -6105
 -6951
 -1251
  5627
  7204
  1995
 -5095
 -7385
 -2720
  4506
  7488
  3415
 -3875
 -7516
 -4076
  3201
  7464
  4695
 -2497
 -7337
 -5266
  1764
  7133
  5782
 -1016
 -6857
 -6240
   254
  6508
  6632
   507
 -6096
 -6957
 -1266
  5617
  7209
  2009
 -5083
 -7388
 -2733
  4494
  7489
  3429
 -3862
 -7515
 -4089
  3187
  7462
  4707
 -2482
 -7334
 -5277
  1749
  7128
  5792
 -1001
 -6851
 -6248
   239
  6501
  6639
   522
 -6087
 -6962
 -1280
  5606
  7213
  2024
 -5072
 -7391
 -2748
  4482
  7491
  3442
 -3849
 -7515
 -4102
  3173
  7460
  4719
 -2468
 -7331
 -5288
  1734
  7123
  5802
  -986
 -6845
 -6256
   224
  6493
  6646
   537
 -6078
 -6968
 -1295
  5597
  7217
  2039
 -5061
 -7393
 -2762
  4470
  7492
  3456
 -3836
 -7515
 -4114
  3160
  7458
  4731
 -2454
 -7327
 -5298
  1720
  7118
  5811
  -970
 -6839
 -6265
   209
  6485
  6653
   553
 -6069
 -6974
 -1310
  5586
  7221
  2053
 -5050
 -7396
 -2776
  4458
  7493
  3469
 -3823
 -7514
 -4127
  3146
  7456
  4743
 -2439
 -7324
 -5309
  1705
  7113
  5821
  -956
 -6832
 -6273
   194
  6478
  6660
   568
 -6060
 -6979
 -1325
  5576
  7226
  2068
 -5039
 -7399
 -2790
  4446
  7494
  3482
 -3810
 -7514
 -4140
  3132
  7455
  4754
 -2425
 -7320
 -5320
  1690
  7108
  5830
  -941
 -6826
 -6281
   179
  6470
  6667
   583
 -6051
 -6985
 -1340
  5566
  7230
  2082
 -5027
 -7401
 -2804
  4433
  7495
  3496
 -3797
 -7514
 -4152
  3118
  7453
  4766
 -2411
 -7317
 -5330
  1676
  7103
  5840
  -926
 -6820
 -6290
   164
  6462
  6674
   598
 -6042
 -6990
 -1355
  5556
  7234
  2097
 -5016
 -7404
 -2818
  4421
  7496
  3509
 -3784
 -7513
 -4165
  3105
  7451
  4778
 -2397
 -7314
 -5341
  1661
  7099
  5850
  -911
 -6813
 -6298
   149
  6455
  6681
   613
 -6033
 -6996
 -1370
  5546
  7238
  2111
 -5005
 -7407
 -2832
  4409
  7497
  3523
 -3771
 -7513
 -4177
  3091
  7449
  4789
 -2382
 -7310
 -5352
  1646
  7094
  5859
  -896
 -6807
 -6306
   134
  6447
  6688
   628
 -6024
 -7002
 -1385
  5536
  7242
  2126
 -4994
 -7409
 -2846
  4397
  7498
  3536
 -3758
 -7512
 -4190
  3077
  7447
  4801
 -2368
 -7307
 -5362
  1631
  7089
  5868
  -880
 -6800
 -6314
   118
  6439
  6695
   643
 -6015
 -7007
 -1399
  5525
  7246
  2140
 -4982
 -7412
 -2860
  4385
  7499
  3549
 -3745
 -7512
 -4202
  3063
  7445
  4812
 -2354
 -7303
 -5373
  1617
  7084
  5878
  -866
 -6794
 -6323
   103
  6431
  6702
   658
 -6006
 -7013
 -1414
  5515
  7250
  2155
 -4971
 -7414
 -2873
  4372
  7500
  3562
 -3732
 -7511
 -4215
  3050
  7442
  4824
 -2339
 -7299
 -5383
  1602
  7078
  5887
  -851
 -6788
 -6331
    88
  6424
  6708
   673
 -5997
