     0
     0
     0
     0
   828
    70
   260
    12
  -259
   -41
   254
    67
  -248
   -94
   237
   118
  -226
  -142
   210
   164
  -193
  -185
   173
   202
  -152
  -219
   128
   232
  -105
  -244
    78
   251
   -52
  -258
    24
   259
     2
  -260
   -30
   256
    57
  -251
   -84
   241
   109
  -231
  -134
   215
   156
  -200
  -178
   180
   196
  -161
  -214
   137
   227
  -114
  -240
    88
   248
   -63
  -256
    35
   259
    -8
  -261
   -20
   258
    46
  -254
   -74
   245
    99
  -235
  -125
   221
   147
  -207
  -170
   188
   189
  -169
  -207
   146
   222
  -124
  -236
    98
   245
   -73
  -254
    45
   258
   -19
  -260
   -10
   258
    36
  -256
   -64
   248
    89
  -240
  -115
   227
   138
  -213
  -162
   195
   181
  -177
  -201
   154
   216
  -133
  -231
   107
   242
   -83
  -251
    55
   256
   -29
  -260
     1
   259
    25
