     0
   995
  6372
  5179
 -3074
 -7138
 -1474
  6197
  5423
 -2744
 -7171
 -1826
  6007
  5653
 -2406
 -7187
 -2173
  5801
  5869
 -2063
 -7184
 -2514
  5581
  6070
 -1714
 -7163
 -2849
  5346
  6256
 -1362
 -7124
 -3177
  5098
  6425
 -1005
 -7066
 -3497
  4837
  6579
  -647
 -6992
 -3808
  4564
  6716
  -286
 -6899
 -4110
  4279
  6836
    75
 -6789
 -4401
  3983
  6939
   436
 -6662
 -4680
  3678
  7024
   796
 -6518
 -4949
  3363
  7092
  1154
 -6357
 -5204
  3040
  7141
  1509
 -6181
 -5447
  2709
  7173
  1860
 -5989
 -5675
  2371
  7186
  2207
 -5781
 -5890
  2027
  7181
  2548
 -5559
 -6090
  1678
  7159
  2882
 -5323
 -6273
  1325
  7117
  3209
 -5074
 -6442
   969
  7059
  3528
 -4812
 -6594
   609
  6982
  3838
 -4537
 -6729
   249
  6887
  4139
 -4252
 -6848
  -112
  6775
  4429
 -3955
 -6949
  -473
  6647
  4708
 -3649
 -7032
  -833
  6501
  4974
 -3333
 -7098
 -1190
  6339
  5229
 -3009
 -7146
 -1545
  6161
  5470
 -2677
 -7176
 -1896
  5967
  5697
 -2338
 -7188
 -2241
  5758
  5910
 -1994
 -7181
 -2582
  5535
  6108
 -1644
 -7156
 -2915
  5297
  6291
 -1291
 -7114
 -3242
  5047
  6457
  -934
 -7053
 -3560
  4783
  6608
  -575
 -6974
 -3869
  4508
  6741
  -214
 -6878
 -4169
  4221
  6858
   147
 -6765
 -4457
  3923
  6957
   508
 -6634
 -4735
  3616
  7039
   868
 -6487
 -5001
  3299
  7103
  1225
 -6323
 -5254
  2974
  7149
  1579
 -6144
 -5494
  2642
  7177
  1930
 -5948
 -5720
  2302
  7187
  2275
 -5738
 -5931
  1958
  7178
  2615
 -5513
 -6127
  1608
  7152
  2948
 -5275
 -6309
  1254
  7107
  3274
 -5022
 -6474
   897
  7044
  3591
 -4758
 -6622
   537
  6964
  3899
 -4481
 -6754
   177
  6866
  4198
 -4193
 -6869
  -185
  6751
  4486
 -3895
 -6967
  -545
  6619
  4762
 -3586
 -7047
  -905
  6470
  5026
 -3269
 -7109
 -1261
  6304
  5278
 -2943
 -7153
 -1615
  6123
  5517
 -2609
 -7180
 -1965
  5926
  5741
 -2270
 -7188
 -2310
  5714
  5951
 -1924
 -7177
 -2649
  5488
  6146
 -1574
 -7149
 -2981
  5248
  6325
 -1220
 -7103
 -3306
  4995
  6489
  -862
 -7039
 -3623
  4729
  6636
  -503
 -6957
 -3930
  4451
  6766
  -142
 -6857
 -4227
  4162
  6879
   220
 -6740
 -4514
  3862
  6975
   580
 -6606
 -4789
  3553
  7053
   940
 -6455
 -5052
  3235
  7114
  1296
 -6289
 -5303
  2908
  7156
  1650
 -6106
 -5540
  2574
  7180
  1999
 -5907
 -5763
  2234
  7186
  2344
 -5694
 -5972
  1888
  7174
  2682
 -5466
 -6165
  1537
  7144
  3014
 -5225
 -6343
  1183
  7096
  3338
 -4970
 -6505
   825
  7030
  3653
 -4704
 -6650
   465
  6946
  3960
 -4424
 -6779
   104
  6845
  4256
 -4134
 -6890
  -257
  6726
  4542
 -3833
 -6984
  -617
  6590
  4816
 -3523
 -7061
  -976
  6438
  5078
 -3204
 -7119
 -1333
  6269
  5327
 -2877
 -7160
 -1686
  6085
  5563
 -2542
 -7183
 -2035
  5885
  5784
 -2201
 -7187
 -2378
  5670
  5991
 -1855
 -7173
 -2716
  5441
  6183
 -1503
 -7141
 -3047
  5198
  6359
 -1148
 -7092
 -3370
  4943
  6520
  -790
 -7024
 -3685
  4674
  6663
  -430
 -6938
 -3990
  4394
  6790
   -69
 -6835
 -4285
  4103
  6900
   292
 -6715
 -4570
  3801
  6992
   652
 -6577
 -4843
  3490
  7067
  1011
 -6423
 -5104
  3170
  7123
  1367
 -6253
 -5351
  2842
  7162
  1720
 -6067
 -5586
  2507
  7183
  2069
 -5866
 -5806
  2165
  7185
  2412
 -5650
 -6012
  1818
  7170
  2749
 -5419
 -6202
  1467
  7136
  3079
 -5175
 -6376
  1111
  7084
  3402
 -4918
 -6535
   753
  7015
  3715
 -4649
 -6677
   393
  6927
  4020
 -4367
 -6802
    32
  6822
  4314
 -4075
 -6911
  -329
  6700
  4597
 -3772
 -7001
  -689
  6561
  4869
 -3460
 -7074
 -1048
  6405
  5129
 -3139
 -7129
 -1404
  6234
  5375
 -2810
 -7166
 -1756
  6046
  5608
 -2475
 -7185
 -2104
  5843
  5827
 -2132
 -7186
 -2446
  5626
  6031
 -1785
 -7168
 -2783
  5394
  6220
 -1433
 -7133
 -3112
  5148
  6393
 -1077
 -7079
 -3434
  4890
  6550
  -718
 -7008
 -3747
  4619
  6690
  -358
 -6919
 -4050
  4337
  6813
     3
 -6812
 -4343
  4043
  6920
   364
 -6689
 -4626
  3740
  7008
   724
 -6548
 -4896
  3427
  7080
  1083
 -6391
 -5154
  3105
  7133
  1438
 -6217
 -5399
  2775
  7168
  1790
 -6028
 -5631
  2439
  7185
  2138
 -5824
 -5848
  2096
  7184
  2480
 -5605
 -6051
  1748
  7165
  2816
 -5372
 -6238
  1396
  7127
  3144
 -5125
 -6410
  1040
  7072
  3465
 -4865
 -6565
   681
  6999
  3777
 -4593
 -6704
   321
  6908
  4080
 -4310
 -6825
   -40
  6799
  4372
 -4015
 -6930
  -401
  6674
  4653
 -3711
 -7017
  -761
  6531
  4922
 -3397
 -7086
 -1119
  6372
  5179
 -3074
 -7138
 -1474
  6197
  5423
 -2744
 -7171
 -1826
  6007
  5653
 -2406
 -7187
 -2173
  5801
  5869
 -2063
 -7184
 -2514
  5580
  6070
 -1714
 -7163
 -2849
  5346
  6256
 -1362
 -7123
 -3177
  5098
  6425
 -1005
 -7066
 -3497
  4837
  6579
  -647
 -6992
 -3808
  4564
  6716
  -286
 -6899
 -4110
  4279
  6836
    75
 -6789
 -4401
  3983
  6939
   436
 -6661
 -4681
  3678
  7024
   796
 -6518
 -4949
  3363
  7092
  1154
 -6357
 -5204
  3040
  7141
  1509
 -6181
 -5447
  2709
  7173
  1860
 -5989
 -5675
  2371
  7186
  2207
 -5781
 -5890
  2027
  7181
  2548
 -5559
 -6090
  1678
  7158
  2882
 -5323
 -6273
  1325
  7117
  3209
 -5074
 -6442
   969
  7059
  3528
 -4812
 -6594
   609
  6982
  3838
 -4537
 -6729
   249
  6887
  4139
 -4252
 -6848
  -112
  6775
  4429
 -3955
 -6949
  -473
  6647
  4708
 -3648
 -7032
  -833
  6501
  4974
 -3333
 -7098
 -1190
  6339
  5229
 -3009
 -7146
 -1545
  6160
  5470
 -2677
 -7176
 -1896
  5967
  5697
 -2338
 -7187
 -2241
  5758
  5910
 -1994
 -7181
 -2582
  5535
  6108
 -1644
 -7156
 -2915
  5297
  6291
 -1291
 -7114
 -3242
  5047
  6457
  -934
 -7053
 -3560
  4783
  6608
  -574
 -6974
 -3869
  4508
  6741
  -214
 -6878
 -4169
  4221
  6858
   147
 -6765
 -4457
  3923
  6957
   508
