     0
     0
     0
     0
  1471
  -126
   -82
    55
   157
   160
    62
   -75
  -165
  -153
   -45
    91
   169
   141
    24
  -109
  -173
  -130
    -5
   123
   173
   114
   -16
  -137
  -172
  -100
    35
   147
   167
    82
   -55
  -158
  -162
   -64
    73
   164
   152
    44
   -92
  -170
  -143
   -26
   107
   172
   129
     5
  -123
  -174
  -116
    14
   135
   171
    99
   -35
  -148
  -168
   -83
    53
   156
   161
    64
   -73
  -165
  -154
   -46
    90
   169
   142
    26
  -107
  -173
  -131
    -7
   121
   173
   116
   -14
  -136
  -172
  -101
    33
   146
   168
    83
   -54
  -157
  -162
   -66
    71
   164
   153
    46
   -90
  -170
  -144
   -27
   106
   172
   130
     6
  -122
  -174
  -117
    13
   134
   171
   101
   -33
  -147
  -169
   -85
    52
   156
   161
    66
   -72
  -164
  -154
   -48
    88
   169
   143
    27
  -106
  -173
  -132
    -8
   120
   173
   117
   -13
  -135
  -173
  -102
    32
   145
   168
    85
   -52
  -156
  -163
   -68
    70
   163
   154
    48
   -89
  -170
  -145
   -29
   104
   172
   131
     8
  -121
  -174
  -119
    11
   133
   172
   102
   -32
  -146
  -169
   -86
    50
   155
   162
    67
   -70
  -164
  -155
   -49
    87
   168
   144
    29
  -105
  -173
