     0
  1753
  4228
 -4831
  2978
   387
 -3557
  4918
 -3782
   722
  2702
 -4756
  4391
 -1797
 -1712
  4349
 -4778
  2777
   633
 -3723
  4920
 -3619
   477
  2906
 -4813
  4273
 -1564
 -1942
  4460
 -4713
  2570
   877
 -3880
  4910
 -3447
   230
  3102
 -4859
  4146
 -1328
 -2167
  4558
 -4636
  2355
  1120
 -4027
  4887
 -3265
   -17
  3290
 -4892
  4007
 -1088
 -2386
  4646
 -4547
  2135
  1359
 -4165
  4852
 -3077
  -264
  3469
 -4913
  3858
  -845
 -2599
  4721
 -4446
  1910
  1595
 -4291
  4805
 -2880
  -511
  3640
 -4922
  3700
  -601
 -2806
  4785
 -4335
  1680
  1827
 -4407
  4746
 -2675
  -756
  3802
 -4918
  3533
  -354
 -3005
  4837
 -4212
  1445
  2054
 -4511
  4675
 -2465
 -1000
  3954
 -4901
  3356
  -107
 -3198
  4876
 -4079
  1207
  2276
 -4604
  4591
 -2247
 -1241
  4096
 -4872
  3171
   140
 -3381
  4903
 -3935
   966
  2493
 -4686
  4497
 -2024
 -1478
  4228
 -4831
  2978
   387
 -3557
  4918
 -3782
   722
  2702
 -4756
  4391
 -1797
 -1712
  4349
 -4778
  2777
   633
 -3723
  4920
 -3619
   477
  2906
 -4813
  4273
 -1564
 -1942
  4460
 -4713
  2570
   877
 -3880
  4910
 -3447
   230
  3102
 -4859
  4146
 -1328
 -2167
  4558
 -4636
  2355
  1120
 -4027
  4887
 -3265
   -17
  3290
 -4892
  4007
 -1088
 -2386
  4646
 -4547
  2135
  1359
 -4165
  4852
 -3077
  -264
  3469
 -4913
  3858
  -845
 -2599
  4721
 -4446
  1910
  1595
 -4291
  4805
 -2880
  -511
  3640
 -4922
  3700
  -601
 -2806
  4785
 -4335
  1680
  1827
 -4407
  4746
 -2675
  -756
  3802
 -4918
  3533
  -354
 -3005
  4837
 -4212
  1445
  2054
 -4511
  4675
 -2465
 -1000
  3954
 -4901
  3356
  -107
 -3198
  4876
 -4079
  1207
  2276
 -4604
  4591
 -2247
 -1241
  4096
 -4872
  3171
   140
 -3381
  4903
 -3935
   966
  2493
 -4686
  4497
 -2024
 -1478
  4228
 -4831
  2978
   387
 -3557
  4918
 -3782
   722
  2702
 -4756
  4391
 -1797
 -1712
  4349
 -4778
  2777
   633
 -3723
  4920
 -3619
   477
  2906
 -4813
  4273
 -1564
 -1942
  4460
 -4713
  2570
   877
 -3880
  4910
 -3447
   230
  3102
 -4859
  4146
 -1328
 -2167
  4558
 -4636
  2355
  1120
 -4027
  4887
 -3265
   -17
  3290
 -4892
  4007
 -1088
 -2386
  4646
 -4547
  2135
  1359
 -4165
  4852
 -3077
  -264
  3469
 -4913
  3858
  -845
 -2599
  4721
 -4446
  1910
  1595
 -4291
  4805
 -2880
  -511
  3640
 -4922
  3700
  -601
 -2806
  4785
 -4335
  1680
  1827
 -4407
  4746
 -2675
  -756
  3802
 -4918
  3533
  -354
 -3005
  4837
 -4212
  1445
  2054
 -4511
  4675
 -2465
 -1000
  3954
 -4901
  3356
  -107
 -3198
  4876
 -4079
  1207
  2276
 -4604
  4591
 -2247
 -1241
  4096
 -4872
  3171
   140
 -3381
  4903
 -3935
   966
  2493
 -4686
  4497
 -2024
 -1478
  4228
 -4831
  2978
   387
 -3557
  4918
 -3782
   722
  2702
 -4756
  4391
 -1797
 -1712
  4349
 -4778
  2777
   633
 -3723
  4920
 -3619
   477
  2906
 -4813
  4273
 -1564
 -1942
  4460
 -4713
  2570
   877
 -3880
  4910
 -3447
   230
  3102
 -4859
  4146
 -1328
 -2167
