     0
  1388
  5867
 -2868
 -3764
  5627
  -364
 -5361
  4295
  2210
 -5918
  2129
  4355
 -5324
  -451
  5654
 -3697
 -2943
  5855
 -1352
 -4864
  4918
  1256
 -5841
  3027
  3620
 -5683
   547
  5280
 -4421
 -2039
  5915
 -2301
 -4228
  5401
   266
 -5597
  3838
  2781
 -5879
  1530
  4756
 -5020
 -1076
  5807
 -3185
 -3472
  5730
  -732
 -5195
  4540
  1864
 -5909
  2469
  4097
 -5475
   -82
  5534
 -3978
 -2618
  5896
 -1708
 -4645
  5113
   893
 -5770
  3338
  3321
 -5774
   913
  5103
 -4658
 -1688
  5895
 -2636
 -3962
  5541
  -103
 -5467
  4111
  2450
 -5910
  1883
  4528
 -5205
  -711
  5725
 -3489
 -3168
  5811
 -1096
 -5008
  4768
  1510
 -5877
  2799
  3823
 -5604
   286
  5393
 -4243
 -2282
  5915
 -2058
 -4407
  5289
   527
 -5677
  3635
  3009
 -5844
  1275
  4907
 -4876
 -1332
  5852
 -2961
 -3681
  5660
  -471
 -5315
  4368
  2110
 -5917
  2228
  4282
 -5370
  -344
  5621
 -3780
 -2850
  5869
 -1456
 -4802
  4977
  1151
 -5822
  3118
  3534
 -5712
   654
  5231
 -4492
 -1938
  5911
 -2399
 -4153
  5444
   159
 -5562
  3919
  2686
 -5891
  1633
  4692
 -5075
  -970
  5786
 -3274
 -3385
  5756
  -838
 -5143
  4608
  1762
 -5902
  2566
  4019
 -5515
    25
  5495
 -4056
 -2521
  5904
 -1811
 -4578
  5166
   787
 -5745
  3425
  3232
 -5797
  1019
  5048
 -4723
 -1586
  5885
 -2732
 -3882
  5578
  -210
 -5425
  4188
  2352
 -5914
  1984
  4458
 -5255
  -605
  5697
 -3575
 -3077
  5830
 -1201
 -4950
  4831
  1406
 -5863
  2893
  3740
 -5638
   393
  5348
 -4317
 -2183
  5917
 -2158
 -4335
  5336
   420
 -5646
  3719
  2916
 -5860
  1380
  4846
 -4936
 -1228
  5835
 -3053
 -3596
  5690
  -578
 -5267
  4440
  2010
 -5915
  2327
  4207
 -5414
  -237
  5587
 -3862
 -2756
  5882
 -1560
 -4739
  5034
  1045
 -5802
  3209
  3448
 -5739
   760
  5180
 -4561
 -1836
  5906
 -2497
 -4076
  5485
    52
 -5524
  3999
  2590
 -5900
  1735
  4626
 -5130
  -864
  5762
 -3363
 -3297
  5780
  -944
 -5089
  4675
  1659
 -5893
  2662
  3940
 -5553
   132
  5455
 -4134
 -2424
  5910
 -1912
 -4509
  5218
   681
 -5719
  3512
  3141
 -5818
  1124
  4992
 -4787
 -1482
  5873
 -2826
 -3801
  5612
  -317
 -5381
  4263
  2254
 -5917
  2085
  4387
 -5303
  -498
  5668
 -3660
 -2985
  5847
 -1306
 -4891
  4892
  1302
 -5848
  2985
  3657
 -5669
   500
  5301
 -4389
 -2083
  5916
 -2257
 -4262
  5382
   313
 -5613
  3802
  2823
 -5874
  1484
  4784
 -4994
 -1123
  5816
 -3145
 -3511
  5718
  -684
 -5218
  4510
  1909
 -5911
  2425
  4131
 -5457
  -130
  5551
 -3943
 -2660
  5892
 -1663
 -4674
  5089
   940
 -5780
  3298
  3360
 -5764
   866
  5127
 -4628
 -1734
  5899
 -2594
 -3998
  5524
   -55
 -5485
  4077
  2494
 -5907
  1838
  4558
 -5182
  -758
  5737
 -3451
 -3207
  5802
 -1049
 -5034
  4740
  1556
 -5882
  2757
  3859
 -5589
   239
  5412
 -4210
 -2326
  5914
 -2013
 -4439
  5267
   574
 -5690
  3597
  3050
 -5836
  1229
  4933
 -4849
 -1378
  5858
 -2920
 -3718
  5646
  -424
 -5336
  4336
  2154
 -5918
  2184
  4314
 -5350
  -391
  5636
 -3744
 -2891
  5863
 -1410
 -4830
  4951
  1198
 -5831
  3078
  3572
 -5699
   607
  5253
 -4461
 -1983
  5913
 -2356
 -4187
  5425
   206
 -5578
  3883
  2728
 -5886
  1587
  4721
 -5051
 -1017
  5795
 -3235
 -3424
  5745
  -791
 -5166
  4578
  1807
 -5905
  2523
  4054
 -5497
   -23
  5513
 -4022
 -2564
  5901
 -1765
 -4608
  5143
   834
 -5756
  3386
  3271
 -5787
   972
  5073
 -4694
 -1631
  5890
 -2689
 -3918
  5562
  -162
 -5444
  4154
  2396
 -5913
  1939
  4489
 -5233
  -652
  5710
 -3537
 -3117
  5822
 -1154
 -4977
  4803
  1453
 -5870
  2851
  3777
 -5623
   346
  5368
 -4284
 -2227
  5916
 -2114
 -4368
  5315
