     0
  1524
  5128
 -4392
  -107
  4513
 -5055
  1267
  3605
 -5391
  2559
  2463
 -5377
  3685
  1161
 -5015
  4572
  -216
 -4327
  5163
 -1579
 -3358
  5418
 -2840
 -2172
  5322
 -3916
  -846
  4881
 -4739
   536
  4124
 -5254
  1883
  3099
 -5428
  3108
  1873
 -5251
  4131
   525
 -4733
  4886
  -856
 -3908
  5324
 -2182
 -2830
  5418
 -3367
 -1568
  5159
 -4333
  -205
  4566
 -5019
  1172
  3677
 -5379
  2472
  2550
 -5390
  3612
  1257
 -5051
  4518
  -118
 -4385
  5131
 -1485
 -3435
  5412
 -2755
 -2262
  5341
 -3848
  -942
  4924
 -4690
   438
  4187
 -5228
  1791
  3179
 -5428
  3027
  1965
 -5275
  4066
   623
 -4780
  4843
  -759
 -3976
  5304
 -2092
 -2913
  5423
 -3290
 -1662
  5189
 -4273
  -303
  4619
 -4980
  1075
  3749
 -5364
  2384
  2636
 -5401
  3538
  1352
 -5086
  4463
   -20
 -4442
  5099
 -1390
 -3510
  5403
 -2670
 -2351
  5357
 -3778
 -1039
  4964
 -4640
   340
  4249
 -5201
  1698
  3258
 -5425
  2945
  2056
 -5297
  4001
   720
 -4826
  4797
  -662
 -4042
  5283
 -2001
 -2996
  5426
 -3211
 -1755
  5217
 -4212
  -401
  4670
 -4941
   979
  3819
 -5349
  2295
  2721
 -5410
  3464
  1447
 -5120
  4407
    79
 -4498
  5064
 -1295
 -3585
  5393
 -2585
 -2439
  5372
 -3706
 -1135
  5003
 -4588
   242
  4309
 -5172
  1604
  3336
 -5421
  2862
  2147
 -5318
  3934
   818
 -4870
  4751
  -564
 -4107
  5260
 -1910
 -3077
  5427
 -3131
 -1848
  5243
 -4150
  -499
  4719
 -4899
   882
  3888
 -5331
  2206
  2806
 -5417
  3387
  1541
 -5152
  4349
   177
 -4552
  5028
 -1199
 -3658
  5381
 -2498
 -2527
  5385
 -3634
 -1231
  5040
 -4535
   144
  4368
 -5141
  1510
  3413
 -5415
  2778
  2236
 -5337
  3865
   915
 -4913
  4702
  -466
 -4171
  5235
 -1817
 -3158
  5427
 -3050
 -1940
  5268
 -4085
  -597
  4767
 -4856
   785
  3956
 -5311
  2116
  2889
 -5422
  3310
  1635
 -5182
  4289
   275
 -4605
  4990
 -1103
 -3730
  5367
 -2410
 -2613
  5397
 -3560
 -1327
  5076
 -4480
    46
  4426
 -5109
  1415
  3489
 -5407
  2693
  2325
 -5354
  3796
  1011
 -4954
  4653
  -369
 -4233
  5208
 -1724
 -3237
  5425
 -2969
 -2032
  5290
 -4020
  -694
  4813
 -4811
   688
  4023
 -5290
  2025
  2972
 -5426
  3232
  1729
 -5210
  4228
   373
 -4657
  4951
 -1007
 -3801
  5352
 -2322
 -2699
  5406
 -3486
 -1421
  5110
 -4424
   -52
  4482
 -5075
  1320
  3564
 -5397
  2607
  2414
 -5369
  3725
  1108
 -4993
  4601
  -270
 -4293
  5179
 -1631
 -3315
  5421
 -2886
 -2122
  5311
 -3954
  -792
  4857
 -4765
   590
  4088
 -5267
  1934
  3054
 -5428
  3152
  1822
 -5237
  4166
   471
 -4706
  4910
  -910
 -3870
  5335
 -2232
 -2784
  5414
 -3410
 -1516
  5142
 -4366
  -150
  4537
 -5039
  1225
  3637
 -5386
  2521
  2501
 -5383
  3653
  1203
 -5031
  4549
  -172
 -4353
  5149
 -1537
 -3393
  5415
 -2802
 -2212
  5331
 -3886
  -889
  4900
 -4717
   492
  4152
 -5243
  1842
  3135
 -5428
  3072
  1914
 -5262
  4102
   569
 -4755
  4867
  -813
 -3939
  5316
 -2142
 -2867
  5420
 -3333
 -1610
  5173
 -4307
  -249
  4590
 -5002
  1129
  3709
 -5372
  2433
  2588
 -5395
  3580
  1299
 -5067
  4494
   -74
 -4411
  5117
 -1443
 -3469
  5408
 -2718
 -2302
  5348
 -3817
  -986
  4942
 -4668
   395
  4215
 -5216
  1749
  3214
 -5427
  2990
  2005
 -5285
  4037
   666
 -4801
  4823
