     0
  1242
  6362
  -441
 -6238
  2209
  5611
 -3801
 -4534
  5085
  3091
 -5963
 -1401
  6359
  -403
 -6246
  2172
  5629
 -3770
 -4561
  5062
  3125
 -5949
 -1439
  6356
  -364
 -6254
  2136
  5647
 -3739
 -4588
  5038
  3158
 -5935
 -1476
  6352
  -326
 -6261
  2100
  5665
 -3708
 -4614
  5015
  3192
 -5921
 -1513
  6349
  -287
 -6268
  2064
  5682
 -3676
 -4641
  4991
  3225
 -5907
 -1551
  6345
  -249
 -6275
  2027
  5700
 -3645
 -4667
  4967
  3258
 -5892
 -1588
  6341
  -211
 -6282
  1991
  5717
 -3613
 -4693
  4942
  3291
 -5877
 -1625
  6337
  -172
 -6289
  1954
  5734
 -3581
 -4719
  4918
  3324
 -5862
 -1663
  6332
  -134
 -6295
  1918
  5751
 -3549
 -4745
  4893
  3357
 -5847
 -1700
  6327
   -95
 -6301
  1881
  5767
 -3517
 -4771
  4868
  3389
 -5831
 -1737
  6322
   -57
 -6307
  1844
  5783
 -3485
 -4796
  4844
  3422
 -5815
 -1774
  6317
   -18
 -6313
  1807
  5799
 -3453
 -4821
  4818
  3454
 -5799
 -1811
  6311
    20
 -6318
  1770
  5815
 -3421
 -4846
  4793
  3486
 -5783
 -1848
  6306
    58
 -6324
  1733
  5831
 -3388
 -4871
  4768
  3519
 -5767
 -1884
  6300
    97
 -6329
  1696
  5847
 -3355
 -4896
  4742
  3551
 -5750
 -1921
  6294
   136
 -6333
  1659
  5862
 -3323
 -4921
  4716
  3583
 -5734
 -1958
  6287
   174
 -6338
  1622
  5877
 -3289
 -4945
  4690
  3614
 -5717
 -1994
  6281
   212
 -6342
  1584
  5892
 -3257
 -4969
  4664
  3646
 -5699
 -2031
  6274
   251
 -6346
  1547
  5906
 -3223
 -4993
  4638
  3678
 -5682
 -2067
  6267
   289
 -6350
  1510
  5921
 -3190
 -5017
  4611
  3709
 -5664
 -2104
  6259
   328
 -6354
  1472
  5935
 -3157
 -5041
  4585
  3740
 -5647
 -2140
  6252
   366
 -6357
  1435
  5949
 -3123
 -5064
  4558
  3771
 -5629
 -2176
  6244
   405
 -6360
  1397
  5963
 -3090
 -5088
  4531
  3802
 -5610
 -2212
  6236
   443
 -6363
  1360
  5976
 -3056
 -5111
  4504
  3833
 -5592
 -2248
  6228
   481
 -6366
  1322
  5990
 -3022
 -5134
  4476
  3864
 -5573
 -2284
  6220
   520
 -6368
  1285
  6003
 -2988
 -5157
  4449
  3894
 -5555
 -2320
  6211
   558
 -6370
  1247
  6016
 -2954
 -5179
  4421
  3925
 -5535
 -2356
  6202
   596
 -6373
  1209
  6028
 -2920
 -5202
  4393
  3955
 -5516
 -2392
  6193
   635
 -6374
  1171
  6041
 -2886
 -5224
  4365
  3985
 -5497
 -2427
  6184
   673
 -6376
  1133
  6053
 -2851
 -5246
  4337
  4015
 -5477
 -2463
  6174
   711
 -6377
  1096
  6065
 -2817
 -5267
  4309
  4045
 -5457
 -2498
  6164
   749
 -6378
  1058
  6077
 -2782
 -5289
  4280
  4075
 -5437
 -2534
  6154
   788
 -6379
  1020
  6089
 -2748
 -5310
  4252
  4104
 -5417
 -2569
  6144
   826
 -6379
   982
  6100
 -2713
 -5332
  4223
  4134
 -5397
 -2604
  6134
   864
 -6380
   944
  6111
 -2678
 -5353
  4194
  4163
 -5376
 -2639
  6123
   902
 -6380
   906
  6122
 -2643
 -5374
  4165
  4192
 -5355
 -2674
  6112
   940
 -6380
   867
  6133
 -2608
 -5394
  4136
  4221
 -5334
 -2709
  6101
   978
 -6380
   829
  6143
 -2573
 -5415
  4106
  4249
 -5313
 -2744
  6090
  1016
 -6379
   791
  6154
 -2537
 -5435
  4077
  4278
 -5292
 -2778
  6078
  1054
 -6378
   753
  6164
 -2502
 -5455
  4047
  4307
 -5270
 -2813
  6066
  1092
 -6377
   715
  6173
 -2467
 -5475
  4017
  4335
 -5248
 -2848
  6054
  1130
 -6376
   677
  6183
 -2431
 -5494
  3988
  4363
 -5226
 -2882
  6042
  1168
 -6374
   638
  6192
 -2395
 -5514
  3957
  4391
 -5204
 -2916
  6030
  1206
 -6373
   600
  6201
 -2360
 -5533
  3927
  4419
 -5181
 -2950
  6017
  1244
 -6371
   562
  6210
 -2324
 -5552
  3897
  4447
 -5159
 -2984
  6004
  1281
 -6368
   524
  6219
 -2288
 -5571
  3866
  4474
 -5136
 -3018
  5991
  1319
 -6366
   485
  6228
 -2252
 -5590
  3835
  4502
 -5113
 -3052
  5977
  1357
 -6363
   447
  6236
 -2216
 -5608
  3805
  4529
 -5090
 -3086
  5964
  1394
 -6360
   408
  6244
 -2180
 -5626
  3774
  4556
 -5067
 -3120
  5950
  1432
 -6357
   370
  6251
 -2144
 -5644
  3743
  4582
 -5044
 -3153
  5936
  1469
 -6354
   331
  6259
 -2107
 -5662
  3712
  4609
 -5020
 -3186
  5922
  1507
 -6350
   293
  6266
 -2071
 -5680
  3680
  4636
 -4996
 -3220
  5908
  1544
 -6347
   254
  6273
 -2035
 -5697
  3649
  4662
 -4972
 -3253
  5893
