 -2281
 -2281
     0
     0
   993
  1972
  2922
  3828
  4678
  5461
  6161
  6770
  7280
  7681
  7970
  8140
  8191
  8120
  7929
  7620
  7199
  6673
  6047
  5333
  4537
  3676
  2761
  1805
   823
  -174
 -1166
 -2141
 -3084
 -3981
 -4823
 -5590
 -6275
 -6867
 -7358
 -7740
 -8009
 -8158
 -8187
 -8095
 -7883
 -7554
 -7115
 -6570
 -5928
 -5199
 -4390
 -3519
 -2596
 -1635
  -650
   345
  1335
  2306
  3242
  4130
  4960
  5714
  6384
  6959
  7431
  7795
  8043
  8172
  8180
  8067
  7834
  7487
  7028
  6466
  5809
  5066
  4245
  3364
  2433
  1467
   479
  -520
 -1507
 -2472
 -3401
 -4280
 -5098
 -5838
 -6491
 -7049
 -7503
 -7847
 -8074
 -8182
 -8169
 -8035
 -7782
 -7414
 -6937
 -6358
 -5685
 -4925
 -4095
 -3204
 -2266
 -1295
  -302
   690
  1675
  2635
  3556
  4425
  5231
  5956
  6594
  7135
  7570
  7894
  8101
  8188
  8154
  8000
  7727
  7340
  6845
  6249
  5560
  4787
  3946
  3046
  2101
  1126
   130
  -864
 -1845
 -2800
 -3712
 -4573
 -5363
 -6075
 -6696
 -7219
 -7635
 -7939
 -8125
 -8191
 -8136
 -7961
 -7667
 -7261
 -6747
 -6134
 -5431
 -4645
 -3792
 -2883
 -1932
  -953
    41
  1034
  2012
  2960
  3864
  4714
  5492
  6188
  6793
  7298
  7696
  7980
  8145
  8190
  8114
  7918
  7605
  7180
  6649
  6020
  5301
  4502
  3639
  2723
  1766
   783
  -215
 -1207
 -2180
 -3122
 -4017
 -4856
 -5620
 -6301
 -6889
 -7376
 -7754
 -8017
 -8162
 -8185
 -8089
 -7871
 -7539
 -7094
 -6546
 -5900
 -5165
 -4356
 -3482
 -2558
 -1595
  -606
   386
  1376
  2345
  3279
  4165
  4992
  5743
  6409
  6980
  7449
  7808
  8050
  8174
  8177
  8060
  7822
  7470
  7007
  6441
  5780
  5031
  4210
  3327
  2394
  1427
   435
  -560
 -1547
 -2511
 -3438
 -4317
 -5130
 -5866
 -6516
 -7070
 -7521
 -7859
 -8081
 -8184
 -8166
 -8027
 -7769
 -7397
 -6915
 -6332
 -5655
 -4892
 -4059
 -3167
 -2227
 -1255
  -261
   731
  1715
  2674
  3593
  4462
  5262
  5984
  6618
  7155
  7587
  7905
  8107
  8189
  8150
  7990
  7713
  7322
  6822
  6222
  5530
  4754
  3910
  3008
  2062
  1085
    90
  -904
 -1885
 -2838
 -3749
 -4607
 -5394
 -6102
 -6720
 -7238
 -7651
 -7949
 -8130
 -8191
 -8131
 -7950
 -7652
 -7242
 -6724
 -6107
 -5398
 -4611
 -3756
 -2845
 -1893
  -909
    82
  1074
  2051
  2998
  3900
  4747
  5522
  6215
  6816
  7317
  7710
  7989
  8149
  8189
  8109
  7907
  7590
  7160
  6625
  5992
  5268
  4468
  3603
  2684
  1726
   739
  -256
 -1247
 -2220
 -3159
 -4055
 -4888
 -5649
 -6327
 -6911
 -7395
 -7767
 -8025
 -8165
 -8184
 -8082
 -7860
 -7522
 -7074
 -6521
 -5872
 -5133
 -4321
 -3445
 -2519
 -1555
  -565
   427
  1416
  2384
  3317
  4203
  5025
  5772
  6434
  7002
  7467
  7820
  8058
  8177
  8175
  8052
  7810
  7453
  6986
  6416
  5749
  4999
  4175
  3289
  2355
  1387
   394
  -601
 -1587
 -2550
 -3475
 -4352
 -5161
 -5895
 -6541
 -7090
 -7537
 -7870
 -8087
 -8185
 -8162
 -8018
 -7756
 -7379
 -6893
 -6306
 -5623
 -4859
 -4024
 -3129
 -2188
 -1211
  -220
   772
  1755
  2712
  3630
  4496
  5293
  6012
  6642
  7175
  7602
  7916
  8113
  8190
  8146
  7981
  7699
  7303
  6799
  6195
  5498
  4721
  3874
  2970
  2022
  1042
    49
  -945
 -1925
 -2876
 -3788
 -4641
 -5425
 -6129
 -6743
 -7259
 -7665
 -7959
 -8135
 -8191
 -8126
 -7940
 -7638
 -7223
 -6701
 -6080
 -5367
 -4577
 -3719
 -2807
 -1853
  -869
   123
  1115
  2091
  3036
  3939
  4781
  5552
  6241
  6839
  7336
  7724
  7998
  8153
  8188
  8102
  7897
  7574
  7140
  6601
  5962
  5237
  4434
  3566
  2645
  1686
   698
  -297
 -1287
 -2259
 -3197
 -4091
 -4921
 -5679
 -6353
 -6933
 -7412
 -7780
 -8033
 -8168
 -8182
 -8075
 -7848
 -7506
 -7053
 -6496
 -5841
 -5101
 -4286
 -3408
 -2480
 -1512
  -524
   468
  1456
  2423
  3357
  4238
  5057
  5801
  6460
  7023
  7483
  7832
  8065
  8179
  8172
  8044
  7798
  7436
  6965
  6390
  5720
  4966
  4140
  3252
  2316
  1343
   353
  -642
 -1627
 -2589
 -3515
 -4386
 -5193
 -5923
 -6565
 -7112
 -7553
 -7881
 -8094
 -8187
 -8159
 -8010
 -7743
 -7361
 -6871
 -6280
 -5593
 -4826
 -3988
 -3091
 -2148
 -1171
  -179
   812
  1795
  2751
  3669
  4530
  5324
  6040
  6666
  7196
  7617
  7926
  8118
  8190
  8141
  7972
  7685
  7285
  6777
  6167
  5467
  4687
  3838
  2932
  1983
  1001
     8
  -986
 -1964
 -2914
 -3824
 -4674
 -5455
 -6156
 -6766
 -7277
 -7680
 -7968
 -8140
 -8191
 -8120
 -7930
 -7623
 -7203
 -6677
 -6050
 -5336
 -4543
 -3683
 -2768
 -1810
  -828
   163
  1155
  2130
  3077
  3975
  4814
  5582
  6268
  6861
  7354
  7737
  8006
  8157
  8187
  8096
  7886
  7559
  7120
  6577
  5934
  5205
  4400
  3529
  2607
  1643
   657
  -338
 -1328
 -2298
 -3237
 -4126
 -4954
 -5708
 -6379
 -6956
 -7429
 -7793
 -8041
 -8171
 -8180
 -8068
 -7837
 -7490
 -7032
 -6471
 -5812
 -5069
 -4252
 -3371
 -2441
 -1472
  -483
   509
  1496
  2462
  3394
  4273
  5089
  5830
  6485
  7045
  7500
  7844
  8072
  8181
  8169
  8036
  7785
  7419
  6943
  6363
  5690
  4934
  4104
  3214
  2277
  1303
   312
  -682
 -1667
 -2628
 -3552
 -4421
 -5224
 -5951
 -6590
 -7133
 -7568
 -7892
 -8100
 -8188
 -8155
 -8001
 -7729
 -7343
 -6849
 -6252
 -5564
 -4793
 -3953
 -3053
 -2106
 -1130
  -138
   853
  1835
  2792
  3705
  4564
  5355
  6067
  6690
  7215
  7632
  7936
  8124
  8191
  8137
  7963
  7671
  7266
  6754
  6140
  5437
  4654
  3802
  2894
  1940
   961
   -33
 -1026
 -2004
 -2955
 -3860
 -4708
 -5486
 -6183
 -6791
 -7296
 -7694
 -7978
 -8144
 -8190
 -8115
 -7920
 -7608
 -7184
 -6653
 -6023
 -5305
 -4509
 -3646
 -2730
 -1770
  -787
   204
  1196
  2170
  3114
  4010
  4847
  5612
  6294
  6885
  7372
  7751
  8015
  8161
  8186
  8090
  7874
  7543
  7100
  6550
  5905
  5173
  4365
  3492
  2565
  1603
   617
  -378
 -1368
 -2337
 -3275
 -4161
 -4986
 -5738
 -6404
 -6978
 -7447
 -7805
 -8049
 -8174
 -8178
 -8061
 -7825
 -7473
 -7011
 -6444
 -5783
 -5037
 -4217
 -3334
 -2399
 -1431
  -443
   549
  1536
  2504
  3431
  4308
  5121
  5858
  6509
  7066
  7516
  7856
  8079
  8183
  8166
  8028
  7772
  7401
  6921
  6337
  5661
  4901
  4069
  3177
  2235
  1263
   272
  -723
 -1707
 -2669
 -3589
 -4455
 -5256
 -5979
 -6616
 -7153
 -7584
 -7903
 -8106
 -8189
 -8151
 -7992
 -7716
 -7325
 -6827
 -6225
 -5534
 -4760
 -3917
 -3015
 -2066
 -1090
   -97
   894
  1874
  2830
  3742
  4598
  5386
  6095
  6715
  7234
  7647
  7946
  8129
  8191
  8132
  7953
  7656
  7247
  6729
  6112
  5406
  4620
  3766
  2853
  1900
   920
   -74
 -1067
 -2044
 -2993
 -3896
 -4741
 -5516
 -6210
 -6813
 -7315
 -7708
 -7987
 -8148
 -8189
 -8109
 -7909
 -7593
 -7164
 -6628
 -5995
 -5274
 -4475
 -3610
 -2689
 -1730
  -747
   245
  1236
  2212
  3152
  4046
  4880
  5641
  6322
  6907
  7390
  7764
  8023
  8164
  8184
  8083
  7863
  7527
  7079
  6526
  5877
  5142
  4331
  3455
  2526
  1563
   576
  -419
 -1408
 -2379
 -3312
 -4196
 -5019
 -5767
 -6431
 -6999
 -7463
 -7818
 -8056
 -8176
 -8175
 -8053
 -7813
 -7456
 -6990
 -6419
 -5754
 -5005
 -4182
 -3297
 -2360
 -1391
  -402
   590
  1577
  2543
  3468
  4343
  5153
  5887
  6536
  7087
  7532
  7867
  8086
  8185
  8163
  8020
  7759
  7384
  6898
  6311
  5631
  4868
  4033
  3136
  2195
  1222
   231
  -764
 -1747
 -2708
 -3625
 -4489
 -5287
 -6007
 -6640
 -7172
 -7599
 -7914
 -8112
 -8190
 -8147
 -7983
 -7702
 -7307
 -6802
 -6198
 -5503
 -4727
 -3881
 -2974
 -2027
 -1049
   -57
   934
  1917
  2869
  3778
  4632
  5417
  6124
  6738
  7253
  7661
  7956
  8134
  8191
  8127
  7943
  7642
  7228
  6705
  6085
  5375
  4586
  3729
  2814
  1861
   879
  -115
 -1107
 -2086
 -3031
 -3932
 -4774
 -5546
 -6238
 -6836
 -7333
 -7721
 -7996
 -8153
 -8188
 -8103
 -7899
 -7577
 -7143
 -6604
 -5967
 -5243
 -4441
 -3573
 -2650
 -1690
  -706
   286
  1276
  2251
  3190
  4081
  4912
  5671
  6348
  6929
  7408
  7777
  8031
  8167
  8182
  8077
  7852
  7511
  7057
  6501
  5849
  5110
  4296
  3415
  2487
  1523
   535
  -460
 -1448
 -2418
 -3350
 -4231
 -5051
 -5796
 -6457
 -7020
 -7480
 -7830
 -8064
 -8179
 -8173
 -8046
 -7800
 -7439
 -6967
 -6393
 -5725
 -4972
 -4146
 -3256
 -2321
 -1351
  -361
   631
  1620
  2581
  3505
  4377
  5184
  5917
  6561
  7107
  7548
  7878
  8092
  8186
  8159
  8012
  7746
  7366
  6876
  6285
  5601
  4835
  3998
  3098
  2156
  1182
   190
  -804
 -1790
 -2746
 -3662
 -4523
 -5318
 -6037
 -6663
 -7192
 -7614
 -7924
 -8118
 -8190
 -8142
 -7974
 -7688
 -7287
 -6779
 -6172
 -5473
 -4694
 -3845
 -2936
 -1987
 -1009
   -16
   975
  1957
  2907
  3814
  4665
  5447
  6151
  6762
  7272
  7676
  7966
  8139
  8191
  8122
  7933
  7627
  7207
  6682
  6058
  5344
  4552
  3690
  2776
  1821
   839
  -155
 -1151
 -2126
 -3069
 -3968
 -4807
 -5576
 -6265
 -6858
 -7351
 -7735
 -8005
 -8157
 -8187
 -8097
 -7888
 -7562
 -7122
 -6579
 -5939
 -5211
 -4406
 -3534
 -2611
 -1650
  -665
   327
  1320
  2291
  3227
  4117
  4945
  5703
  6374
  6951
  7425
  7790
  8039
  8170
  8180
  8070
  7840
  7494
  7036
  6476
  5820
  5078
  4261
  3378
  2448
  1482
   494
  -501
 -1492
 -2457
 -3387
 -4266
 -5083
 -5827
 -6482
 -7041
 -7497
 -7842
 -8071
 -8181
 -8170
 -8038
 -7788
 -7421
 -6946
 -6368
 -5696
 -4940
 -4111
 -3219
 -2281
 -1311
  -320
   672
  1660
  2620
  3542
  4412
  5216
  5946
  6585
  7127
  7564
  7889
  8099
  8188
  8156
  8003
  7733
  7347
  6853
  6259
  5572
  4802
  3959
  3061
  2117
  1141
   149
  -848
 -1830
 -2785
 -3698
 -4557
 -5349
 -6064
 -6687
 -7211
 -7629
 -7934
 -8123
 -8191
 -8138
 -7964
 -7674
 -7268
 -6756
 -6145
 -5443
 -4660
 -3806
 -2898
 -1948
  -968
    22
  1018
  1996
  2945
  3850
  4699
  5480
  6178
  6785
  7291
  7690
  7976
  8143
  8190
  8116
  7923
  7612
  7187
  6658
  6030
  5313
  4518
  3653
  2737
  1781
   798
  -196
 -1191
 -2165
 -3107
 -4003
 -4840
 -5608
 -6291
 -6881
 -7369
 -7748
 -8014
 -8160
 -8186
 -8091
 -7877
 -7545
 -7102
 -6555
 -5911
 -5180
 -4372
 -3497
 -2573
 -1610
  -625
   367
  1360
  2330
  3265
  4152
  4977
  5732
  6399
  6972
  7442
  7802
  8048
  8173
  8178
  8063
  7828
  7476
  7015
  6451
  5791
  5046
  4223
  3341
  2409
  1442
   454
  -545
 -1532
 -2496
 -3424
 -4301
 -5115
 -5855
 -6507
 -7062
 -7513
 -7853
 -8078
 -8183
 -8167
 -8030
 -7775
 -7403
 -6924
 -6342
 -5666
 -4907
 -4073
 -3181
 -2242
 -1270
  -280
   715
  1700
  2659
  3579
  4446
  5250
  5974
  6609
  7147
  7580
  7901
  8105
  8189
  8152
  7995
  7719
  7329
  6831
  6232
  5542
  4769
  3924
  3023
  2077
  1101
   108
  -889
 -1870
 -2823
 -3735
 -4591
 -5382
 -6092
 -6711
 -7231
 -7644
 -7945
 -8128
 -8191
 -8133
 -7955
 -7658
 -7249
 -6733
 -6118
 -5412
 -4624
 -3770
 -2860
 -1908
  -928
    63
  1059
  2036
  2983
  3886
  4732
  5510
  6205
  6807
  7310
  7704
  7985
  8148
  8190
  8111
  7912
  7596
  7168
  6634
  6003
  5282
  4481
  3617
  2699
  1741
   758
  -240
 -1231
 -2204
 -3145
 -4039
 -4873
 -5638
 -6317
 -6903
 -7387
 -7761
 -8022
 -8164
 -8185
 -8085
 -7865
 -7529
 -7082
 -6530
 -5883
 -5148
 -4335
 -3460
 -2534
 -1570
  -584
   411
  1400
  2369
  3302
  4187
  5012
  5761
  6425
  6993
  7459
  7815
  8055
  8176
  8176
  8055
  7816
  7460
  6994
  6426
  5762
  5014
  4188
  3304
  2370
  1402
   413
  -585
 -1572
 -2535
 -3461
 -4336
 -5149
 -5884
 -6531
 -7083
 -7529
 -7866
 -8085
 -8185
 -8163
 -8022
 -7761
 -7386
 -6902
 -6316
 -5637
 -4872
 -4038
 -3143
 -2203
 -1230
  -239
   756
  1740
  2697
  3615
  4480
  5281
  6001
  6633
  7167
  7595
  7912
  8111
  8190
  8148
  7986
  7704
  7310
  6808
  6206
  5511
  4733
  3888
  2985
  2038
  1060
    64
  -929
 -1910
 -2861
 -3771
 -4628
 -5413
 -6119
 -6734
 -7250
 -7659
 -7955
 -8133
 -8191
 -8128
 -7945
 -7643
 -7230
 -6710
 -6090
 -5381
 -4590
 -3733
 -2822
 -1868
  -887
   107
  1099
  2076
  3021
  3922
  4768
  5540
  6231
  6830
  7328
  7719
  7994
  8152
  8189
  8105
  7902
  7580
  7148
  6610
  5975
  5251
  4447
  3580
  2660
  1701
   717
  -281
 -1272
 -2244
 -3183
 -4074
 -4909
 -5668
 -6343
 -6925
 -7404
 -7775
 -8030
 -8167
 -8183
 -8078
 -7853
 -7513
 -7061
 -6506
 -5854
 -5114
 -4300
 -3423
 -2495
 -1530
  -543
   452
  1441
  2408
  3340
  4222
  5045
  5790
  6450
  7015
  7476
  7827
  8062
  8178
  8173
  8048
  7803
  7443
  6973
  6400
  5733
  4979
  4153
  3266
  2331
  1362
   369
  -626
 -1612
 -2574
 -3498
 -4373
 -5181
 -5912
 -6556
 -7103
 -7545
 -7877
 -8091
 -8186
 -8160
 -8014
 -7748
 -7368
 -6880
 -6290
 -5607
 -4839
 -4002
 -3106
 -2164
 -1190
  -195
   797
  1779
  2736
  3652
  4517
  5312
  6029
  6657
  7187
  7611
  7922
  8116
  8190
  8143
  7976
  7690
  7292
  6785
  6179
  5481
  4700
  3852
  2947
  1998
  1020
    24
  -970
 -1949
 -2900
 -3807
 -4661
 -5444
 -6146
 -6757
 -7269
 -7674
 -7965
 -8138
 -8191
 -8123
 -7934
 -7629
 -7211
 -6686
 -6063
 -5348
 -4556
 -3697
 -2783
 -1828
  -847
   148
  1140
  2115
  3059
  3958
  4801
  5570
  6258
  6852
  7346
  7732
  8003
  8156
  8188
  8099
  7890
  7565
  7128
  6586
  5947
  5217
  4413
  3543
  2622
  1661
   673
  -322
 -1312
 -2283
 -3220
 -4112
 -4941
 -5697
 -6369
 -6946
 -7422
 -7788
 -8038
 -8170
 -8181
 -8071
 -7841
 -7496
 -7040
 -6481
 -5825
 -5082
 -4265
 -3385
 -2456
 -1490
  -499
   493
  1481
  2447
  3377
  4260
  5077
  5819
  6475
  7036
  7494
  7839
  8069
  8180
  8171
  8040
  7790
  7426
  6951
  6375
  5704
  4946
  4118
  3229
  2292
  1321
   328
  -667
 -1652
 -2613
 -3535
 -4408
 -5212
 -5940
 -6580
 -7123
 -7562
 -7888
 -8098
 -8187
 -8156
 -8004
 -7734
 -7350
 -6858
 -6264
 -5575
 -4806
 -3966
 -3068
 -2124
 -1149
  -154
   837
  1819
  2774
  3689
  4551
  5343
  6057
  6681
  7206
  7626
  7933
  8122
  8191
  8139
  7966
  7676
  7273
  6762
  6152
  5448
  4666
  3816
  2908
  1958
   976
   -17
 -1011
 -1989
 -2938
 -3846
 -4695
 -5474
 -6173
 -6780
 -7287
 -7688
 -7974
 -8142
 -8190
 -8117
 -7924
 -7614
 -7191
 -6663
 -6036
 -5317
 -4522
 -3661
 -2745
 -1789
  -803
   188
  1180
  2154
  3097
  3996
  4834
  5600
  6284
  6875
  7365
  7746
  8012
  8159
  8186
  8092
  7879
  7549
  7108
  6562
  5918
  5186
  4378
  3507
  2583
  1621
   632
  -363
 -1352
 -2322
 -3258
 -4148
 -4974
 -5726
 -6394
 -6968
 -7440
 -7801
 -8046
 -8173
 -8179
 -8063
 -7829
 -7480
 -7019
 -6456
 -5794
 -5050
 -4230
 -3348
 -2417
 -1447
  -458
   534
  1521
  2486
  3414
  4294
  5109
  5847
  6500
  7056
  7510
  7851
  8076
  8182
  8168
  8032
  7777
  7408
  6930
  6349
  5672
  4914
  4083
  3191
  2253
  1278
   287
  -708
 -1692
 -2651
 -3575
 -4442
 -5244
 -5968
 -6605
 -7143
 -7578
 -7899
 -8104
 -8189
 -8153
 -7996
 -7721
 -7332
 -6835
 -6237
 -5545
 -4773
 -3931
 -3030
 -2085
 -1106
  -113
   878
  1859
  2813
  3728
  4585
  5374
  6084
  6704
  7227
  7641
  7943
  8127
  8191
  8134
  7957
  7662
  7254
  6739
  6125
  5418
  4633
  3779
  2870
  1919
   936
   -58
 -1051
 -2028
 -2976
 -3882
 -4728
 -5505
 -6199
 -6803
 -7307
 -7702
 -7983
 -8147
 -8190
 -8111
 -7913
 -7599
 -7172
 -6639
 -6006
 -5286
 -4488
 -3624
 -2706
 -1746
  -762
   229
  1221
  2194
  3135
  4032
  4867
  5630
  6310
  6897
  7383
  7759
  8020
  8163
  8185
  8086
  7868
  7533
  7087
  6537
  5888
  5154
  4344
  3470
  2544
  1578
   592
  -404
 -1393
 -2361
 -3298
 -4183
 -5006
 -5755
 -6420
 -6991
 -7457
 -7813
 -8054
 -8175
 -8176
 -8056
 -7817
 -7463
 -6998
 -6430
 -5765
 -5017
 -4195
 -3311
 -2378
 -1407
  -418
   574
  1561
  2525
  3454
  4329
  5141
  5876
  6525
  7079
  7526
  7863
  8083
  8184
  8164
  8023
  7764
  7391
  6908
  6323
  5643
  4881
  4047
  3154
  2214
  1238
   247
  -748
 -1732
 -2690
 -3611
 -4476
 -5275
 -5996
 -6629
 -7165
 -7593
 -7910
 -8109
 -8189
 -8148
 -7987
 -7707
 -7314
 -6813
 -6209
 -5515
 -4740
 -3895
 -2992
 -2042
 -1065
   -72
   918
  1899
  2851
  3764
  4619
  5405
  6111
  6728
  7246
  7656
  7953
  8132
  8191
  8129
  7947
  7647
  7235
  6716
  6096
  5387
  4599
  3743
  2832
  1876
   895
   -99
 -1092
 -2068
 -3017
 -3918
 -4762
 -5535
 -6226
 -6827
 -7326
 -7716
 -7992
 -8151
 -8189
 -8106
 -7903
 -7583
 -7152
 -6615
 -5978
 -5255
 -4454
 -3587
 -2668
 -1706
  -722
   270
  1261
  2233
  3175
  4068
  4900
  5660
  6336
  6920
  7401
  7772
  8028
  8166
  8183
  8079
  7856
  7517
  7067
  6510
  5860
  5122
  4309
  3433
  2505
  1538
   551
  -444
 -1433
 -2400
 -3335
 -4218
 -5038
 -5784
 -6445
 -7012
 -7474
 -7825
 -8061
 -8178
 -8174
 -8049
 -7805
 -7446
 -6977
 -6403
 -5736
 -4985
 -4160
 -3274
 -2336
 -1366
  -377
   615
  1601
  2564
  3491
  4364
  5172
  5904
  6549
  7099
  7542
  7874
  8090
  8186
  8161
  8015
  7751
  7373
  6886
  6295
  5613
  4848
  4012
  3116
  2171
  1197
   206
  -789
 -1772
 -2732
 -3648
 -4510
 -5306
 -6024
 -6654
 -7184
 -7609
 -7920
 -8115
 -8190
 -8144
 -7977
 -7693
 -7295
 -6790
 -6182
 -5485
 -4706
 -3859
 -2954
 -2003
 -1025
   -31
   959
  1939
  2892
  3800
  4652
  5436
  6139
  6753
  7265
  7670
  7962
  8137
  8191
  8124
  7937
  7633
  7216
  6691
  6068
  5356
  4565
  3707
  2794
  1836
   854
  -140
 -1132
 -2107
 -3055
 -3954
 -4795
 -5565
 -6253
 -6850
 -7344
 -7730
 -8001
 -8155
 -8188
 -8100
 -7892
 -7568
 -7132
 -6589
 -5950
 -5223
 -4419
 -3551
 -2626
 -1666
  -681
   311
  1301
  2275
  3213
  4103
  4932
  5689
  6362
  6942
  7418
  7785
  8036
  8169
  8181
  8072
  7844
  7501
  7046
  6486
  5831
  5090
  4274
  3395
  2463
  1498
   510
  -485
 -1473
 -2442
 -3373
 -4253
 -5071
 -5813
 -6472
 -7033
 -7490
 -7837
 -8068
 -8180
 -8171
 -8041
 -7792
 -7429
 -6956
 -6378
 -5707
 -4952
 -4125
 -3236
 -2297
 -1326
  -336
   656
  1641
  2605
  3528
  4398
  5204
  5933
  6576
  7119
  7558
  7885
  8096
  8187
  8157
  8007
  7738
  7355
  6862
  6269
  5583
  4815
  3976
  3078
  2132
  1157
   165
  -829
 -1812
 -2770
 -3684
 -4544
 -5337
 -6051
 -6678
 -7204
 -7624
 -7931
 -8121
 -8191
 -8139
 -7968
 -7679
 -7277
 -6765
 -6155
 -5454
 -4673
 -3823
 -2913
 -1963
  -984
     6
  1000
  1981
  2930
  3836
  4686
  5466
  6165
  6776
  7284
  7685
  7972
  8141
  8190
  8118
  7927
  7618
  7196
  6667
  6041
  5325
  4531
  3670
  2752
  1796
   814
  -181
 -1172
 -2150
 -3093
 -3990
 -4828
 -5595
 -6281
 -6872
 -7362
 -7743
 -8010
 -8159
 -8187
 -8093
 -7881
 -7552
 -7112
 -6564
 -5922
 -5192
 -4385
 -3514
 -2587
 -1626
  -640
   352
  1342
  2315
  3250
  4138
  4965
  5718
  6389
  6964
  7435
  7797
  8044
  8172
  8179
  8065
  7833
  7484
  7023
  6461
  5802
  5058
  4240
  3358
  2424
  1458
   469
  -526
 -1513
 -2481
 -3410
 -4288
 -5103
 -5842
 -6497
 -7054
 -7507
 -7849
 -8075
 -8182
 -8168
 -8033
 -7780
 -7412
 -6932
 -6352
 -5678
 -4920
 -4089
 -3196
 -2257
 -1286
  -295
   697
  1684
  2644
  3565
  4433
  5235
  5961
  6600
  7139
  7574
  7896
  8102
  8188
  8153
  7998
  7724
  7337
  6839
  6242
  5553
  4782
  3940
  3037
  2092
  1116
   124
  -870
 -1854
 -2808
 -3721
 -4578
 -5368
 -6081
 -6702
 -7223
 -7638
 -7941
 -8126
 -8191
 -8135
 -7958
 -7665
 -7258
 -6742
 -6128
 -5424
 -4639
 -3786
 -2875
 -1923
  -943
    47
  1040
  2021
  2969
  3873
  4719
  5496
  6194
  6799
  7302
  7699
  7981
  8146
  8190
  8113
  7916
  7603
  7175
  6643
  6013
  5294
  4497
  3631
  2714
  1756
   773
  -221
 -1213
 -2189
 -3130
 -4025
 -4861
 -5624
 -6307
 -6894
 -7380
 -7756
 -8018
 -8162
 -8185
 -8087
 -7870
 -7536
 -7090
 -6540
 -5893
 -5160
 -4351
 -3474
 -2549
 -1586
  -599
   393
  1385
  2354
  3288
  4173
  4997
  5748
  6415
  6985
  7452
  7810
  8052
  8175
  8177
  8058
  7820
  7467
  7002
  6435
  5773
  5026
  4205
  3318
  2385
  1417
   429
  -567
 -1556
 -2520
 -3447
 -4323
 -5134
 -5873
 -6522
 -7075
 -7523
 -7860
 -8082
 -8184
 -8165
 -8025
 -7767
 -7394
 -6910
 -6326
 -5648
 -4887
 -4054
 -3158
 -2218
 -1245
  -254
   737
  1724
  2683
  3601
  4467
  5267
  5991
  6624
  7159
  7589
  7907
  8108
  8189
  8149
  7989
  7711
  7317
  6817
  6216
  5523
  4749
  3902
  2999
  2053
  1076
    83
  -911
 -1894
 -2847
 -3757
 -4612
 -5399
 -6108
 -6725
 -7242
 -7653
 -7951
 -8131
 -8191
 -8130
 -7949
 -7650
 -7237
 -6719
 -6101
 -5393
 -4606
 -3747
 -2836
 -1884
  -903
    88
  1084
  2060
  3007
  3908
  4753
  5529
  6221
  6821
  7321
  7712
  7990
  8150
  8189
  8107
  7906
  7587
  7156
  6619
  5985
  5263
  4463
  3594
  2675
  1717
   733
  -262
 -1256
 -2229
 -3168
 -4061
 -4893
 -5656
 -6333
 -6916
 -7397
 -7769
 -8027
 -8166
 -8183
 -8081
 -7858
 -7520
 -7069
 -6515
 -5865
 -5128
 -4316
 -3437
 -2510
 -1546
  -559
   433
  1425
  2393
  3325
  4209
  5030
  5779
  6440
  7006
  7469
  7822
  8060
  8177
  8174
  8051
  7808
  7449
  6981
  6410
  5744
  4994
  4167
  3281
  2346
  1377
   388
  -607
 -1597
 -2559
 -3484
 -4357
 -5166
 -5901
 -6546
 -7095
 -7539
 -7872
 -8089
 -8186
 -8161
 -8017
 -7754
 -7375
 -6888
 -6300
 -5619
 -4854
 -4016
 -3120
 -2179
 -1205
  -214
   781
  1764
  2721
  3638
  4501
  5300
  6019
  6648
  7179
  7604
  7917
  8114
  8190
  8145
  7980
  7697
  7299
  6794
  6189
  5493
  4715
  3866
  2961
  2013
  1035
    42
  -954
 -1934
 -2885
 -3793
 -4646
 -5432
 -6135
 -6748
 -7261
 -7668
 -7961
 -8136
 -8191
 -8125
 -7939
 -7634
 -7218
 -6695
 -6074
 -5362
 -4572
 -3711
 -2798
 -1844
  -862
   129
  1124
  2100
  3045
  3944
  4786
  5559
  6247
  6844
  7339
  7726
  8000
  8154
  8188
  8101
  7895
  7571
  7136
  6595
  5957
  5232
  4426
  3558
  2637
  1677
   692
  -303
 -1297
 -2268
 -3206
 -4096
 -4926
 -5686
 -6359
 -6938
 -7415
 -7782
 -8035
 -8169
 -8182
 -8074
 -7847
 -7502
 -7048
 -6490
 -5836
 -5096
 -4278
 -3400
 -2471
 -1506
  -518
   477
  1465
  2432
  3363
  4244
  5064
  5808
  6465
  7028
  7486
  7834
  8067
  8180
  8172
  8043
  7796
  7432
  6960
  6384
  5715
  4961
  4131
  3243
  2307
  1337
   347
  -651
 -1637
 -2598
 -3521
 -4392
 -5200
 -5929
 -6571
 -7116
 -7555
 -7884
 -8095
 -8187
 -8158
 -8008
 -7740
 -7357
 -6866
 -6274
 -5589
 -4821
 -3980
 -3082
 -2139
 -1165
  -173
   822
  1804
  2760
  3675
  4535
  5331
  6046
  6672
  7199
  7620
  7929
  8120
  8191
  8141
  7971
  7682
  7280
  6771
  6162
  5462
  4679
  3830
  2923
  1974
   995
    -2
  -995
 -1974
 -2923
 -3830
 -4679
 -5462
 -6162
 -6771
 -7280
 -7682
 -7971
 -8141
 -8191
 -8120
 -7929
 -7620
 -7199
 -6672
 -6046
 -5331
 -4535
 -3675
 -2760
 -1804
  -822
   173
  1165
  2139
  3082
  3980
  4821
  5589
  6274
  6866
  7357
  7740
  8008
  8158
  8187
  8095
  7884
  7555
  7116
  6571
  5929
  5200
  4392
  3521
  2598
  1637
   651
  -347
 -1337
 -2307
 -3243
 -4131
 -4961
 -5715
 -6384
 -6960
 -7432
 -7796
 -8043
 -8172
 -8180
 -8067
 -7834
 -7486
 -7028
 -6465
 -5808
 -5064
 -4244
 -3363
 -2432
 -1465
  -477
   518
  1506
  2471
  3400
  4278
  5096
  5836
  6490
  7048
  7502
  7847
  8074
  8182
  8169
  8035
  7782
  7415
  6938
  6359
  5686
  4926
  4096
  3206
  2268
  1297
   303
  -692
 -1677
 -2637
 -3558
 -4426
 -5232
 -5957
 -6595
 -7136
 -7571
 -7895
 -8101
 -8188
 -8154
 -8000
 -7726
 -7339
 -6844
 -6247
 -5559
 -4786
 -3944
 -3045
 -2100
 -1124
  -129
   862
  1844
  2798
  3711
  4572
  5362
  6074
  6695
  7218
  7636
  7939
  8125
  8191
  8136
  7961
  7668
  7261
  6748
  6135
  5432
  4646
  3793
  2885
  1934
   954
   -42
 -1035
 -2013
 -2961
 -3866
 -4715
 -5493
 -6189
 -6794
 -7299
 -7697
 -7980
 -8145
 -8190
 -8114
 -7917
 -7604
 -7179
 -6648
 -6019
 -5300
 -4501
 -3638
 -2721
 -1764
  -781
   214
  1205
  2179
  3120
  4016
  4854
  5619
  6300
  6888
  7375
  7754
  8017
  8161
  8186
  8089
  7872
  7539
  7095
  6546
  5901
  5166
  4357
  3484
  2559
  1597
   607
  -388
 -1377
 -2346
 -3281
 -4167
 -4994
 -5744
 -6410
 -6981
 -7449
 -7808
 -8051
 -8174
 -8177
 -8060
 -7822
 -7469
 -7006
 -6440
 -5779
 -5030
 -4209
 -3325
 -2393
 -1425
  -433
   559
  1546
  2510
  3437
  4316
  5128
  5865
  6515
  7069
  7520
  7858
  8081
  8183
  8166
  8027
  7769
  7397
  6916
  6333
  5656
  4893
  4061
  3168
  2229
  1256
   262
  -733
 -1717
 -2675
 -3594
 -4463
 -5263
 -5985
 -6619
 -7156
 -7587
 -7906
 -8107
 -8189
 -8150
 -7990
 -7712
 -7321
 -6821
 -6221
 -5527
 -4753
 -3908
 -3007
 -2060
 -1084
   -88
   903
  1884
  2836
  3747
  4606
  5393
  6101
  6719
  7237
  7650
  7949
  8130
  8191
  8131
  7951
  7653
  7242
  6725
  6108
  5399
  4612
  3757
  2847
  1894
   911
   -83
 -1076
 -2053
 -2999
 -3902
 -4749
 -5523
 -6216
 -6817
 -7317
 -7711
 -7989
 -8149
 -8189
 -8108
 -7907
 -7589
 -7159
 -6624
 -5991
 -5267
 -4467
 -3601
 -2683
 -1724
  -737
   254
  1245
  2218
  3158
  4054
  4887
  5648
  6326
  6910
  7394
  7767
  8025
  8165
  8184
  8082
  7860
  7523
  7075
  6522
  5873
  5134
  4323
  3447
  2520
  1556
   567
  -429
 -1417
 -2385
 -3318
 -4205
 -5026
 -5773
 -6435
 -7002
 -7467
 -7820
 -8058
 -8177
 -8175
 -8052
 -7810
 -7452
 -6985
 -6415
 -5748
 -4997
 -4173
 -3288
 -2354
 -1385
  -393
   599
  1586
  2549
  3474
  4351
  5160
  5893
  6540
  7090
  7536
  7870
  8087
  8185
  8162
  8018
  7756
  7380
  6894
  6307
  5624
  4861
  4025
  3130
  2189
  1213
   221
  -773
 -1756
 -2714
 -3634
 -4497
 -5294
 -6013
 -6643
 -7175
 -7603
 -7916
 -8113
 -8190
 -8146
 -7981
 -7699
 -7302
 -6799
 -6194
 -5496
 -4719
 -3873
 -2969
 -2021
 -1040
   -47
   943
  1923
  2875
  3786
  4639
  5424
  6128
  6742
  7258
  7665
  7958
  8135
  8191
  8126
  7941
  7638
  7223
  6702
  6081
  5368
  4578
  3721
  2808
  1854
   870
  -124
 -1116
 -2092
 -3037
 -3940
 -4782
 -5553
 -6242
 -6839
 -7337
 -7724
 -7998
 -8153
 -8188
 -8102
 -7896
 -7574
 -7139
 -6600
 -5961
 -5235
 -4433
 -3565
 -2644
 -1684
  -697
   295
  1286
  2257
  3196
  4089
  4920
  5678
  6352
  6932
  7412
  7780
  8033
  8168
  8182
  8075
  7849
  7507
  7054
  6497
  5842
  5103
  4288
  3410
  2481
  1513
   526
  -469
 -1458
 -2424
 -3358
 -4240
 -5058
 -5802
 -6461
 -7023
 -7484
 -7833
 -8065
 -8179
 -8172
 -8044
 -7797
 -7435
 -6964
 -6389
 -5718
 -4965
 -4138
 -3250
 -2315
 -1342
  -352
   640
  1626
  2587
  3514
  4385
  5192
  5922
  6564
  7112
  7552
  7881
  8093
  8187
  8159
  8010
  7743
  7362
  6872
  6281
  5595
  4828
  3990
  3093
  2150
  1172
   181
  -814
 -1796
 -2752
 -3670
 -4531
 -5325
 -6041
 -6667
 -7196
 -7618
 -7927
 -8118
 -8190
 -8141
 -7972
 -7685
 -7284
 -6776
 -6165
 -5466
 -4686
 -3836
 -2930
 -1981
 -1000
    -6
   984
  1963
  2913
  3823
  4673
  5454
  6155
  6765
  7277
  7679
  7968
  8139
  8191
  8121
  7931
  7624
  7204
  6678
  6051
  5337
  4544
  3684
  2770
  1812
   829
  -165
 -1157
 -2132
 -3078
 -3976
 -4815
 -5583
 -6269
 -6862
 -7355
 -7738
 -8007
 -8157
 -8187
 -8096
 -7885
 -7558
 -7119
 -6576
 -5933
 -5204
 -4398
 -3528
 -2605
 -1641
  -656
   336
  1326
  2297
  3236
  4125
  4952
  5707
  6378
  6956
  7429
  7792
  8041
  8171
  8180
  8068
  7837
  7490
  7033
  6472
  5813
  5071
  4253
  3373
  2442
  1473
   485
  -510
 -1498
 -2463
 -3395
 -4274
 -5090
 -5831
 -6486
 -7046
 -7501
 -7844
 -8072
 -8181
 -8169
 -8036
 -7785
 -7418
 -6942
 -6362
 -5689
 -4932
 -4103
 -3213
 -2275
 -1301
  -311
   681
  1666
  2626
  3551
  4419
  5223
  5950
  6589
  7132
  7568
  7892
  8100
  8188
  8155
  8001
  7730
  7344
  6850
  6253
  5565
  4795
  3954
  3055
  2107
  1132
   140
  -854
 -1836
 -2794
 -3707
 -4565
 -5356
 -6068
 -6691
 -7216
 -7633
 -7937
 -8124
 -8191
 -8137
 -7962
 -7670
 -7265
 -6753
 -6139
 -5436
 -4652
 -3800
 -2892
 -1939
  -959
    31
  1025
  2003
  2954
  3859
  4706
  5485
  6182
  6790
  7295
  7693
  7977
  8144
  8190
  8115
  7920
  7609
  7184
  6654
  6024
  5306
  4510
  3648
  2732
  1772
   789
  -206
 -1197
 -2171
 -3116
 -4012
 -4848
 -5613
 -6295
 -6886
 -7373
 -7751
 -8015
 -8161
 -8186
 -8090
 -7874
 -7542
 -7099
 -6549
 -5904
 -5172
 -4364
 -3491
 -2564
 -1601
  -615
   377
  1366
  2336
  3274
  4160
  4985
  5736
  6403
  6977
  7446
  7805
  8049
  8174
  8178
  8061
  7825
  7474
  7012
  6445
  5784
  5038
  4218
  3335
  2400
  1433
   444
  -551
 -1538
 -2505
 -3433
 -4309
 -5122
 -5860
 -6510
 -7067
 -7517
 -7856
 -8079
 -8183
 -8166
 -8028
 -7772
 -7401
 -6920
 -6336
 -5660
 -4900
 -4068
 -3175
 -2233
 -1261
  -270
   722
  1706
  2668
  3587
  4454
  5255
  5978
  6615
  7152
  7583
  7903
  8106
  8189
  8151
  7992
  7716
  7326
  6827
  6226
  5535
  4762
  3918
  3017
  2068
  1092
    99
  -895
 -1876
 -2832
 -3743
 -4599
 -5387
 -6096
 -6716
 -7235
 -7647
 -7947
 -8129
 -8191
 -8132
 -7953
 -7656
 -7246
 -6728
 -6111
 -5405
 -4619
 -3764
 -2851
 -1899
  -918
    72
  1065
  2042
  2992
  3895
  4740
  5515
  6209
  6813
  7314
  7707
  7987
  8148
  8189
  8109
  7910
  7593
  7165
  6629
  5996
  5275
  4476
  3611
  2690
  1732
   748
  -247
 -1238
 -2214
 -3154
 -4047
 -4881
 -5643
 -6323
 -6908
 -7391
 -7764
 -8023
 -8164
 -8184
 -8083
 -7863
 -7526
 -7079
 -6525
 -5876
 -5141
 -4329
 -3454
 -2525
 -1561
  -574
   418
  1407
  2378
  3311
  4195
  5017
  5765
  6430
  6998
  7463
  7817
  8056
  8176
  8175
  8054
  7813
  7457
  6991
  6420
  5755
  5006
  4183
  3298
  2361
  1393
   404
  -592
 -1578
 -2544
 -3470
 -4344
 -5154
 -5888
 -6537
 -7087
 -7533
 -7868
 -8086
 -8185
 -8163
 -8020
 -7759
 -7383
 -6897
 -6310
 -5630
 -4867
 -4032
 -3135
 -2194
 -1221
  -229
   762
  1746
  2706
  3624
  4488
  5286
  6006
  6639
  7172
  7599
  7913
  8111
  8190
  8147
  7983
  7702
  7307
  6803
  6199
  5505
  4728
  3882
  2976
  2028
  1051
    58
  -936
 -1919
 -2870
 -3779
 -4633
 -5418
 -6125
 -6739
 -7254
 -7662
 -7957
 -8134
 -8191
 -8127
 -7943
 -7641
 -7227
 -6704
 -6084
 -5374
 -4585
 -3728
 -2813
 -1859
  -878
   113
  1106
  2085
  3030
  3931
  4773
  5545
  6237
  6835
  7332
  7721
  7996
  8153
  8189
  8104
  7899
  7578
  7143
  6605
  5968
  5244
  4442
  3575
  2651
  1692
   708
  -287
 -1278
 -2253
 -3191
 -4083
 -4914
 -5672
 -6349
 -6930
 -7408
 -7777
 -8032
 -8168
 -8182
 -8076
 -7851
 -7510
 -7056
 -6500
 -5847
 -5109
 -4294
 -3414
 -2486
 -1521
  -534
   458
  1447
  2417
  3348
  4230
  5050
  5794
  6456
  7019
  7480
  7829
  8063
  8179
  8173
  8046
  7801
  7440
  6968
  6394
  5726
  4974
  4148
  3258
  2322
  1352
   363
  -632
 -1621
 -2583
 -3507
 -4378
 -5186
 -5918
 -6562
 -7108
 -7549
 -7879
 -8092
 -8186
 -8159
 -8012
 -7746
 -7365
 -6875
 -6284
 -5600
 -4834
 -3996
 -3097
 -2154
 -1180
  -188
   803
  1789
  2745
  3661
  4522
  5317
  6036
  6663
  7191
  7614
  7924
  8117
  8190
  8142
  7974
  7688
  7287
  6780
  6173
  5474
  4695
  3846
  2938
  1989
  1011
    17
  -976
 -1958
 -2908
 -3816
 -4666
 -5448
 -6152
 -6762
 -7273
 -7676
 -7966
 -8139
 -8191
 -8122
 -7933
 -7626
 -7206
 -6681
 -6057
 -5343
 -4551
 -3689
 -2774
 -1819
  -837
   154
  1149
  2124
  3068
  3966
  4806
  5575
  6264
  6858
  7350
  7734
  8004
  8156
  8187
  8098
  7888
  7562
  7123
  6580
  5940
  5212
  4408
  3535
  2613
  1652
   667
  -328
 -1321
 -2292
 -3229
 -4118
 -4946
 -5704
 -6375
 -6951
 -7426
 -7790
 -8040
 -8171
 -8180
 -8069
 -7839
 -7494
 -7036
 -6475
 -5819
 -5077
 -4260
 -3377
 -2447
 -1481
  -493
   499
  1490
  2456
  3385
  4265
  5082
  5825
  6481
  7040
  7496
  7841
  8071
  8181
  8170
  8038
  7788
  7422
  6946
  6369
  5697
  4941
  4112
  3220
  2283
  1312
   322
  -673
 -1661
 -2622
 -3543
 -4413
 -5217
 -5947
 -6586
 -7128
 -7565
 -7890
 -8099
 -8188
 -8156
 -8003
 -7732
 -7346
 -6852
 -6258
 -5570
 -4801
 -3958
 -3059
 -2115
 -1140
  -148
   847
  1828
  2783
  3697
  4556
  5348
  6063
  6686
  7211
  7629
  7934
  8123
  8191
  8138
  7965
  7674
  7269
  6757
  6146
  5444
  4661
  3807
  2900
  1949
   970
   -24
 -1020
 -1998
 -2947
 -3852
 -4700
 -5481
 -6179
 -6785
 -7292
 -7690
 -7976
 -8143
 -8190
 -8116
 -7922
 -7611
 -7187
 -6657
 -6029
 -5312
 -4517
 -3652
 -2736
 -1779
  -797
   195
  1190
  2164
  3106
  4002
  4839
  5607
  6290
  6880
  7368
  7748
  8014
  8160
  8186
  8091
  7877
  7545
  7103
  6556
  5912
  5181
  4373
  3498
  2574
  1612
   626
  -369
 -1362
 -2331
 -3266
 -4153
 -4979
 -5733
 -6400
 -6973
 -7443
 -7803
 -8048
 -8173
 -8178
 -8062
 -7827
 -7476
 -7015
 -6450
 -5790
 -5045
 -4222
 -3340
 -2408
 -1441
  -452
   543
  1530
  2495
  3423
  4300
  5114
  5854
  6506
  7061
  7513
  7853
  8078
  8183
  8167
  8030
  7775
  7404
  6925
  6343
  5668
  4909
  4074
  3183
  2244
  1272
   281
  -717
 -1701
 -2660
 -3580
 -4447
 -5251
 -5975
 -6610
 -7148
 -7580
 -7902
 -8105
 -8189
 -8152
 -7994
 -7719
 -7328
 -6830
 -6231
 -5540
 -4768
 -3922
 -3021
 -2076
 -1099
  -107
   887
  1868
  2822
  3733
  4590
  5381
  6090
  6710
  7230
  7643
  7945
  8128
  8191
  8133
  7955
  7659
  7250
  6734
  6119
  5413
  4625
  3771
  2861
  1910
   929
   -64
 -1060
 -2038
 -2985
 -3888
 -4733
 -5511
 -6206
 -6808
 -7310
 -7704
 -7986
 -8148
 -8190
 -8111
 -7912
 -7595
 -7167
 -6633
 -6001
 -5281
 -4480
 -3615
 -2697
 -1740
  -756
   239
  1230
  2203
  3143
  4038
  4872
  5637
  6316
  6902
  7386
  7761
  8022
  8163
  8185
  8085
  7866
  7529
  7083
  6531
  5884
  5149
  4336
  3461
  2535
  1572
   585
  -413
 -1402
 -2370
 -3304
 -4188
 -5014
 -5762
 -6426
 -6994
 -7460
 -7816
 -8055
 -8176
 -8176
 -8055
 -7815
 -7459
 -6993
 -6425
 -5761
 -5012
 -4187
 -3302
 -2369
 -1400
  -411
   584
  1570
  2534
  3460
  4335
  5148
  5883
  6530
  7082
  7529
  7865
  8085
  8185
  8164
  8022
  7761
  7387
  6903
  6317
  5638
  4873
  4039
  3145
  2204
  1231
   240
  -758
 -1741
 -2699
 -3617
 -4481
 -5282
 -6003
 -6634
 -7168
 -7596
 -7912
 -8111
 -8190
 -8148
 -7985
 -7704
 -7310
 -6807
 -6205
 -5510
 -4732
 -3886
 -2983
 -2036
 -1059
   -63
   928
  1908
  2860
  3770
  4626
  5412
  6118
  6733
  7249
  7658
  7955
  8133
  8191
  8128
  7945
  7644
  7231
  6711
  6092
  5382
  4591
  3735
  2823
  1870
   889
  -108
 -1101
 -2077
 -3023
 -3924
 -4769
 -5542
 -6232
 -6831
 -7329
 -7719
 -7995
 -8152
 -8189
 -8105
 -7901
 -7580
 -7147
 -6609
 -5974
 -5250
 -4446
 -3579
 -2659
 -1700
  -715
   280
  1270
  2242
  3181
  4073
  4907
  5666
  6342
  6924
  7403
  7775
  8030
  8167
  8183
  8078
  7853
  7513
  7062
  6507
  5855
  5115
  4301
  3424
  2496
  1532
   545
  -454
 -1442
 -2409
 -3341
 -4223
 -5046
 -5791
 -6451
 -7015
 -7476
 -7828
 -8063
 -8178
 -8173
 -8048
 -7802
 -7442
 -6972
 -6399
 -5732
 -4977
 -4152
 -3265
 -2330
 -1360
  -367
   625
  1610
  2573
  3497
  4372
  5180
  5911
  6555
  7102
  7545
  7877
  8091
  8186
  8160
  8014
  7748
  7369
  6881
  6291
  5608
  4840
  4003
  3107
  2165
  1191
   196
  -798
 -1781
 -2737
 -3653
 -4518
 -5313
 -6030
 -6658
 -7187
 -7612
 -7923
 -8116
 -8190
 -8143
 -7975
 -7690
 -7291
 -6785
 -6178
 -5480
 -4699
 -3850
 -2945
 -1996
 -1018
   -22
   968
  1948
  2898
  3806
  4660
  5443
  6145
  6756
  7268
  7674
  7964
  8138
  8191
  8123
  7934
  7629
  7211
  6687
  6064
  5349
  4557
  3698
  2785
  1830
   848
  -149
 -1141
 -2117
 -3061
 -3959
 -4802
 -5572
 -6259
 -6853
 -7347
 -7733
 -8003
 -8156
 -8188
 -8099
 -7889
 -7564
 -7127
 -6585
 -5946
 -5216
 -4412
 -3542
 -2620
 -1660
  -672
   320
  1311
  2281
  3219
  4111
  4940
  5696
  6368
  6946
  7421
  7788
  8038
  8170
  8181
  8071
  7842
  7497
  7041
  6482
  5827
  5083
  4266
  3387
  2457
  1492
   501
  -494
 -1482
 -2448
 -3378
 -4261
 -5078
 -5820
 -6476
 -7036
 -7494
 -7840
 -8070
 -8180
 -8170
 -8039
 -7790
 -7425
 -6951
 -6374
 -5703
 -4945
 -4117
 -3227
 -2291
 -1320
  -327
   665
  1650
  2611
  3534
  4406
  5211
  5939
  6579
  7122
  7562
  7888
  8097
  8187
  8157
  8005
  7735
  7351
  6858
  6265
  5576
  4807
  3968
  3069
  2126
  1148
   155
  -839
 -1821
 -2776
 -3690
 -4552
 -5344
 -6058
 -6682
 -7207
 -7627
 -7933
 -8122
 -8191
 -8139
 -7966
 -7676
 -7272
 -6762
 -6151
 -5447
 -4665
 -3814
 -2907
 -1957
  -975
    16
  1009
  1987
  2936
  3845
  4694
  5473
  6172
  6779
  7287
  7688
  7974
  8142
  8190
  8118
  7924
  7614
  7192
  6663
  6037
  5318
  4523
  3662
  2746
  1790
   804
  -190
 -1182
 -2156
 -3098
 -3998
 -4835
 -5601
 -6285
 -6876
 -7366
 -7746
 -8012
 -8159
 -8186
 -8092
 -7878
 -7548
 -7107
 -6561
 -5917
 -5184
 -4377
 -3505
 -2581
 -1620
  -631
   361
  1351
  2321
  3256
  4146
  4972
  5725
  6393
  6967
  7439
  7800
  8046
  8173
  8179
  8064
  7830
  7480
  7020
  6457
  5796
  5051
  4231
  3350
  2418
  1448
   460
  -535
 -1523
 -2487
 -3415
 -4296
 -5110
 -5849
 -6501
 -7057
 -7511
 -7852
 -8077
 -8182
 -8167
 -8031
 -7777
 -7408
 -6929
 -6348
 -5671
 -4912
 -4081
 -3190
 -2251
 -1276
  -286
   706
  1690
  2650
  3573
  4441
  5243
  5967
  6604
  7144
  7577
  7899
  8103
  8188
  8153
  7996
  7721
  7333
  6836
  6238
  5546
  4774
  3932
  3031
  2086
  1107
   115
  -879
 -1861
 -2814
 -3729
 -4586
 -5375
 -6085
 -6705
 -7228
 -7642
 -7943
 -8127
 -8191
 -8134
 -7956
 -7661
 -7253
 -6738
 -6124
 -5417
 -4632
 -3778
 -2869
 -1917
  -934
    57
  1049
  2027
  2974
  3881
  4727
  5503
  6198
  6802
  7307
  7702
  7983
  8147
  8190
  8112
  7914
  7599
  7172
  6640
  6007
  5287
  4489
  3625
  2708
  1747
   764
  -231
 -1222
 -2195
 -3136
 -4033
 -4868
 -5631
 -6311
 -6898
 -7384
 -7759
 -8020
 -8163
 -8185
 -8086
 -7867
 -7532
 -7087
 -6536
 -5887
 -5153
 -4343
 -3468
 -2543
 -1577
  -590
   402
  1391
  2360
  3297
  4182
  5005
  5754
  6419
  6990
  7456
  7813
  8053
  8175
  8176
  8056
  7818
  7463
  6999
  6431
  5767
  5019
  4196
  3312
  2379
  1408
   419
  -576
 -1563
 -2526
 -3455
 -4331
 -5142
 -5877
 -6526
 -7079
 -7527
 -7863
 -8083
 -8184
 -8164
 -8023
 -7764
 -7390
 -6907
 -6320
 -5641
 -4880
 -4046
 -3152
 -2212
 -1236
  -245
   747
  1730
  2689
  3610
  4475
  5274
  5995
  6628
  7164
  7593
  7909
  8109
  8189
  8148
  7987
  7708
  7315
  6813
  6210
  5516
  4741
  3896
  2993
  2044
  1067
    74
  -920
 -1900
 -2853
 -3766
 -4620
 -5406
 -6112
 -6729
 -7247
 -7656
 -7953
 -8132
 -8191
 -8129
 -7946
 -7647
 -7234
 -6715
 -6095
 -5386
 -4598
 -3742
 -2830
 -1874
  -894
    97
  1090
  2066
  3015
  3917
  4760
  5534
  6225
  6827
  7325
  7716
  7992
  8151
  8189
  8106
  7903
  7584
  7153
  6616
  5979
  5256
  4455
  3589
  2669
  1707
   723
  -272
 -1263
 -2235
 -3177
 -4069
 -4901
 -5661
 -6337
 -6921
 -7401
 -7772
 -8028
 -8166
 -8183
 -8079
 -7856
 -7516
 -7066
 -6509
 -5858
 -5121
 -4308
 -3431
 -2504
 -1536
  -549
   443
  1431
  2399
  3334
  4217
  5037
  5783
  6444
  7011
  7473
  7825
  8061
  8178
  8174
  8049
  7805
  7447
  6978
  6404
  5738
  4986
  4161
  3275
  2337
  1368
   378
  -617
 -1603
 -2565
 -3492
 -4365
 -5173
 -5905
 -6550
 -7100
 -7543
 -7874
 -8090
 -8186
 -8161
 -8015
 -7751
 -7372
 -6885
 -6294
 -5612
 -4847
 -4010
 -3114
 -2170
 -1196
  -204
   787
  1770
  2730
  3646
  4509
  5305
  6023
  6653
  7184
  7608
  7920
  8115
  8190
  8144
  7978
  7694
  7296
  6791
  6183
  5486
  4708
  3860
  2955
  2004
  1026
    33
  -961
 -1940
 -2894
 -3802
 -4654
 -5437
 -6140
 -6754
 -7266
 -7671
 -7963
 -8137
 -8191
 -8124
 -7936
 -7632
 -7215
 -6690
 -6067
 -5355
 -4564
 -3705
 -2792
 -1835
  -853
   138
  1130
  2106
  3053
  3953
  4793
  5564
  6252
  6849
  7343
  7729
  8001
  8155
  8188
  8100
  7892
  7568
  7133
  6590
  5951
  5224
  4421
  3552
  2628
  1667
   682
  -312
 -1303
 -2277
 -3214
 -4104
 -4934
 -5690
 -6363
 -6943
 -7419
 -7785
 -8036
 -8169
 -8181
 -8072
 -7844
 -7500
 -7045
 -6485
 -5830
 -5089
 -4273
 -3394
 -2462
 -1496
  -509
   483
  1472
  2441
  3371
  4252
  5069
  5812
  6471
  7032
  7490
  7837
  8068
  8180
  8171
  8041
  7793
  7429
  6956
  6379
  5708
  4954
  4126
  3237
  2298
  1328
   338
  -657
 -1643
 -2607
 -3529
 -4400
 -5205
 -5934
 -6577
 -7120
 -7559
 -7886
 -8096
 -8187
 -8157
 -8006
 -7737
 -7354
 -6861
 -6268
 -5582
 -4814
 -3975
 -3077
 -2130
 -1155
  -163
   828
  1810
  2768
  3683
  4543
  5336
  6050
  6677
  7203
  7623
  7930
  8120
  8191
  8140
  7968
  7680
  7277
  6766
  6156
  5455
  4674
  3824
  2914
  1964
   986
    -8
 -1001
 -1983
 -2932
 -3838
 -4687
 -5467
 -6167
 -6777
 -7285
 -7685
 -7972
 -8141
 -8190
 -8118
 -7926
 -7617
 -7196
 -6666
 -6040
 -5324
 -4530
 -3669
 -2751
 -1795
  -812
   179
  1171
  2148
  3091
  3988
  4826
  5593
  6280
  6871
  7361
  7743
  8010
  8159
  8187
  8094
  7881
  7553
  7112
  6565
  5923
  5193
  4386
  3515
  2589
  1627
   642
  -353
 -1343
 -2316
 -3252
 -4140
 -4966
 -5720
 -6390
 -6965
 -7436
 -7798
 -8044
 -8172
 -8179
 -8065
 -7832
 -7483
 -7023
 -6460
 -5801
 -5057
 -4238
 -3357
 -2423
 -1456
  -468
   524
  1512
  2480
  3408
  4286
  5101
  5841
  6496
  7053
  7506
  7848
  8075
  8182
  8168
  8033
  7780
  7412
  6933
  6353
  5679
  4921
  4091
  3197
  2259
  1287
   297
  -698
 -1686
 -2645
 -3566
 -4434
 -5237
 -5962
 -6601
 -7140
 -7574
 -7897
 -8102
 -8188
 -8153
 -7998
 -7724
 -7336
 -6839
 -6241
 -5552
 -4781
 -3939
 -3036
 -2091
 -1115
  -123
   869
  1853
  2807
  3719
  4577
  5367
  6080
  6701
  7223
  7638
  7940
  8126
  8191
  8135
  7959
  7665
  7259
  6743
  6129
  5425
  4641
  3788
  2876
  1925
   945
   -49
 -1042
 -2022
 -2970
 -3874
 -4721
 -5498
 -6195
 -6799
 -7303
 -7699
 -7981
 -8146
 -8190
 -8113
 -7916
 -7602
 -7175
 -6642
 -6012
 -5293
 -4496
 -3630
 -2712
 -1755
  -772
   220
  1211
  2188
  3129
  4024
  4859
  5623
  6306
  6893
  7379
  7756
  8018
  8162
  8185
  8087
  7870
  7537
  7090
  6541
  5895
  5161
  4352
  3475
  2550
  1587
   601
  -394
 -1387
 -2355
 -3289
 -4175
 -4999
 -5749
 -6416
 -6986
 -7453
 -7810
 -8052
 -8175
 -8177
 -8058
 -7820
 -7467
 -7002
 -6434
 -5772
 -5025
 -4203
 -3317
 -2384
 -1416
  -427
   565
  1555
  2519
  3445
  4321
  5133
  5872
  6521
  7074
  7522
  7860
  8082
  8184
  8165
  8025
  7767
  7395
  6911
  6327
  5649
  4888
  4055
  3159
  2220
  1247
   256
  -739
 -1726
 -2684
 -3603
 -4468
 -5268
 -5992
 -6625
 -7160
 -7590
 -7907
 -8109
 -8189
 -8149
 -7989
 -7710
 -7317
 -6816
 -6215
 -5522
 -4747
 -3900
 -2998
 -2051
 -1074
   -82
   909
  1893
  2845
  3756
  4611
  5398
  6107
  6724
  7242
  7652
  7950
  8131
  8191
  8130
  7949
  7651
  7238
  6720
  6102
  5394
  4607
  3749
  2838
  1885
   904
   -90
 -1085
 -2062
 -3008
 -3910
 -4754
 -5530
 -6222
 -6822
 -7322
 -7713
 -7990
 -8150
 -8189
 -8107
 -7905
 -7587
 -7155
 -6618
 -5984
 -5262
 -4462
 -3593
 -2674
 -1715
  -731
   261
  1255
  2227
  3167
  4059
  4892
  5655
  6332
  6915
  7397
  7769
  8027
  8166
  8184
  8081
  7859
  7521
  7070
  6516
  5866
  5130
  4317
  3438
  2511
  1547
   560
  -435
 -1427
 -2394
 -3327
 -4210
 -5031
 -5780
 -6441
 -7007
 -7470
 -7822
 -8060
 -8177
 -8174
 -8050
 -7808
 -7449
 -6980
 -6409
 -5743
 -4992
 -4165
 -3279
 -2345
 -1376
  -386
   606
  1595
  2558
  3482
  4356
  5165
  5900
  6546
  7094
  7539
  7871
  8089
  8185
  8162
  8017
  7754
  7376
  6889
  6301
  5620
  4856
  4017
  3122
  2180
  1207
   215
  -783
 -1766
 -2723
 -3639
 -4502
 -5301
 -6020
 -6649
 -7180
 -7605
 -7918
 -8114
 -8190
 -8145
 -7980
 -7696
 -7298
 -6793
 -6188
 -5492
 -4714
 -3864
 -2960
 -2012
 -1034
   -41
   953
  1932
  2883
  3792
  4645
  5431
  6134
  6747
  7261
  7667
  7961
  8136
  8191
  8125
  7939
  7635
  7219
  6696
  6075
  5363
  4573
  3712
  2800
  1845
   864
  -130
 -1126
 -2101
 -3046
 -3946
 -4787
 -5560
 -6249
 -6845
 -7340
 -7727
 -8000
 -8154
 -8188
 -8101
 -7894
 -7570
 -7135
 -6594
 -5956
 -5231
 -4425
 -3556
 -2635
 -1675
  -690
   302
  1295
  2266
  3204
  4095
  4925
  5685
  6358
  6937
  7414
  7782
  8035
  8169
  8182
  8074
  7847
  7503
  7049
  6491
  5838
  5098
  4280
  3401
  2472
  1507
   520
  -479
 -1467
 -2433
 -3364
 -4245
 -5066
 -5809
 -6466
 -7028
 -7487
 -7834
 -8067
 -8180
 -8172
 -8043
 -7795
 -7431
 -6959
 -6384
 -5714
 -4960
 -4130
 -3242
 -2306
 -1335
  -345
   650
  1635
  2596
  3519
  4390
  5199
  5928
  6570
  7115
  7554
  7883
  8095
  8187
  8158
  8009
  7740
  7358
  6867
  6275
  5590
  4823
  3981
  3084
  2141
  1166
   174
  -823
 -1805
 -2761
 -3676
 -4537
 -5333
 -6047
 -6673
 -7199
 -7620
 -7929
 -8120
 -8191
 -8140
 -7970
 -7681
 -7280
 -6770
 -6161
 -5461
 -4678
 -3828
 -2922
 -1972
  -993
     0
   993
  1972
  2922
  3828
  4678
  5461
  6161
  6770
  7280
  7681
  7970
  8140
  8191
  8120
  7929
  7620
  7199
  6673
  6047
  5333
  4537
  3676
  2761
  1805
   823
  -174
 -1166
 -2141
 -3084
 -3981
 -4823
 -5590
 -6275
 -6867
 -7358
 -7740
 -8009
 -8158
 -8187
 -8095
 -7883
 -7554
 -7115
 -6570
 -5928
 -5199
 -4390
 -3519
 -2596
 -1635
  -650
   345
  1335
  2306
  3242
  4130
  4960
  5714
  6384
  6959
  7431
  7795
  8043
  8172
  8180
  8067
  7834
  7487
  7028
  6466
  5809
  5066
  4245
  3364
  2433
  1467
   479
  -520
 -1507
 -2472
 -3401
 -4280
 -5098
 -5838
 -6491
 -7049
 -7503
 -7847
 -8074
 -8182
 -8169
 -8035
 -7782
 -7414
 -6937
 -6358
 -5685
 -4925
 -4095
 -3204
 -2266
 -1295
  -302
   690
  1675
  2635
  3556
  4425
  5231
  5956
  6594
  7135
  7570
  7894
  8101
  8188
  8154
  8000
  7727
  7340
  6845
  6249
  5560
  4787
  3946
  3046
  2101
  1126
   130
  -864
 -1845
 -2800
 -3712
 -4573
 -5363
 -6075
 -6696
 -7219
 -7636
 -7939
 -8125
 -8191
 -8136
 -7961
 -7667
 -7261
 -6747
 -6134
 -5431
 -4645
 -3792
 -2883
 -1932
  -953
    41
  1034
  2012
  2960
  3864
  4714
  5492
  6188
  6793
  7298
  7696
  7980
  8145
  8190
  8114
  7918
  7605
  7180
  6649
  6020
  5301
  4502
  3639
  2723
  1766
   783
  -215
 -1207
 -2180
 -3122
 -4017
 -4856
 -5620
 -6301
 -6889
 -7376
 -7754
 -8017
 -8162
 -8185
 -8089
 -7871
 -7539
 -7094
 -6546
 -5900
 -5165
 -4356
 -3482
 -2558
 -1595
  -606
   386
  1376
  2345
  3279
  4165
  4992
  5743
  6409
  6980
  7449
  7808
  8050
  8174
  8177
  8060
  7822
  7470
  7007
  6441
  5780
  5031
  4210
  3327
  2394
  1427
   435
  -560
 -1547
 -2511
 -3438
 -4317
 -5130
 -5866
 -6516
 -7070
 -7521
 -7859
 -8081
 -8184
 -8166
 -8027
 -7769
 -7397
 -6915
 -6332
 -5655
 -4892
 -4059
 -3167
 -2227
 -1255
  -261
   731
  1715
  2674
  3593
  4462
  5262
  5984
  6618
  7155
  7587
  7905
  8107
  8189
  8150
  7990
  7713
  7322
  6822
  6222
  5528
  4754
  3910
  3008
  2062
  1085
    90
  -904
 -1885
 -2838
 -3749
 -4607
 -5394
 -6102
 -6720
 -7238
 -7651
 -7949
 -8130
 -8191
 -8131
 -7950
 -7652
 -7242
 -6724
 -6107
 -5398
 -4611
 -3756
 -2845
 -1893
  -909
    82
  1074
  2051
  2998
  3900
  4747
  5522
  6215
  6816
  7317
  7710
  7989
  8149
  8189
  8109
  7907
  7590
  7160
  6625
  5992
  5268
  4468
  3603
  2684
  1726
   739
  -256
 -1247
 -2220
 -3159
 -4055
 -4888
 -5649
 -6327
 -6911
 -7395
 -7767
 -8025
 -8165
 -8184
 -8082
 -7860
 -7522
 -7074
 -6521
 -5872
 -5133
 -4321
 -3445
 -2519
 -1555
  -565
   427
  1416
  2384
  3317
  4203
  5025
  5772
  6434
  7002
  7467
  7820
  8058
  8177
  8175
  8052
  7810
  7453
  6986
  6416
  5749
  4999
  4175
  3289
  2355
  1387
   394
  -601
 -1587
 -2550
 -3475
 -4352
 -5161
 -5895
 -6541
 -7090
 -7537
 -7870
 -8087
 -8185
 -8162
 -8018
 -7756
 -7379
 -6893
 -6306
 -5623
 -4859
 -4024
 -3129
 -2188
 -1211
  -220
   772
  1755
  2712
  3632
  4496
  5293
  6012
  6642
  7175
  7602
  7916
  8113
  8190
  8146
  7981
  7699
  7303
  6799
  6195
  5498
  4721
  3874
  2970
  2022
  1042
    49
  -945
 -1925
 -2876
 -3788
 -4641
 -5425
 -6129
 -6743
 -7259
 -7665
 -7959
 -8135
 -8191
 -8126
 -7940
 -7638
 -7223
 -6701
 -6080
 -5367
 -4577
 -3719
 -2807
 -1853
  -869
   123
  1115
  2091
  3036
  3939
  4781
  5552
  6241
  6839
  7336
  7724
  7998
  8153
  8188
  8102
  7897
  7574
  7140
  6601
  5962
  5237
  4434
  3566
  2645
  1686
   698
  -297
 -1287
 -2259
 -3197
 -4091
 -4921
 -5679
 -6353
 -6933
 -7412
 -7780
 -8033
 -8168
 -8182
 -8075
 -7848
 -7506
 -7053
 -6496
 -5841
 -5101
 -4286
 -3408
 -2480
 -1512
  -524
   468
  1456
  2423
  3357
  4238
  5057
  5801
  6460
  7023
  7483
  7832
  8065
  8179
  8172
  8044
  7798
  7436
  6965
  6390
  5720
  4966
  4140
  3252
  2316
  1343
   353
  -642
 -1627
 -2589
 -3515
 -4386
 -5193
 -5923
 -6565
 -7112
 -7553
 -7881
 -8094
 -8187
 -8158
 -8010
 -7743
 -7361
 -6871
 -6280
 -5593
 -4826
 -3988
 -3091
 -2148
 -1171
  -179
   812
  1795
  2751
  3669
  4530
  5324
  6040
  6666
  7196
  7617
  7926
  8118
  8190
  8141
  7972
  7685
  7285
  6777
  6167
  5467
  4687
  3838
  2932
  1983
  1001
     8
  -986
 -1964
 -2914
 -3824
 -4674
 -5455
 -6156
 -6766
 -7277
 -7680
 -7968
 -8140
 -8191
 -8120
 -7930
 -7623
 -7203
 -6677
 -6050
 -5336
 -4543
 -3683
 -2768
 -1810
  -828
   163
  1155
  2130
  3077
  3975
  4814
  5582
  6268
  6861
  7354
  7737
  8006
  8157
  8187
  8096
  7886
  7559
  7120
  6577
  5934
  5205
  4400
  3529
  2607
  1643
   657
  -338
 -1328
 -2298
 -3237
 -4126
 -4954
 -5708
 -6379
 -6956
 -7429
 -7793
 -8041
 -8171
 -8180
 -8068
 -7837
 -7490
 -7032
 -6471
 -5812
 -5069
 -4252
 -3371
 -2441
 -1472
  -483
   509
  1496
  2462
  3394
  4273
  5089
  5830
  6485
  7045
  7500
  7844
  8072
  8181
  8169
  8036
  7785
  7419
  6943
  6363
  5690
  4934
  4104
  3214
  2274
  1303
   312
  -682
 -1667
 -2628
 -3552
 -4421
 -5224
 -5951
 -6590
 -7133
 -7568
 -7892
 -8100
 -8188
 -8155
 -8001
 -7729
 -7343
 -6849
 -6252
 -5564
 -4793
 -3953
 -3053
 -2106
 -1130
  -138
   853
  1835
  2792
  3705
  4564
  5355
  6067
  6690
  7215
  7632
  7936
  8124
  8191
  8137
  7963
  7671
  7266
  6754
  6140
  5437
  4654
  3802
  2894
  1940
   961
   -33
 -1026
 -2004
 -2955
 -3860
 -4708
 -5486
 -6183
 -6791
 -7296
 -7694
 -7978
 -8144
 -8190
 -8115
 -7920
 -7608
 -7184
 -6653
 -6023
 -5305
 -4509
 -3646
 -2730
 -1770
  -787
   204
  1196
  2170
  3114
  4010
  4847
  5612
  6294
  6885
  7372
  7751
  8015
  8161
  8186
  8090
  7874
  7543
  7100
  6550
  5905
  5173
  4365
  3492
  2565
  1603
   617
  -378
 -1368
 -2337
 -3275
 -4161
 -4986
 -5738
 -6404
 -6978
 -7447
 -7805
 -8049
 -8174
 -8178
 -8061
 -7825
 -7473
 -7011
 -6444
 -5783
 -5037
 -4217
 -3334
 -2399
 -1431
  -443
   549
  1536
  2504
  3431
  4308
  5121
  5858
  6511
  7066
  7516
  7856
  8079
  8183
  8166
  8028
  7772
  7401
  6921
  6337
  5661
  4901
  4069
  3177
  2235
  1263
   272
  -723
 -1707
 -2669
 -3589
 -4455
 -5256
 -5979
 -6616
 -7153
 -7584
 -7903
 -8106
 -8189
 -8151
 -7992
 -7716
 -7325
 -6827
 -6225
 -5534
 -4760
 -3917
 -3015
 -2066
 -1090
   -97
   894
  1874
  2830
  3742
  4598
  5386
  6095
  6715
  7234
  7647
  7946
  8129
  8191
  8132
  7953
  7656
  7247
  6729
  6112
  5406
  4620
  3766
  2853
  1900
   920
   -74
 -1067
 -2044
 -2993
 -3896
 -4741
 -5516
 -6210
 -6813
 -7315
 -7708
 -7987
 -8148
 -8189
 -8109
 -7909
 -7593
 -7164
 -6628
 -5995
 -5274
 -4475
 -3610
 -2689
 -1730
  -747
   245
  1236
  2212
  3152
  4046
  4880
  5641
  6322
  6907
  7390
  7764
  8023
  8164
  8184
  8083
  7863
  7527
  7079
  6526
  5877
  5142
  4331
  3455
  2526
  1563
   576
  -419
 -1408
 -2379
 -3312
 -4196
 -5019
 -5767
 -6431
 -6999
 -7463
 -7818
 -8056
 -8176
 -8175
 -8053
 -7813
 -7456
 -6990
 -6419
 -5754
 -5005
 -4182
 -3297
 -2360
 -1391
  -402
   590
  1577
  2543
  3468
  4343
  5153
  5887
  6536
  7087
  7532
  7867
  8086
  8185
  8163
  8020
  7759
  7384
  6898
  6311
  5631
  4868
  4033
  3136
  2195
  1222
   231
  -764
 -1747
 -2708
 -3625
 -4489
 -5287
 -6007
 -6640
 -7172
 -7599
 -7914
 -8112
 -8190
 -8147
 -7983
 -7702
 -7307
 -6802
 -6198
 -5503
 -4727
 -3881
 -2974
 -2027
 -1049
   -57
   934
  1917
  2869
  3778
  4632
  5417
  6124
  6738
  7253
  7661
  7956
  8134
  8191
  8127
  7943
  7642
  7228
  6705
  6085
  5375
  4586
  3729
  2814
  1861
   879
  -115
 -1107
 -2086
 -3031
 -3932
 -4774
 -5546
 -6238
 -6836
 -7333
 -7721
 -7996
 -8153
 -8188
 -8103
 -7899
 -7577
 -7143
 -6604
 -5967
 -5243
 -4441
 -3573
 -2650
 -1690
  -706
   286
  1276
  2251
  3190
  4081
  4912
  5671
  6348
  6929
  7408
  7777
  8031
  8167
  8182
  8077
  7852
  7511
  7057
  6501
  5849
  5110
  4296
  3415
  2487
  1523
   535
  -460
 -1448
 -2418
 -3350
 -4231
 -5051
 -5796
 -6457
 -7020
 -7480
 -7830
 -8064
 -8179
 -8173
 -8046
 -7800
 -7439
 -6967
 -6393
 -5725
 -4972
 -4146
 -3256
 -2321
 -1351
  -361
   631
  1620
  2581
  3505
  4377
  5184
  5917
  6561
  7107
  7548
  7878
  8092
  8186
  8159
  8012
  7746
  7366
  6876
  6285
  5601
  4835
  3998
  3098
  2156
  1182
   190
  -804
 -1790
 -2746
 -3662
 -4523
 -5318
 -6037
 -6663
 -7192
 -7614
 -7924
 -8118
 -8190
 -8142
 -7974
 -7688
 -7287
 -6779
 -6172
 -5473
 -4694
 -3845
 -2936
 -1987
 -1009
   -16
   975
  1957
  2907
  3814
  4665
  5447
  6151
  6762
  7272
  7676
  7966
  8139
  8191
  8122
  7933
  7627
  7207
  6682
  6058
  5344
  4552
  3690
  2776
  1821
   839
  -155
 -1151
 -2126
 -3069
 -3968
 -4807
 -5576
 -6265
 -6858
 -7351
 -7735
 -8005
 -8157
 -8187
 -8097
 -7888
 -7562
 -7122
 -6579
 -5939
 -5211
 -4406
 -3534
 -2611
 -1650
  -665
   327
  1320
  2291
  3227
  4117
  4945
  5703
  6374
  6951
  7425
  7790
  8039
  8170
  8180
  8070
  7840
  7494
  7036
  6476
  5820
  5078
  4261
  3378
  2448
  1482
   494
  -501
 -1492
 -2457
 -3387
 -4266
 -5083
 -5827
 -6482
 -7041
 -7497
 -7842
 -8071
 -8181
 -8170
 -8038
 -7788
 -7421
 -6946
 -6368
 -5696
 -4940
 -4111
 -3219
 -2281
 -1311
  -320
   672
  1660
  2620
  3542
  4412
  5216
  5946
  6585
  7127
  7564
  7889
  8099
  8188
  8156
  8003
  7733
  7347
  6853
  6259
  5572
  4802
  3959
  3061
  2117
  1141
   149
  -848
 -1830
 -2785
 -3698
 -4557
 -5349
 -6064
 -6687
 -7211
 -7629
 -7934
 -8123
 -8191
 -8138
 -7964
 -7674
 -7268
 -6756
 -6145
 -5443
 -4660
 -3806
 -2898
 -1948
  -968
    22
  1018
  1996
  2945
  3850
  4699
  5480
  6178
  6785
  7291
  7690
  7976
  8143
  8190
  8116
  7923
  7612
  7187
  6658
  6030
  5313
  4518
  3653
  2737
  1781
   798
  -196
 -1191
 -2165
 -3107
 -4003
 -4840
 -5608
 -6291
 -6881
 -7369
 -7748
 -8014
 -8160
 -8186
 -8091
 -7877
 -7545
 -7102
 -6555
 -5911
 -5180
 -4372
 -3497
 -2573
 -1610
  -625
   367
  1360
  2330
  3265
  4152
  4977
  5732
  6399
  6972
  7442
  7802
  8048
  8173
  8178
  8063
  7828
  7476
  7015
  6451
  5791
  5046
  4223
  3341
  2409
  1442
   454
  -545
 -1532
 -2496
 -3424
 -4301
 -5115
 -5855
 -6507
 -7062
 -7513
 -7853
 -8078
 -8183
 -8167
 -8030
 -7775
 -7403
 -6924
 -6342
 -5666
 -4907
 -4073
 -3181
 -2242
 -1270
  -280
   715
  1700
  2659
  3579
  4446
  5250
  5974
  6609
  7147
  7580
  7901
  8105
  8189
  8152
  7995
  7719
  7329
  6831
  6232
  5542
  4769
  3924
  3023
  2077
  1101
   108
  -889
 -1870
 -2823
 -3735
 -4591
 -5382
 -6092
 -6711
 -7231
 -7644
 -7945
 -8128
 -8191
 -8133
 -7955
 -7658
 -7249
 -6733
 -6118
 -5412
 -4624
 -3770
 -2860
 -1908
  -928
    63
  1059
  2036
  2983
  3886
  4732
  5510
  6205
  6807
  7310
  7704
  7985
  8148
  8190
  8111
  7912
  7596
  7168
  6634
  6003
  5282
  4481
  3617
  2699
  1741
   758
  -240
 -1231
 -2204
 -3145
 -4039
 -4873
 -5638
 -6317
 -6903
 -7387
 -7761
 -8022
 -8164
 -8185
 -8085
 -7865
 -7529
 -7082
 -6530
 -5883
 -5148
 -4335
 -3460
 -2534
 -1570
  -584
   411
  1400
  2369
  3302
  4187
  5012
  5761
  6425
  6993
  7459
  7815
  8055
  8176
  8176
  8055
  7816
  7460
  6994
  6426
  5762
  5014
  4188
  3304
  2370
  1402
   413
  -585
 -1572
 -2535
 -3461
 -4336
 -5149
 -5884
 -6531
 -7083
 -7529
 -7866
 -8085
 -8185
 -8163
 -8022
 -7761
 -7386
 -6902
 -6316
 -5637
 -4872
 -4038
 -3143
 -2203
 -1230
  -239
   756
  1740
  2697
  3615
  4480
  5281
  6001
  6633
  7167
  7595
  7912
  8111
  8190
  8148
  7986
  7704
  7310
  6808
  6206
  5511
  4733
  3888
  2985
  2038
  1060
    64
  -929
 -1910
 -2861
 -3771
 -4628
 -5413
 -6119
 -6734
 -7250
 -7659
 -7955
 -8133
 -8191
 -8128
 -7945
 -7643
 -7230
 -6710
 -6090
 -5381
 -4590
 -3733
 -2822
 -1868
  -887
   107
  1099
  2076
  3021
  3922
  4768
  5540
  6231
  6830
  7328
  7719
  7994
  8152
  8189
  8105
  7902
  7580
  7148
  6610
  5975
  5251
  4447
  3580
  2660
  1701
   717
  -281
 -1272
 -2244
 -3183
 -4074
 -4909
 -5668
 -6343
 -6925
 -7404
 -7775
 -8030
 -8167
 -8183
 -8078
 -7853
 -7513
 -7061
 -6506
 -5854
 -5114
 -4300
 -3423
 -2495
 -1530
  -543
   452
  1441
  2408
  3340
  4222
  5045
  5790
  6450
  7015
  7476
  7827
  8062
  8178
  8173
  8048
  7803
  7443
  6973
  6400
  5733
  4979
  4153
  3266
  2331
  1362
   369
  -626
 -1612
 -2574
 -3498
 -4373
 -5181
 -5912
 -6556
 -7103
 -7545
 -7877
 -8091
 -8186
 -8160
 -8014
 -7748
 -7368
 -6880
 -6290
 -5607
 -4839
 -4002
 -3106
 -2164
 -1190
  -195
   797
  1779
  2736
  3652
  4517
  5312
  6029
  6657
  7187
  7611
  7922
  8116
  8190
  8143
  7976
  7690
  7292
  6785
  6179
  5481
  4700
  3852
  2947
  1998
  1020
    24
  -970
 -1949
 -2900
 -3807
 -4661
 -5444
 -6146
 -6757
 -7269
 -7674
 -7965
 -8138
 -8191
 -8123
 -7934
 -7629
 -7211
 -6686
 -6063
 -5348
 -4556
 -3697
 -2783
 -1828
  -847
   148
  1140
  2115
  3059
  3958
  4801
  5570
  6258
  6852
  7346
  7732
  8003
  8156
  8188
  8099
  7890
  7565
  7128
  6586
  5947
  5217
  4413
  3543
  2622
  1661
   673
  -322
 -1312
 -2283
 -3220
 -4112
 -4941
 -5697
 -6369
 -6946
 -7422
 -7788
 -8038
 -8170
 -8181
 -8071
 -7841
 -7496
 -7040
 -6481
 -5825
 -5082
 -4265
 -3385
 -2456
 -1490
  -499
   493
  1481
  2447
  3377
  4260
  5077
  5819
  6475
  7036
  7494
  7839
  8069
  8180
  8171
  8040
  7790
  7426
  6951
  6375
  5704
  4946
  4118
  3229
  2292
  1321
   328
  -667
 -1652
 -2613
 -3535
 -4408
 -5212
 -5940
 -6580
 -7123
 -7562
 -7888
 -8098
 -8187
 -8156
 -8004
 -7734
 -7350
 -6858
 -6264
 -5575
 -4806
 -3966
 -3068
 -2124
 -1146
  -154
   837
  1819
  2774
  3689
  4551
  5343
  6057
  6681
  7206
  7626
  7933
  8122
  8191
  8139
  7966
  7676
  7273
  6762
  6152
  5448
  4666
  3816
  2908
  1958
   976
   -17
 -1011
 -1989
 -2938
 -3846
 -4695
 -5474
 -6173
 -6780
 -7287
 -7688
 -7974
 -8142
 -8190
 -8117
 -7924
 -7614
 -7191
 -6663
 -6036
 -5317
 -4522
 -3661
 -2745
 -1789
  -803
   188
  1180
  2154
  3097
  3996
  4834
  5600
  6284
  6875
  7365
  7746
  8012
  8159
  8186
  8092
  7879
  7549
  7108
  6562
  5918
  5186
  4378
  3507
  2583
  1621
   632
  -363
 -1352
 -2322
 -3258
 -4148
 -4974
 -5726
 -6394
 -6968
 -7440
 -7801
 -8046
 -8173
 -8179
 -8063
 -7829
 -7480
 -7019
 -6456
 -5794
 -5050
 -4230
 -3348
