 -7959
 -7959
     0
     0
  5754
  8190
  5901
   206
 -5608
 -8185
 -6040
  -411
  5454
  8175
  6179
   617
 -5301
 -8159
 -6310
  -822
  5141
  8139
  6441
  1026
 -4979
 -8113
 -6564
 -1230
  4814
  8082
  6687
  1433
 -4646
 -8046
 -6802
 -1635
  4475
  8004
  6916
  1836
 -4301
 -7959
 -7023
 -2036
  4125
  7907
  7128
  2235
 -3946
 -7852
 -7227
 -2432
  3764
  7790
  7322
  2628
 -3580
 -7724
 -7412
 -2822
  3394
  7652
  7497
  3017
 -3206
 -7578
 -7577
 -3204
  3015
  7496
  7653
  3395
 -2823
 -7412
 -7724
 -3579
  2626
  7321
  7790
  3766
 -2433
 -7228
 -7851
 -3944
  2233
  7127
  7907
  4126
 -2038
 -7023
 -7958
 -4300
  1835
  6915
  8005
  4476
 -1637
 -6803
 -8046
 -4645
  1431
  6686
  8082
  4815
 -1231
 -6565
 -8113
 -4977
  1025
  6440
  8139
  5142
  -823
 -6311
 -8159
 -5300
   615
  6178
  8175
  5455
  -413
 -6041
 -8185
 -5607
   204
  5900
  8190
  5755
    -2
 -5755
 -8190
 -5900
  -204
  5607
  8185
  6041
   413
 -5455
 -8175
 -6178
  -615
  5300
  8159
  6311
   823
 -5142
 -8139
 -6440
 -1025
  4977
  8113
  6565
  1231
 -4815
 -8082
 -6686
 -1431
  4645
  8046
  6803
  1637
 -4476
 -8005
 -6915
 -1835
  4300
  7958
  7023
  2038
 -4126
 -7907
 -7127
 -2233
  3944
  7851
  7228
  2433
 -3766
 -7790
 -7321
 -2626
  3579
  7724
  7412
  2823
 -3395
 -7653
 -7496
 -3015
  3204
  7577
  7578
  3206
 -3017
 -7497
 -7652
 -3394
  2822
  7412
  7724
  3580
 -2628
 -7322
 -7790
 -3764
  2432
  7227
  7852
  3946
 -2235
 -7128
 -7907
 -4125
  2036
  7023
  7959
  4301
 -1836
 -6916
 -8004
 -4475
  1635
  6802
  8046
  4646
 -1433
 -6687
 -8082
 -4814
  1230
  6564
  8113
  4979
 -1026
 -6441
 -8139
 -5141
   822
  6310
  8159
  5301
  -617
 -6179
 -8175
 -5454
   411
  6040
  8185
  5608
  -206
 -5901
 -8190
 -5754
     0
  5754
  8190
  5901
   206
 -5608
 -8185
 -6040
  -411
  5454
  8175
  6179
   617
 -5301
 -8159
 -6310
  -822
  5141
  8139
  6441
  1026
 -4979
 -8113
 -6564
 -1230
  4814
  8082
  6687
  1433
 -4646
 -8046
 -6802
 -1635
  4475
  8004
  6916
  1836
 -4301
 -7959
 -7023
 -2036
  4125
  7907
  7128
  2235
 -3946
 -7852
 -7227
 -2432
  3764
  7790
  7322
  2628
 -3580
 -7724
 -7412
 -2822
  3394
  7652
  7497
  3017
 -3206
 -7578
 -7577
 -3204
  3015
  7496
  7653
  3395
 -2823
 -7412
 -7724
 -3579
  2626
  7321
  7790
  3766
 -2433
 -7228
 -7851
 -3944
  2233
  7127
  7907
  4126
 -2038
 -7023
 -7958
 -4300
  1835
  6915
  8005
  4476
 -1637
 -6803
 -8046
 -4645
  1431
  6686
  8082
  4815
 -1231
 -6565
 -8113
 -4977
  1025
  6440
  8139
  5142
  -823
 -6311
 -8159
 -5300
   615
  6178
  8175
  5455
  -413
 -6041
 -8185
 -5607
   204
  5900
  8190
  5755
    -2
 -5755
 -8190
 -5900
  -204
  5607
  8185
  6041
   413
 -5455
 -8175
 -6178
  -615
  5300
  8159
  6311
   823
 -5142
 -8139
 -6440
 -1025
  4977
  8113
  6565
  1231
 -4815
 -8082
 -6686
 -1431
  4645
  8046
  6803
  1637
 -4476
 -8005
 -6915
 -1835
  4300
  7958
  7023
  2038
 -4126
 -7907
 -7127
 -2233
  3944
  7851
  7228
  2433
 -3766
 -7790
 -7321
 -2626
  3579
  7724
  7412
  2823
 -3395
 -7653
 -7496
 -3015
  3204
  7577
  7578
  3206
 -3017
 -7497
 -7652
 -3394
  2822
  7412
  7724
  3580
 -2628
 -7322
 -7790
 -3764
  2432
  7227
  7852
  3946
 -2235
 -7128
 -7907
 -4125
  2036
  7023
  7959
  4301
 -1836
 -6916
 -8004
 -4475
  1635
  6802
  8046
  4646
 -1433
 -6687
 -8082
 -4814
  1230
  6564
  8113
  4979
 -1026
 -6441
 -8139
 -5141
   822
  6310
  8159
  5301
  -617
 -6179
 -8175
 -5454
   411
  6040
  8185
  5608
  -206
 -5901
 -8190
 -5754
     0
  5754
  8190
  5901
   206
 -5608
 -8185
 -6040
  -411
  5454
  8175
  6179
   617
 -5301
 -8159
 -6310
  -822
  5141
  8139
  6441
  1026
 -4979
 -8113
 -6564
 -1230
  4814
  8082
  6687
  1433
 -4646
 -8046
 -6802
 -1635
  4475
  8004
  6916
  1836
 -4301
 -7959
 -7023
 -2036
  4125
  7907
  7128
  2235
 -3946
 -7852
 -7227
 -2432
  3764
  7790
  7322
  2628
 -3580
 -7724
 -7412
 -2822
  3394
  7652
  7497
  3017
 -3206
 -7578
 -7577
 -3204
  3015
  7496
  7653
  3395
 -2823
 -7412
 -7724
 -3579
  2626
  7321
  7790
  3766
 -2433
 -7228
 -7851
 -3944
  2233
  7127
  7907
  4126
 -2038
 -7023
 -7958
 -4300
  1835
  6915
  8005
  4476
 -1637
 -6803
 -8046
 -4645
  1431
  6686
  8082
  4815
 -1231
 -6565
 -8113
 -4977
  1025
  6440
  8139
  5142
  -823
 -6311
 -8159
 -5300
   615
  6178
  8175
  5455
  -413
 -6041
 -8185
 -5607
   204
  5900
  8190
  5755
    -2
 -5755
 -8190
 -5900
  -204
  5607
  8185
  6041
   413
 -5455
 -8175
 -6178
  -615
  5300
  8159
  6311
   823
 -5142
 -8139
 -6440
 -1025
  4977
  8113
  6565
  1231
 -4815
 -8082
 -6686
 -1431
  4645
  8046
  6803
  1637
 -4476
 -8005
 -6915
 -1835
  4300
  7958
  7023
  2038
 -4126
 -7907
 -7127
 -2233
  3944
  7851
  7228
  2433
 -3766
 -7790
 -7321
 -2626
  3579
  7724
  7412
  2823
 -3395
 -7653
 -7496
 -3015
  3204
  7577
  7578
  3206
 -3017
 -7497
 -7652
 -3394
  2822
  7412
  7724
  3580
 -2628
 -7322
 -7790
 -3764
  2432
  7227
  7852
  3946
 -2235
 -7128
 -7907
 -4125
  2036
  7023
  7959
  4301
 -1836
 -6916
 -8004
 -4475
  1635
  6802
  8046
  4646
 -1433
 -6687
 -8082
 -4814
  1230
  6564
  8113
  4979
 -1026
 -6441
 -8139
 -5141
   822
  6310
  8159
  5301
  -617
 -6179
 -8175
 -5454
   411
  6040
  8185
  5608
  -206
 -5901
 -8190
 -5754
     0
  5754
  8190
  5901
   206
 -5608
 -8185
 -6040
  -411
  5454
  8175
  6179
   617
 -5301
 -8159
 -6310
  -822
  5141
  8139
  6441
  1026
 -4979
 -8113
 -6564
 -1230
  4814
  8082
  6687
  1433
 -4646
 -8046
 -6802
 -1635
  4475
  8004
  6916
  1836
 -4301
 -7959
 -7023
 -2036
  4125
  7907
  7128
  2235
 -3946
 -7852
 -7227
 -2432
  3764
  7790
  7322
  2628
 -3580
 -7724
 -7412
 -2822
  3394
  7652
  7497
  3017
 -3206
 -7578
 -7577
 -3204
  3015
  7496
  7653
  3395
 -2823
 -7412
 -7724
 -3579
  2626
  7321
  7790
  3766
 -2433
 -7228
 -7851
 -3944
  2233
  7127
  7907
  4126
 -2038
 -7023
 -7958
 -4300
  1835
  6915
  8005
  4476
 -1637
 -6803
 -8046
 -4645
  1431
  6686
  8082
  4815
 -1231
 -6565
 -8113
 -4977
  1025
  6440
  8139
  5142
  -823
 -6311
 -8159
 -5300
   615
  6178
  8175
  5455
  -413
 -6041
 -8185
 -5607
   204
  5900
  8190
  5755
    -2
 -5755
 -8190
 -5900
  -204
  5607
  8185
  6041
   413
 -5455
 -8175
 -6178
  -615
  5300
  8159
  6311
   823
 -5142
 -8139
 -6440
 -1025
  4977
  8113
  6565
  1231
 -4815
 -8082
 -6686
 -1431
  4645
  8046
  6803
  1637
 -4476
 -8005
 -6915
 -1835
  4300
  7958
  7023
  2038
 -4126
 -7907
 -7127
 -2233
  3944
  7851
  7228
  2433
 -3766
 -7790
 -7321
 -2626
  3579
  7724
  7412
  2823
 -3395
 -7653
 -7496
 -3015
  3204
  7577
  7578
  3206
 -3017
 -7497
 -7652
 -3394
  2822
  7412
  7724
  3580
 -2628
 -7322
 -7790
 -3764
  2432
  7227
  7852
  3946
 -2235
 -7128
 -7907
 -4125
  2036
  7023
  7959
  4301
 -1836
 -6916
 -8004
 -4475
  1635
  6802
  8046
  4646
 -1433
 -6687
 -8082
 -4814
  1230
  6564
  8113
  4979
 -1026
 -6441
 -8139
 -5141
   822
  6310
  8159
  5301
  -617
 -6179
 -8175
 -5454
   411
  6040
  8185
  5608
  -206
 -5901
 -8190
 -5754
     0
  5754
  8190
  5901
   206
 -5608
 -8185
 -6040
  -411
  5454
  8175
  6179
   617
 -5301
 -8159
 -6310
  -822
  5141
  8139
  6441
  1026
 -4979
 -8113
 -6564
 -1230
  4814
  8082
  6687
  1433
 -4646
 -8046
 -6802
 -1635
  4475
  8004
  6916
  1836
 -4301
 -7959
 -7023
 -2036
  4125
  7907
  7128
  2235
 -3946
 -7852
 -7227
 -2432
  3764
  7790
  7322
  2628
 -3580
 -7724
 -7412
 -2822
  3394
  7652
  7497
  3017
 -3206
 -7578
 -7577
 -3204
  3015
  7496
  7653
  3395
 -2823
 -7412
 -7724
 -3579
  2626
  7321
  7790
  3766
 -2433
 -7228
 -7851
 -3944
  2233
  7127
  7907
  4126
 -2038
 -7023
 -7958
 -4300
  1835
  6915
  8005
  4476
 -1637
 -6803
 -8046
 -4645
  1431
  6686
  8082
  4815
 -1231
 -6565
 -8113
 -4977
  1025
  6440
  8139
  5142
  -823
 -6311
 -8159
 -5300
   615
  6178
  8175
  5455
  -413
 -6041
 -8185
 -5607
   204
  5900
  8190
  5755
    -2
 -5755
 -8190
 -5900
  -204
  5607
  8185
  6041
   413
 -5455
 -8175
 -6178
  -615
  5300
  8159
  6311
   823
 -5142
 -8139
 -6440
 -1025
  4977
  8113
  6565
  1231
 -4815
 -8082
 -6686
 -1431
  4645
  8046
  6803
  1637
 -4476
 -8005
 -6915
 -1835
  4300
  7958
  7023
  2038
 -4126
 -7907
 -7127
 -2233
  3944
  7851
  7228
  2433
 -3766
 -7790
 -7321
 -2626
  3579
  7724
  7412
  2823
 -3395
 -7653
 -7496
 -3015
  3204
  7577
  7578
  3206
 -3017
 -7497
 -7652
 -3394
  2822
  7412
  7724
  3580
 -2628
 -7322
 -7790
 -3764
  2432
  7227
  7852
  3946
 -2235
 -7128
 -7907
 -4125
  2036
  7023
  7959
  4301
 -1836
 -6916
 -8004
 -4475
  1635
  6802
  8046
  4646
 -1433
 -6687
 -8082
 -4814
  1230
  6564
  8113
  4979
 -1026
 -6441
 -8139
 -5141
   822
  6310
  8159
  5301
  -617
 -6179
 -8175
 -5454
   411
  6040
  8185
  5608
  -206
 -5901
 -8190
 -5754
     0
  5754
  8190
  5901
   206
 -5608
 -8185
 -6040
  -411
  5454
  8175
  6179
   617
 -5301
 -8159
 -6310
  -822
  5141
  8139
  6441
  1026
 -4979
 -8113
 -6564
 -1230
  4814
  8082
  6687
  1433
 -4646
 -8046
 -6802
 -1635
  4475
  8004
  6916
  1836
 -4301
