 -1180
 -1180
     0
     0
   637
  1270
  1896
  2510
  3109
  3689
  4249
  4781
  5283
  5754
  6190
  6589
  6949
  7265
  7537
  7764
  7943
  8075
  8158
  8190
  8174
  8107
  7992
  7828
  7615
  7358
  7056
  6711
  6325
  5901
  5439
  4946
  4423
  3874
  3301
  2708
  2098
  1473
   842
   206
  -432
 -1067
 -1695
 -2316
 -2920
 -3507
 -4072
 -4612
 -5125
 -5608
 -6056
 -6466
 -6838
 -7168
 -7454
 -7697
 -7892
 -8038
 -8136
 -8185
 -8184
 -8134
 -8034
 -7885
 -7689
 -7446
 -7158
 -6827
 -6452
 -6040
 -5591
 -5109
 -4595
 -4054
 -3485
 -2898
 -2294
 -1675
 -1046
  -411
   226
   862
  1493
  2115
  2724
  3317
  3892
  4441
  4962
  5454
  5913
  6336
  6722
  7066
  7367
  7623
  7833
  7996
  8110
  8175
  8190
  8156
  8072
  7939
  7758
  7529
  7256
  6938
  6578
  6179
  5742
  5268
  4764
  4231
  3673
  3093
  2493
  1876
  1250
   617
   -20
  -657
 -1290
 -1919
 -2532
 -3130
 -3710
 -4266
 -4797
 -5301
 -5771
 -6206
 -6603
 -6960
 -7275
 -7545
 -7771
 -7949
 -8079
 -8159
 -8191
 -8172
 -8104
 -7987
 -7821
 -7608
 -7349
 -7045
 -6697
 -6310
 -5885
 -5424
 -4930
 -4406
 -3853
 -3279
 -2686
 -2076
 -1453
  -822
  -182
   452
  1087
  1715
  2333
  2936
  3522
  4089
  4629
  5141
  5621
  6067
  6477
  6849
  7178
  7463
  7703
  7896
  8042
  8139
  8186
  8184
  8132
  8030
  7880
  7682
  7437
  7148
  6815
  6441
  6028
  5576
  5093
  4578
  4036
  3470
  2882
  2277
  1655
  1026
   391
  -247
  -883
 -1513
 -2138
 -2746
 -3338
 -3910
 -4458
 -4979
 -5472
 -5929
 -6351
 -6734
 -7076
 -7376
 -7632
 -7840
 -8001
 -8113
 -8176
 -8190
 -8153
 -8068
 -7933
 -7751
 -7521
 -7246
 -6926
 -6564
 -6163
 -5725
 -5252
 -4747
 -4214
 -3652
 -3071
 -2471
 -1856
 -1230
  -596
    41
   678
  1311
  1935
  2549
  3146
  3728
  4284
  4814
  5315
  5783
  6217
  6615
  6970
  7284
  7553
  7777
  7953
  8082
  8161
  8191
  8171
  8101
  7983
  7816
  7600
  7340
  7035
  6687
  6299
  5873
  5408
  4914
  4389
  3838
  3263
  2669
  2056
  1433
   801
   165
  -473
 -1107
 -1738
 -2355
 -2958
 -3543
 -4107
 -4646
 -5159
 -5638
 -6083
 -6491
 -6860
 -7187
 -7471
 -7711
 -7902
 -8046
 -8141
 -8187
 -8183
 -8129
 -8026
 -7874
 -7675
 -7429
 -7138
 -6802
 -6427
 -6012
 -5561
 -5077
 -4561
 -4016
 -3448
 -2860
 -2254
 -1635
 -1006
  -367
   267
   903
  1533
  2154
  2763
  3357
  3928
  4475
  4995
  5485
  5941
  6362
  6746
  7087
  7385
  7638
  7845
  8004
  8116
  8177
  8189
  8152
  8065
  7929
  7744
  7513
  7237
  6916
  6554
  6152
  5711
  5237
  4731
  4196
  3637
  3055
  2451
  1836
  1210
   576
   -61
  -698
 -1331
 -1958
 -2571
 -3168
 -3746
 -4301
 -4830
 -5333
 -5800
 -6232
 -6627
 -6981
 -7293
 -7562
 -7784
 -7959
 -8085
 -8163
 -8191
 -8169
 -8098
 -7977
 -7809
 -7593
 -7331
 -7023
 -6674
 -6284
 -5856
 -5393
 -4897
 -4372
 -3817
 -3242
 -2647
 -2036
 -1413
  -781
  -141
   493
  1127
  1755
  2372
  2974
  3562
  4125
  4663
  5172
  5651
  6095
  6504
  6871
  7197
  7480
  7717
  7907
  8050
  8143
  8187
  8182
  8127
  8022
  7868
  7668
  7420
  7128
  6792
  6416
  6000
  5546
  5061
  4544
  4001
  3433
  2844
  2235
  1615
   986
   350
  -287
  -923
 -1556
 -2177
 -2785
 -3375
 -3946
 -4492
 -5014
 -5502
 -5957
 -6377
 -6757
 -7097
 -7395
 -7646
 -7852
 -8009
 -8118
 -8178
 -8189
 -8149
 -8061
 -7923
 -7737
 -7505
 -7227
 -6904
 -6540
 -6136
 -5696
 -5221
 -4714
 -4176
 -3615
 -3033
 -2432
 -1816
 -1190
  -552
    82
   718
  1351
  1975
  2587
  3187
  3764
  4319
  4847
  5346
  5812
  6243
  6639
  6992
  7302
  7569
  7790
  7963
  8089
  8165
  8191
  8168
  8095
  7973
  7803
  7585
  7322
  7014
  6663
  6273
  5842
  5378
  4881
  4355
  3802
  3226
  2628
  2016
  1393
   761
   124
  -513
 -1151
 -1778
 -2394
 -2996
 -3580
 -4142
 -4679
 -5191
 -5668
 -6110
 -6516
 -6882
 -7207
 -7489
 -7724
 -7913
 -8054
 -8145
 -8188
 -8181
 -8124
 -8017
 -7863
 -7660
 -7412
 -7116
 -6779
 -6401
 -5984
 -5531
 -5045
 -4525
 -3980
 -3411
 -2822
 -2215
 -1595
  -965
  -327
   308
   943
  1573
  2194
  2801
  3394
  3964
  4509
  5027
  5515
  5969
  6389
  6769
  7107
  7402
  7652
  7856
  8014
  8121
  8180
  8188
  8148
  8058
  7918
  7731
  7497
  7217
  6894
  6529
  6125
  5681
  5205
  4697
  4161
  3600
  3017
  2412
  1796
  1169
   535
  -102
  -739
 -1374
 -1998
 -2610
 -3206
 -3782
 -4336
 -4866
 -5363
 -5829
 -6259
 -6651
 -7002
 -7313
 -7578
 -7797
 -7968
 -8092
 -8166
 -8191
 -8166
 -8092
 -7968
 -7796
 -7577
 -7312
 -7002
 -6650
 -6258
 -5828
 -5362
 -4864
 -4335
 -3781
 -3204
 -2608
 -1996
 -1373
  -737
  -101
   534
  1168
  1795
  2411
  3015
  3599
  4160
  4696
  5204
  5680
  6124
  6528
  6893
  7217
  7496
  7730
  7917
  8057
  8148
  8188
  8180
  8121
  8014
  7857
  7653
  7403
  7108
  6770
  6390
  5970
  5516
  5028
  4510
  3965
  3395
  2802
  2195
  1575
   945
   309
  -328
  -967
 -1597
 -2217
 -2823
 -3413
 -3981
 -4526
 -5046
 -5532
 -5985
 -6402
 -6780
 -7117
 -7412
 -7661
 -7863
 -8018
 -8124
 -8181
 -8188
 -8145
 -8053
 -7913
 -7724
 -7489
 -7206
 -6882
 -6515
 -6109
 -5666
 -5189
 -4678
 -4141
 -3579
 -2995
 -2393
 -1776
 -1149
  -512
   123
   759
  1391
  2015
  2626
  3224
  3800
  4353
  4880
  5377
  5841
  6272
  6663
  7013
  7321
  7584
  7802
  7973
  8095
  8168
  8191
  8165
  8089
  7963
  7790
  7570
  7303
  6993
  6640
  6244
  5813
  5347
  4848
  4320
  3766
  3188
  2589
  1977
  1352
   720
    83
  -554
 -1191
 -1818
 -2433
 -3034
 -3617
 -4178
 -4715
 -5222
 -5697
 -6137
 -6541
 -6904
 -7228
 -7506
 -7738
 -7923
 -8061
 -8150
 -8189
 -8178
 -8118
 -8009
 -7851
 -7646
 -7394
 -7096
 -6756
 -6376
 -5956
 -5501
 -5012
 -4491
 -3944
 -3374
 -2783
 -2176
 -1555
  -922
  -286
   349
   984
  1613
  2233
  2842
  3431
  3999
  4543
  5059
  5545
  5999
  6415
  6792
  7127
  7420
  7667
  7868
  8022
  8126
  8182
  8187
  8143
  8050
  7907
  7717
  7480
  7198
  6872
  6505
  6096
  5652
  5173
  4664
  4126
  3563
  2976
  2373
  1756
  1129
   494
  -143
  -783
 -1414
 -2038
 -2648
 -3243
 -3818
 -4373
 -4899
 -5394
 -5857
 -6285
 -6674
 -7023
 -7331
 -7593
 -7809
 -7978
 -8098
 -8169
 -8191
 -8163
 -8085
 -7958
 -7784
 -7562
 -7292
 -6980
 -6626
 -6231
 -5799
 -5331
 -4829
 -4300
 -3745
 -3167
 -2570
 -1957
 -1329
  -697
   -60
   574
  1208
  1835
  2450
  3053
  3635
  4195
  4730
  5235
  5709
  6151
  6553
  6915
  7236
  7513
  7744
  7929
  8065
  8152
  8189
  8177
  8116
  8005
  7845
  7638
  7385
  7087
  6746
  6363
  5942
  5486
  4996
  4476
  3929
  3358
  2764
  2156
  1535
   904
   269
  -369
 -1007
 -1637
 -2256
 -2861
 -3450
 -4017
 -4563
 -5078
 -5562
 -6013
 -6428
 -6803
 -7139
 -7429
 -7675
 -7874
 -8026
 -8129
 -8183
 -8187
 -8141
 -8046
 -7902
 -7710
 -7471
 -7187
 -6859
 -6490
 -6082
 -5637
 -5158
 -4645
 -4106
 -3542
 -2957
 -2354
 -1736
 -1106
  -471
   163
   800
  1431
  2054
  2668
  3262
  3836
  4388
  4912
  5407
  5872
  6298
  6686
  7034
  7339
  7600
  7815
  7982
  8101
  8171
  8191
  8161
  8082
  7954
  7777
  7554
  7285
  6971
  6616
  6218
  5784
  5316
  4815
  4285
  3729
  3148
  2550
  1937
  1312
   679
    42
  -598
 -1231
 -1858
 -2472
 -3072
 -3653
 -4215
 -4749
 -5253
 -5726
 -6164
 -6565
 -6926
 -7247
 -7522
 -7751
 -7934
 -8068
 -8154
 -8190
 -8176
 -8113
 -8000
 -7839
 -7631
 -7375
 -7075
 -6733
 -6350
 -5928
 -5471
 -4977
 -4456
 -3908
 -3337
 -2745
 -2136
 -1512
  -881
  -245
   389
  1025
  1654
  2275
  2881
  3468
  4035
  4577
  5091
  5575
  6027
  6440
  6814
  7147
  7437
  7681
  7880
  8030
  8131
  8183
  8186
  8139
  8042
  7897
  7703
  7463
  7178
  6850
  6478
  6068
  5622
  5142
  4630
  4091
  3524
  2938
  2334
  1717
  1088
   454
  -184
  -823
 -1455
 -2077
 -2687
 -3281
 -3854
 -4408
 -4931
 -5425
 -5886
 -6311
 -6698
 -7046
 -7350
 -7609
 -7821
 -7987
 -8104
 -8172
 -8191
 -8159
 -8078
 -7949
 -7771
 -7545
 -7274
 -6959
 -6602
 -6205
 -5770
 -5300
 -4796
 -4265
 -3708
 -3129
 -2531
 -1917
 -1289
  -656
   -19
   615
  1249
  1874
  2492
  3091
  3672
  4230
  4763
  5267
  5741
  6178
  6577
  6937
  7255
  7529
  7758
  7939
  8072
  8156
  8190
  8175
  8110
  7996
  7833
  7624
  7367
  7067
  6723
  6337
  5914
  5455
  4964
  4442
  3893
  3318
  2726
  2117
  1495
   864
   228
  -413
 -1048
 -1677
 -2295
 -2900
 -3487
 -4055
 -4597
 -5110
 -5592
 -6041
 -6453
 -6827
 -7159
 -7447
 -7689
 -7886
 -8034
 -8134
 -8184
 -8185
 -8136
 -8038
 -7891
 -7696
 -7454
 -7167
 -6837
 -6465
 -6055
 -5607
 -5123
 -4611
 -4070
 -3505
 -2919
 -2315
 -1693
 -1065
  -430
   204
   840
  1472
  2097
  2706
  3299
  3873
  4422
  4945
  5438
  5900
  6324
  6710
  7055
  7357
  7615
  7827
  7991
  8107
  8173
  8190
  8158
  8075
  7944
  7764
  7538
  7266
  6950
  6590
  6191
  5755
  5285
  4782
  4250
  3690
  3110
  2511
  1897
  1272
   639
     2
  -639
 -1272
 -1897
 -2511
 -3110
 -3690
 -4250
 -4782
 -5285
 -5755
 -6191
 -6590
 -6950
 -7266
 -7538
 -7764
 -7944
 -8075
 -8158
 -8190
 -8173
 -8107
 -7991
 -7827
 -7615
 -7357
 -7055
 -6710
 -6324
 -5900
 -5438
 -4945
 -4422
 -3873
 -3299
 -2706
 -2097
 -1472
  -840
  -204
   430
  1065
  1693
  2315
  2919
  3505
  4070
  4611
  5123
  5607
  6055
  6465
  6837
  7167
  7454
  7696
  7891
  8038
  8136
  8185
  8184
  8134
  8034
  7886
  7689
  7447
  7159
  6827
  6453
  6041
  5592
  5110
  4597
  4055
  3487
  2900
  2295
  1677
  1048
   413
  -228
  -864
 -1495
 -2117
 -2726
 -3318
 -3893
 -4442
 -4964
 -5455
 -5914
 -6337
 -6723
 -7067
 -7367
 -7624
 -7833
 -7996
 -8110
 -8175
 -8190
 -8156
 -8072
 -7939
 -7758
 -7529
 -7255
 -6937
 -6577
 -6178
 -5741
 -5267
 -4763
 -4230
 -3672
 -3091
 -2492
 -1874
 -1249
  -615
    19
   656
  1289
  1917
  2531
  3129
  3708
  4265
  4796
  5300
  5770
  6205
  6602
  6959
  7274
  7545
  7771
  7949
  8078
  8159
  8191
  8172
  8104
  7987
  7821
  7609
  7350
  7046
  6698
  6311
  5886
  5425
  4931
  4408
  3854
  3281
  2687
  2077
  1455
   823
   184
  -454
 -1088
 -1717
 -2334
 -2938
 -3524
 -4091
 -4630
 -5142
 -5622
 -6068
 -6478
 -6850
 -7178
 -7463
 -7703
 -7897
 -8042
 -8139
 -8186
 -8183
 -8131
 -8030
 -7880
 -7681
 -7437
 -7147
 -6814
 -6440
 -6027
 -5575
 -5091
 -4577
 -4035
 -3468
 -2881
 -2275
 -1654
 -1025
  -389
   245
   881
  1512
  2136
  2745
  3337
  3908
  4456
  4977
  5471
  5928
  6350
  6733
  7075
  7375
  7631
  7839
  8000
  8113
  8176
  8190
  8154
  8068
  7934
  7751
  7522
  7247
  6926
  6565
  6164
  5726
  5253
  4749
  4215
  3653
  3072
  2472
  1858
  1231
   598
   -42
  -679
 -1312
 -1937
 -2550
 -3148
 -3729
 -4285
 -4815
 -5316
 -5784
 -6218
 -6616
 -6971
 -7285
 -7554
 -7777
 -7954
 -8082
 -8161
 -8191
 -8171
 -8101
 -7982
 -7815
 -7600
 -7339
 -7034
 -6686
 -6298
 -5872
 -5407
 -4912
 -4388
 -3836
 -3262
 -2668
 -2054
 -1431
  -800
  -163
   471
  1106
  1736
  2354
  2957
  3542
  4106
  4645
  5158
  5637
  6082
  6490
  6859
  7187
  7471
  7710
  7902
  8046
  8141
  8187
  8183
  8129
  8026
  7874
  7675
  7429
  7139
  6803
  6428
  6013
  5562
  5078
  4563
  4017
  3450
  2861
  2256
  1637
  1007
   369
  -269
  -904
 -1535
 -2156
 -2764
 -3358
 -3929
 -4476
 -4996
 -5486
 -5942
 -6363
 -6746
 -7087
 -7385
 -7638
 -7845
 -8005
 -8116
 -8177
 -8189
 -8152
 -8065
 -7929
 -7744
 -7513
 -7236
 -6915
 -6553
 -6151
 -5709
 -5235
 -4730
 -4195
 -3635
 -3053
 -2450
 -1835
 -1208
  -574
    60
   697
  1329
  1957
  2570
  3167
  3745
  4300
  4829
  5331
  5799
  6231
  6626
  6980
  7292
  7562
  7784
  7958
  8085
  8163
  8191
  8169
  8098
  7978
  7809
  7593
  7331
  7023
  6674
  6285
  5857
  5394
  4899
  4373
  3818
  3243
  2648
  2038
  1414
   783
   143
  -494
 -1129
 -1756
 -2373
 -2976
 -3563
 -4126
 -4664
 -5173
 -5652
 -6096
 -6505
 -6872
 -7198
 -7480
 -7717
 -7907
 -8050
 -8143
 -8187
 -8182
 -8126
 -8022
 -7868
 -7667
 -7420
 -7127
 -6792
 -6415
 -5999
 -5545
 -5059
 -4543
 -3999
 -3431
 -2842
 -2233
 -1613
  -984
  -349
   286
   922
  1555
  2176
  2783
  3374
  3944
  4491
  5012
  5501
  5956
  6376
  6756
  7096
  7394
  7646
  7851
  8009
  8118
  8178
  8189
  8150
  8061
  7923
  7738
  7506
  7228
  6904
  6541
  6137
  5697
  5222
  4715
  4178
  3617
  3034
  2433
  1818
  1191
   554
   -83
  -720
 -1352
 -1977
 -2589
 -3188
 -3766
 -4320
 -4848
 -5347
 -5813
 -6244
 -6640
 -6993
 -7303
 -7570
 -7790
 -7963
 -8089
 -8165
 -8191
 -8168
 -8095
 -7973
 -7802
 -7584
 -7321
 -7013
 -6663
 -6272
 -5841
 -5377
 -4880
 -4353
 -3800
 -3224
 -2626
 -2015
 -1391
  -759
  -123
   512
  1146
  1776
  2393
  2995
  3579
  4141
  4678
  5189
  5666
  6109
  6515
  6882
  7206
  7489
  7724
  7913
  8053
  8145
  8188
  8181
  8124
  8018
  7863
  7661
  7412
  7117
  6780
  6402
  5985
  5532
  5046
  4526
  3981
  3413
  2823
  2217
  1597
   967
   328
  -309
  -945
 -1575
 -2195
 -2802
 -3395
 -3965
 -4510
 -5028
 -5516
 -5970
 -6390
 -6770
 -7108
 -7403
 -7653
 -7857
 -8014
 -8121
 -8180
 -8188
 -8148
 -8057
 -7917
 -7730
 -7496
 -7217
 -6893
 -6528
 -6124
 -5680
 -5204
 -4696
 -4160
 -3599
 -3015
 -2411
 -1795
 -1168
  -534
   101
   737
  1373
  1996
  2608
  3204
  3781
  4335
  4864
  5362
  5828
  6258
  6650
  7002
  7312
  7577
  7796
  7968
  8092
  8166
  8191
  8166
  8092
  7968
  7797
  7578
  7313
  7002
  6651
  6259
  5829
  5363
  4866
  4336
  3782
  3206
  2610
  1998
  1374
   739
   102
  -535
 -1169
 -1796
 -2412
 -3017
 -3600
 -4161
 -4697
 -5205
 -5681
 -6125
 -6529
 -6894
 -7217
 -7497
 -7731
 -7918
 -8058
 -8148
 -8188
 -8180
 -8121
 -8014
 -7856
 -7652
 -7402
 -7107
 -6769
 -6389
 -5969
 -5515
 -5027
 -4509
 -3964
 -3394
 -2801
 -2194
 -1573
  -943
  -308
   327
   965
  1595
  2215
  2822
  3411
  3980
  4525
  5045
  5531
  5984
  6401
  6779
  7116
  7412
  7660
  7863
  8017
  8124
  8181
  8188
  8145
  8054
  7913
  7724
  7489
  7207
  6882
  6516
  6110
  5668
  5191
  4679
  4142
  3580
  2996
  2394
  1778
  1151
   513
  -124
  -761
 -1393
 -2016
 -2628
 -3226
 -3802
 -4355
 -4881
 -5378
 -5842
 -6273
 -6663
 -7014
 -7322
 -7585
 -7803
 -7973
 -8095
 -8168
 -8191
 -8165
 -8089
 -7963
 -7790
 -7569
 -7302
 -6992
 -6639
 -6243
 -5812
 -5346
 -4847
 -4319
 -3764
 -3187
 -2587
 -1975
 -1351
  -718
   -82
   552
  1190
  1816
  2432
  3033
  3615
  4176
  4714
  5221
  5696
  6136
  6540
  6904
  7227
  7505
  7737
  7923
  8061
  8149
  8189
  8178
  8118
  8009
  7852
  7646
  7395
  7097
  6757
  6377
  5957
  5502
  5014
  4492
  3946
  3375
  2785
  2177
  1556
   923
   287
  -350
  -986
 -1615
 -2235
 -2844
 -3433
 -4001
 -4544
 -5061
 -5546
 -6000
 -6416
 -6792
 -7128
 -7420
 -7668
 -7868
 -8022
 -8127
 -8182
 -8187
 -8143
 -8050
 -7907
 -7717
 -7480
 -7197
 -6871
 -6504
 -6095
 -5651
 -5172
 -4663
 -4125
 -3562
 -2974
 -2372
 -1755
 -1127
  -493
   141
   781
  1413
  2036
  2647
  3242
  3817
  4372
  4897
  5393
  5856
  6284
  6674
  7023
  7331
  7593
  7809
  7977
  8098
  8169
  8191
  8163
  8085
  7959
  7784
  7562
  7293
  6981
  6627
  6232
  5800
  5333
  4830
  4301
  3746
  3168
  2571
  1958
  1331
   698
    61
  -576
 -1210
 -1836
 -2451
 -3055
 -3637
 -4196
 -4731
 -5237
 -5711
 -6152
 -6554
 -6916
 -7237
 -7513
 -7744
 -7929
 -8065
 -8152
 -8189
 -8177
 -8116
 -8004
 -7845
 -7638
 -7385
 -7087
 -6746
 -6362
 -5941
 -5485
 -4995
 -4475
 -3928
 -3357
 -2763
 -2154
 -1533
  -903
  -267
   367
  1006
  1635
  2254
  2860
  3448
  4016
  4561
  5077
  5561
  6012
  6427
  6802
  7138
  7429
  7675
  7874
  8026
  8129
  8183
  8187
  8141
  8046
  7902
  7711
  7471
  7187
  6860
  6491
  6083
  5638
  5159
  4646
  4107
  3543
  2958
  2355
  1738
  1107
   473
  -165
  -801
 -1433
 -2056
 -2669
 -3263
 -3838
 -4389
 -4914
 -5408
 -5873
 -6299
 -6687
 -7035
 -7340
 -7600
 -7816
 -7983
 -8101
 -8171
 -8191
 -8161
 -8082
 -7953
 -7777
 -7553
 -7284
 -6970
 -6615
 -6217
 -5783
 -5315
 -4814
 -4284
 -3728
 -3146
 -2549
 -1935
 -1311
  -678
   -41
   596
  1230
  1856
  2471
  3071
  3652
  4214
  4747
  5252
  5725
  6163
  6564
  6926
  7246
  7521
  7751
  7933
  8068
  8153
  8190
  8176
  8113
  8001
  7840
  7632
  7376
  7076
  6734
  6351
  5929
  5472
  4979
  4458
  3910
  3338
  2746
  2138
  1513
   883
   247
  -391
 -1026
 -1655
 -2274
 -2882
 -3470
 -4036
 -4578
 -5093
 -5576
 -6028
 -6441
 -6815
 -7148
 -7437
 -7682
 -7880
 -8030
 -8132
 -8184
 -8186
 -8139
 -8042
 -7896
 -7703
 -7463
 -7178
 -6849
 -6477
 -6067
 -5621
 -5141
 -4629
 -4089
 -3522
 -2936
 -2333
 -1715
 -1087
  -452
   182
   822
  1453
  2076
  2686
  3279
  3853
  4406
  4930
  5424
  5885
  6310
  6697
  7045
  7349
  7608
  7821
  7987
  8104
  8172
  8191
  8159
  8079
  7949
  7771
  7545
  7275
  6960
  6603
  6206
  5771
  5301
  4797
  4266
  3710
  3130
  2532
  1919
  1290
   657
    20
  -617
 -1250
 -1876
 -2493
 -3093
 -3673
 -4231
 -4764
 -5268
 -5742
 -6179
 -6578
 -6938
 -7256
 -7529
 -7758
 -7939
 -8072
 -8156
 -8190
 -8175
 -8110
 -7996
 -7833
 -7623
 -7367
 -7066
 -6722
 -6336
 -5913
 -5454
 -4962
 -4441
 -3892
 -3317
 -2724
 -2115
 -1493
  -862
  -226
   411
  1046
  1675
  2294
  2898
  3485
  4054
  4595
  5109
  5591
  6040
  6452
  6827
  7158
  7446
  7689
  7885
  8034
  8134
  8184
  8185
  8136
  8038
  7892
  7697
  7454
  7168
  6838
  6466
  6056
  5608
  5125
  4612
  4072
  3507
  2920
  2316
  1695
  1067
   432
  -206
  -842
 -1473
 -2098
 -2708
 -3301
 -3874
 -4423
 -4946
 -5439
 -5901
 -6325
 -6711
 -7056
 -7358
 -7615
 -7828
 -7992
 -8107
 -8174
 -8190
 -8158
 -8075
 -7943
 -7764
 -7537
 -7265
 -6949
 -6589
 -6190
 -5754
 -5283
 -4781
 -4249
 -3689
 -3109
 -2510
 -1896
 -1270
  -637
     0
   637
  1270
  1896
  2510
  3109
  3689
  4249
  4781
  5283
  5754
  6190
  6589
  6949
  7265
  7537
  7764
  7943
  8075
  8158
  8190
  8174
  8107
  7992
  7828
  7615
  7358
  7056
  6711
  6325
  5901
  5439
  4946
  4423
  3874
  3301
  2708
  2098
  1473
   842
   206
  -432
 -1067
 -1695
 -2316
 -2920
 -3507
 -4072
 -4612
 -5125
 -5608
 -6056
 -6466
 -6838
 -7168
 -7454
 -7697
 -7892
 -8038
 -8136
 -8185
 -8184
 -8134
 -8034
 -7885
 -7689
 -7446
 -7158
 -6827
 -6452
 -6040
 -5591
 -5109
 -4595
 -4054
 -3485
 -2898
 -2294
 -1675
 -1046
  -411
   226
   862
  1493
  2115
  2724
  3317
  3892
  4441
  4962
  5454
  5913
  6336
  6722
  7066
  7367
  7623
  7833
  7996
  8110
  8175
  8190
  8156
  8072
  7939
  7758
  7529
  7256
  6938
  6578
  6179
  5742
  5268
  4764
  4231
  3673
  3093
  2493
  1876
  1250
   617
   -20
  -657
 -1290
 -1919
 -2532
 -3130
 -3710
 -4266
 -4797
 -5301
 -5771
 -6206
 -6603
 -6960
 -7275
 -7545
 -7771
 -7949
 -8079
 -8159
 -8191
 -8172
 -8104
 -7987
 -7821
 -7608
 -7349
 -7045
 -6697
 -6310
 -5885
 -5424
 -4930
 -4406
 -3853
 -3279
 -2686
 -2076
 -1453
  -822
  -182
   452
  1087
  1715
  2333
  2936
  3522
  4089
  4629
  5141
  5621
  6067
  6477
  6849
  7178
  7463
  7703
  7896
  8042
  8139
  8186
  8184
  8132
  8030
  7880
  7682
  7437
  7148
  6815
  6441
  6028
  5576
  5093
  4578
  4036
  3470
  2882
  2277
  1655
  1026
   391
  -247
  -883
 -1513
 -2138
 -2746
 -3338
 -3910
 -4458
 -4979
 -5472
 -5929
 -6351
 -6734
 -7076
 -7376
 -7632
 -7840
 -8001
 -8113
 -8176
 -8190
 -8153
 -8068
 -7933
 -7751
 -7521
 -7246
 -6926
 -6564
 -6163
 -5725
 -5252
 -4747
 -4214
 -3652
 -3071
 -2471
 -1856
 -1230
  -596
    41
   678
  1311
  1935
  2549
  3146
  3728
  4284
  4814
  5315
  5783
  6217
  6615
  6970
  7284
  7553
  7777
  7953
  8082
  8161
  8191
  8171
  8101
  7983
  7816
  7600
  7340
  7035
  6687
  6299
  5873
  5408
  4914
  4389
  3838
  3263
  2669
  2056
  1433
   801
   165
  -473
 -1107
 -1738
 -2355
 -2958
 -3543
 -4107
 -4646
 -5159
 -5638
 -6083
 -6491
 -6860
 -7187
 -7471
 -7711
 -7902
 -8046
 -8141
 -8187
 -8183
 -8129
 -8026
 -7874
 -7675
 -7429
 -7138
 -6802
 -6427
 -6012
 -5561
 -5077
 -4561
 -4016
 -3448
 -2860
 -2254
 -1635
 -1006
  -367
   267
   903
  1533
  2154
  2763
  3354
  3928
  4475
  4995
  5485
  5941
  6362
  6746
  7087
  7385
  7638
  7845
  8004
  8116
  8177
  8189
  8152
  8065
  7929
  7744
  7513
  7237
  6916
  6554
  6152
  5711
  5237
  4731
  4196
  3637
  3055
  2451
  1836
  1210
   576
   -61
  -698
 -1331
 -1958
 -2571
 -3168
 -3746
 -4301
 -4830
 -5333
 -5800
 -6232
 -6627
 -6981
 -7293
 -7562
 -7784
 -7959
 -8085
 -8163
 -8191
 -8169
 -8098
 -7977
 -7809
 -7593
 -7331
 -7023
 -6674
 -6284
 -5856
 -5393
 -4897
 -4372
 -3817
 -3242
 -2647
 -2036
 -1413
  -781
  -141
   493
  1127
  1755
  2372
  2974
  3562
  4125
  4663
  5172
  5651
  6095
  6504
  6871
  7197
  7480
  7717
  7907
  8050
  8143
  8187
  8182
  8127
  8022
  7869
  7668
  7420
  7128
  6792
  6416
  6000
  5546
  5061
  4544
  4001
  3433
  2844
  2235
  1615
   986
   350
  -287
  -923
 -1556
 -2177
 -2785
 -3375
 -3946
 -4492
 -5014
 -5502
 -5957
 -6377
 -6757
 -7097
 -7395
 -7646
 -7852
 -8009
 -8118
 -8178
 -8189
 -8149
 -8061
 -7923
 -7737
 -7505
 -7227
 -6904
 -6540
 -6136
 -5696
 -5221
 -4714
 -4176
 -3615
 -3033
 -2432
 -1816
 -1190
  -552
    82
   718
  1351
  1975
  2587
  3187
  3764
  4319
  4847
  5346
  5812
  6243
  6639
  6992
  7302
  7569
  7790
  7963
  8089
  8165
  8191
  8168
  8095
  7973
  7803
  7585
  7322
  7014
  6663
  6273
  5842
  5378
  4881
  4355
  3802
  3226
  2628
  2016
  1393
   761
   124
  -513
 -1148
 -1778
 -2394
 -2996
 -3580
 -4142
 -4679
 -5191
 -5668
 -6110
 -6516
 -6882
 -7207
 -7489
 -7724
 -7913
 -8054
 -8145
 -8188
 -8181
 -8124
 -8017
 -7863
 -7660
 -7412
 -7116
 -6779
 -6401
 -5984
 -5531
 -5045
 -4525
 -3980
 -3411
 -2822
 -2215
 -1595
  -965
  -327
   308
   943
  1573
  2194
  2801
  3394
  3964
  4509
  5027
  5515
  5969
  6389
  6769
  7107
  7402
  7652
  7856
  8014
  8121
  8180
  8188
  8148
  8058
  7918
  7731
  7497
  7217
  6894
  6529
  6125
  5681
  5205
  4697
  4161
  3600
  3017
  2412
  1796
  1169
   535
  -102
  -739
 -1374
 -1998
 -2610
 -3206
 -3782
 -4336
 -4866
 -5363
 -5829
 -6259
 -6651
 -7002
 -7313
 -7578
 -7797
 -7968
 -8092
 -8166
 -8191
 -8166
 -8092
 -7968
 -7796
 -7577
 -7312
 -7002
 -6650
 -6258
 -5828
 -5362
 -4864
 -4335
 -3781
 -3204
 -2608
 -1996
 -1373
  -737
  -101
   534
  1168
  1795
  2411
  3015
  3599
  4160
  4696
  5204
  5680
  6124
  6528
  6893
  7217
  7496
  7730
  7917
  8057
  8148
  8188
  8180
  8121
  8014
  7857
  7653
  7403
  7108
  6770
  6390
  5970
  5516
  5028
  4510
  3965
  3395
  2802
  2195
  1575
   945
   309
  -328
  -967
 -1597
 -2217
 -2823
 -3413
 -3981
 -4526
 -5046
 -5532
 -5985
 -6402
 -6780
 -7117
 -7412
 -7661
 -7863
 -8018
 -8124
 -8181
 -8188
 -8145
 -8053
 -7913
 -7724
 -7489
 -7206
 -6882
 -6515
 -6109
 -5666
 -5189
 -4678
 -4141
 -3579
 -2995
 -2393
 -1776
 -1149
  -512
   123
   759
  1391
  2015
  2626
  3224
  3800
  4353
  4880
  5377
  5841
  6272
  6663
  7013
  7321
  7584
  7802
  7973
  8095
  8168
  8191
  8165
  8089
  7963
  7790
  7570
  7303
  6993
  6640
  6244
  5813
  5347
  4848
  4320
  3766
  3188
  2589
  1977
  1352
   720
    83
  -554
 -1191
 -1818
 -2433
 -3034
 -3617
 -4178
 -4715
 -5222
 -5697
 -6137
 -6541
 -6904
 -7228
 -7506
 -7738
 -7923
 -8061
 -8150
 -8189
 -8178
 -8118
 -8009
 -7851
 -7646
 -7394
 -7096
 -6756
 -6376
 -5956
 -5501
 -5012
 -4491
 -3944
 -3374
 -2783
 -2176
 -1555
  -922
  -286
   349
   984
  1613
  2233
  2842
  3431
  3999
  4543
  5059
  5545
  5999
  6415
  6792
  7127
  7420
  7667
  7868
  8022
  8126
  8182
  8187
  8143
  8050
  7907
  7717
  7480
  7198
  6872
  6505
  6096
  5652
  5173
  4664
  4126
  3563
  2976
  2373
  1756
  1129
   494
  -143
  -783
 -1414
 -2038
 -2648
 -3243
 -3818
 -4373
 -4899
 -5394
 -5857
 -6285
 -6674
 -7023
 -7331
 -7593
 -7809
 -7978
 -8098
 -8169
 -8191
 -8163
 -8085
 -7958
 -7784
 -7562
 -7292
 -6980
 -6626
 -6231
 -5799
 -5331
 -4829
 -4300
 -3745
 -3167
 -2570
 -1957
 -1329
  -697
   -60
   574
  1208
  1835
  2450
  3053
  3635
  4195
  4730
  5235
  5709
  6151
  6553
  6915
  7236
  7513
  7744
  7929
  8065
  8152
  8189
  8177
  8116
  8005
  7845
  7638
  7385
  7087
  6746
  6363
  5942
  5486
  4996
  4476
  3929
  3358
  2764
  2156
  1535
   904
   269
  -369
 -1007
 -1637
 -2256
 -2861
 -3450
 -4017
 -4563
 -5078
 -5562
 -6013
 -6428
 -6803
 -7139
 -7429
 -7675
 -7874
 -8026
 -8129
 -8183
 -8187
 -8141
 -8046
 -7902
 -7710
 -7472
 -7187
 -6859
 -6490
 -6082
 -5637
 -5158
 -4645
 -4106
 -3542
 -2957
 -2354
 -1736
 -1106
  -471
   163
   800
  1431
  2054
  2668
  3262
  3836
  4388
  4912
  5407
  5872
  6298
  6686
  7034
  7339
  7600
  7815
  7982
  8101
  8171
  8191
  8161
  8082
  7954
  7777
  7554
  7285
  6971
  6616
  6218
  5784
  5316
  4815
  4285
  3729
  3148
  2550
  1937
  1312
   679
    42
  -598
 -1231
 -1858
 -2472
 -3072
 -3653
 -4215
 -4749
 -5253
 -5726
 -6164
 -6565
 -6926
 -7247
 -7522
 -7751
 -7934
 -8068
 -8154
 -8190
 -8176
 -8113
 -8000
 -7839
 -7631
 -7375
 -7075
 -6733
 -6350
 -5928
 -5471
 -4977
 -4456
 -3908
 -3337
 -2745
 -2136
 -1512
  -881
  -245
   389
  1025
  1654
  2272
  2881
  3468
  4035
  4577
  5091
  5575
  6027
  6440
  6814
  7147
  7437
  7681
  7880
  8030
  8131
  8183
  8186
  8139
  8042
  7897
  7703
  7463
  7178
  6850
  6478
  6068
  5622
  5142
  4630
  4091
  3524
  2938
  2334
  1717
  1088
   454
  -184
  -823
 -1455
 -2077
 -2687
 -3281
 -3854
 -4408
 -4931
 -5425
 -5886
 -6311
 -6698
 -7046
 -7350
 -7609
 -7821
 -7987
 -8104
 -8172
 -8191
 -8159
 -8078
 -7949
 -7771
 -7545
 -7274
 -6959
 -6602
 -6205
 -5770
 -5300
 -4796
 -4265
 -3708
 -3129
 -2531
 -1917
 -1289
  -656
   -19
   615
  1249
  1874
  2492
  3091
  3672
  4230
  4763
  5267
  5741
  6178
  6577
  6937
  7255
  7529
  7758
  7939
  8072
  8156
  8190
  8175
  8110
  7996
  7833
  7624
  7367
  7067
  6723
  6337
  5914
  5455
  4964
  4442
  3893
  3318
  2726
  2117
  1495
   864
   228
  -413
 -1048
 -1677
 -2295
 -2900
 -3487
 -4055
 -4597
 -5110
 -5592
 -6041
 -6453
 -6827
 -7159
 -7447
 -7689
 -7886
 -8034
 -8134
 -8184
 -8185
 -8136
 -8038
 -7891
 -7696
 -7454
 -7167
 -6837
 -6465
 -6055
 -5607
 -5123
 -4611
 -4070
 -3505
 -2919
 -2315
 -1693
 -1065
  -430
   204
   840
  1472
  2097
  2706
  3299
  3873
  4422
  4945
  5438
  5900
  6324
  6710
  7055
  7357
  7615
  7827
  7991
  8107
  8173
  8190
  8158
  8075
  7944
  7764
  7538
  7266
  6950
  6590
  6191
  5755
  5285
  4782
  4250
  3690
  3110
  2511
  1897
  1272
   639
     2
  -639
 -1272
 -1897
 -2511
 -3110
 -3690
 -4250
 -4782
 -5285
 -5755
 -6191
 -6590
 -6950
 -7266
 -7538
 -7764
 -7944
 -8075
 -8158
 -8190
 -8173
 -8107
 -7991
 -7827
 -7615
 -7357
 -7055
 -6710
 -6324
 -5900
 -5438
 -4945
 -4422
 -3873
 -3299
 -2706
 -2097
 -1472
  -840
  -204
   430
  1065
  1693
  2315
  2919
  3505
  4070
  4611
  5123
  5607
  6055
  6465
  6837
  7167
  7454
  7696
  7891
  8038
  8136
  8185
  8184
  8134
  8034
  7886
  7689
  7447
  7159
  6827
  6453
  6041
  5592
  5110
  4597
  4055
  3487
  2900
  2295
  1677
  1048
   413
  -228
  -864
 -1495
 -2117
 -2726
 -3318
 -3893
 -4442
 -4964
 -5455
 -5914
 -6337
 -6723
 -7067
 -7367
 -7624
 -7833
 -7996
 -8110
 -8175
 -8190
 -8156
 -8072
 -7939
 -7758
 -7529
 -7255
 -6937
 -6577
 -6178
 -5741
 -5267
 -4763
 -4230
 -3672
 -3091
 -2492
 -1874
 -1249
  -615
    19
   656
  1289
  1917
  2531
  3129
  3708
  4265
  4796
  5300
  5770
  6205
  6602
  6959
  7274
  7545
  7771
  7949
  8078
  8159
  8191
  8172
  8104
  7987
  7821
  7609
  7350
  7046
  6698
  6311
  5886
  5425
  4931
  4408
  3854
  3281
  2687
  2077
  1455
   823
   184
  -454
 -1088
 -1717
 -2334
 -2938
 -3524
 -4091
 -4630
 -5142
 -5622
 -6068
 -6478
 -6850
 -7178
 -7463
 -7703
 -7897
 -8042
 -8139
 -8186
 -8183
 -8131
 -8030
 -7880
 -7681
 -7437
 -7147
 -6814
 -6440
 -6027
 -5575
 -5091
 -4577
 -4035
 -3468
 -2881
 -2275
 -1654
 -1025
  -389
   245
   881
  1512
  2136
  2745
  3337
  3908
  4456
  4977
  5471
  5928
  6350
  6733
  7075
  7375
  7631
  7839
  8000
  8113
  8176
  8190
  8154
  8068
  7934
  7751
  7522
  7247
  6928
  6565
  6164
  5726
  5253
  4749
  4215
  3653
  3072
  2472
  1858
  1231
   598
   -42
  -679
 -1312
 -1937
 -2550
 -3148
 -3729
 -4285
 -4815
 -5316
 -5784
 -6218
 -6616
 -6971
 -7285
 -7554
 -7777
 -7954
 -8082
 -8161
 -8191
 -8171
 -8101
 -7982
 -7815
 -7600
 -7339
 -7034
 -6686
 -6298
 -5872
 -5407
 -4912
 -4388
 -3836
 -3262
 -2668
 -2054
 -1431
  -800
  -163
   471
  1106
  1736
  2354
  2957
  3542
  4106
  4645
  5158
  5637
  6082
  6490
  6859
  7187
  7471
  7710
  7902
  8046
  8141
  8187
  8183
  8129
  8026
  7874
  7675
  7429
  7139
  6803
  6428
  6013
  5562
  5078
  4563
  4017
  3450
  2861
  2256
  1637
  1007
   369
  -269
  -904
 -1535
 -2156
 -2764
 -3355
 -3929
 -4476
 -4996
 -5486
 -5942
 -6363
 -6746
 -7087
 -7385
 -7638
 -7845
 -8005
 -8116
 -8177
 -8189
 -8152
 -8065
 -7929
 -7744
 -7513
 -7236
 -6915
 -6553
 -6151
 -5709
 -5235
 -4730
 -4195
 -3635
 -3053
 -2450
 -1835
 -1208
  -574
    60
   697
  1329
  1957
  2570
  3167
  3745
  4300
  4829
  5331
  5799
  6231
  6626
  6980
  7292
  7562
  7784
  7958
  8085
  8163
  8191
  8169
  8098
  7978
  7809
  7593
  7331
  7023
  6674
  6285
  5857
  5394
  4899
  4373
  3818
  3243
  2648
  2038
  1414
   783
   143
  -494
 -1129
 -1756
 -2373
 -2976
 -3563
 -4126
 -4664
 -5173
 -5652
 -6096
 -6505
 -6872
 -7198
 -7480
 -7717
 -7907
 -8050
 -8143
 -8187
 -8182
 -8126
 -8022
 -7869
 -7667
 -7420
 -7127
 -6792
 -6415
 -5999
 -5545
 -5059
 -4543
 -3999
 -3431
 -2842
 -2233
 -1613
  -984
  -349
   286
   922
  1555
  2176
  2783
  3374
  3944
  4491
  5012
  5501
  5956
  6376
  6756
  7096
  7394
  7646
  7851
  8009
  8118
  8178
  8189
  8150
  8061
  7923
  7738
  7506
  7228
  6904
  6541
  6137
  5697
  5222
  4715
  4178
  3617
  3034
  2433
  1818
  1191
   554
   -83
  -720
 -1352
 -1977
 -2589
 -3188
 -3766
 -4320
 -4848
 -5347
 -5813
 -6244
 -6640
 -6993
 -7303
 -7570
 -7790
 -7963
 -8089
 -8165
 -8191
 -8168
 -8095
 -7973
 -7802
 -7584
 -7321
 -7013
 -6663
 -6272
 -5841
 -5377
 -4880
 -4353
 -3800
 -3224
 -2626
 -2015
 -1391
  -759
  -123
   512
  1146
  1776
  2393
  2995
  3579
  4141
  4678
  5189
  5666
  6109
  6515
  6882
  7206
  7489
  7724
  7913
  8053
  8145
  8188
  8181
  8124
  8018
  7863
  7661
  7412
  7117
  6780
  6402
  5985
  5532
  5046
  4526
  3981
  3413
  2823
  2217
  1597
   967
   328
  -309
  -945
 -1575
 -2195
 -2802
 -3395
 -3965
 -4510
 -5028
 -5516
 -5970
 -6390
 -6770
 -7108
 -7403
 -7653
 -7857
 -8014
 -8121
 -8180
 -8188
 -8148
 -8057
 -7917
 -7730
 -7496
 -7217
 -6893
 -6528
 -6124
 -5680
 -5204
 -4696
 -4160
 -3599
 -3015
 -2411
 -1795
 -1168
  -534
   101
   737
  1373
  1996
  2608
  3204
  3781
  4335
  4864
  5362
  5828
  6258
  6650
  7002
  7312
  7577
  7796
  7968
  8092
  8166
  8191
  8166
  8092
  7968
  7797
  7578
  7313
  7002
  6651
  6259
  5829
  5363
  4866
  4336
  3782
  3206
  2610
  1998
  1374
   739
   102
  -535
 -1169
 -1796
 -2412
 -3017
 -3600
 -4161
 -4697
 -5205
 -5681
 -6125
 -6529
 -6894
 -7217
 -7497
 -7731
 -7918
 -8058
 -8148
 -8188
 -8180
 -8121
 -8014
 -7856
 -7652
 -7402
 -7107
 -6769
 -6389
 -5969
 -5515
 -5027
 -4509
 -3964
 -3394
 -2801
 -2194
 -1573
  -943
  -308
   327
   965
  1595
  2215
  2822
  3411
  3980
  4525
  5045
  5531
  5984
  6401
  6779
  7116
  7412
  7660
  7863
  8017
  8124
  8181
  8188
  8145
  8054
  7913
  7724
  7489
  7207
  6882
  6516
  6110
  5668
  5191
  4679
  4142
  3580
  2996
  2394
  1778
  1151
   513
  -124
  -761
 -1393
 -2016
 -2628
 -3226
 -3802
 -4355
 -4881
 -5378
 -5842
 -6273
 -6663
 -7014
 -7322
 -7585
 -7803
 -7973
 -8095
 -8168
 -8191
 -8165
 -8089
 -7963
 -7790
 -7569
 -7302
 -6992
 -6639
 -6245
 -5812
 -5346
 -4847
 -4319
 -3764
 -3187
 -2587
 -1975
 -1351
  -718
   -82
   552
  1190
  1816
  2432
  3033
  3615
  4176
  4714
  5221
  5696
  6136
  6540
  6904
  7227
  7505
  7737
  7923
  8061
  8149
  8189
  8178
  8118
  8009
  7852
  7646
  7395
  7097
  6757
  6377
  5957
  5502
  5014
  4492
  3946
  3375
  2785
  2177
  1556
   923
   287
  -350
  -986
 -1615
 -2235
 -2844
 -3433
 -4001
 -4544
 -5061
 -5546
 -6000
 -6416
 -6792
 -7128
 -7420
 -7668
 -7868
 -8022
 -8127
 -8182
 -8187
 -8143
 -8050
 -7907
 -7717
 -7480
 -7197
 -6871
 -6504
 -6095
 -5651
 -5172
 -4663
 -4125
 -3562
 -2974
 -2372
 -1755
 -1127
  -493
   141
   781
  1413
  2036
  2647
  3242
  3817
  4369
  4897
  5393
  5856
  6284
  6674
  7023
  7331
  7593
  7809
  7977
  8098
  8169
  8191
  8163
  8085
  7959
  7784
  7562
  7293
  6981
  6627
  6232
  5800
  5333
  4830
  4301
  3746
  3168
  2571
  1958
  1331
   698
    61
  -576
 -1210
 -1836
 -2451
 -3055
 -3637
 -4196
 -4731
 -5237
 -5711
 -6152
 -6554
 -6916
 -7237
 -7513
 -7744
 -7929
 -8065
 -8152
 -8189
 -8177
 -8116
 -8004
 -7845
 -7638
 -7385
 -7087
 -6746
 -6362
 -5941
 -5485
 -4995
 -4475
 -3928
 -3357
 -2763
 -2154
 -1533
  -903
  -267
   367
  1006
  1635
  2254
  2860
  3448
  4016
  4561
  5077
  5561
  6012
  6427
  6802
  7138
  7429
  7675
  7874
  8026
  8129
  8183
  8187
  8141
  8046
  7902
  7711
  7473
  7187
  6860
  6491
  6083
  5638
  5159
  4646
  4107
  3543
  2958
  2355
  1738
  1107
   473
  -165
  -801
 -1433
 -2056
 -2669
 -3263
 -3838
 -4389
 -4914
 -5408
 -5873
 -6299
 -6687
 -7035
 -7340
 -7600
 -7816
 -7983
 -8101
 -8171
 -8191
 -8161
 -8082
 -7953
 -7777
 -7553
 -7284
 -6970
 -6615
 -6217
 -5783
 -5315
 -4814
 -4284
 -3728
 -3146
 -2549
 -1935
 -1311
  -678
   -41
   596
  1230
  1856
  2471
  3071
  3652
  4214
  4747
  5252
  5725
  6163
  6564
  6926
  7246
  7521
  7751
  7933
  8068
  8153
  8190
  8176
  8113
  8001
  7840
  7632
  7376
  7076
  6734
  6351
  5929
  5472
  4979
  4458
  3910
  3338
  2746
  2138
  1513
   883
   247
  -391
 -1026
 -1655
 -2274
 -2882
 -3470
 -4036
 -4578
 -5093
 -5576
 -6028
 -6441
 -6815
 -7148
 -7437
 -7682
 -7880
 -8030
 -8132
 -8184
 -8186
 -8139
 -8042
 -7896
 -7703
 -7463
 -7178
 -6849
 -6477
 -6067
 -5621
 -5141
 -4629
 -4089
 -3522
 -2936
 -2333
 -1715
 -1087
  -452
   182
   822
  1453
  2076
  2686
  3279
  3853
  4406
  4930
  5424
  5885
  6310
  6697
  7045
  7349
  7608
  7821
  7987
  8104
  8172
  8191
  8159
  8079
  7949
  7771
  7545
  7275
  6960
  6603
  6206
  5771
  5301
  4797
  4266
  3710
  3130
  2532
  1919
  1290
   657
    20
  -617
 -1250
 -1876
 -2493
 -3093
 -3673
 -4231
 -4764
 -5268
 -5742
 -6179
 -6578
 -6938
 -7256
 -7529
 -7758
 -7939
 -8072
 -8156
 -8190
 -8175
 -8110
 -7996
 -7833
 -7623
 -7367
 -7066
 -6722
 -6336
 -5913
 -5454
 -4962
 -4441
 -3892
 -3317
 -2724
 -2115
 -1493
  -862
  -226
   411
  1046
  1675
  2294
  2898
  3485
  4054
  4595
  5109
  5591
  6040
  6452
  6827
  7158
  7446
  7689
  7885
  8034
  8134
  8184
  8185
  8136
  8038
  7892
  7697
  7454
  7168
  6838
  6466
  6056
  5608
  5125
  4612
  4072
  3507
  2920
  2316
  1695
  1067
   432
  -206
  -842
 -1473
 -2098
 -2708
 -3301
 -3874
 -4423
 -4946
 -5439
 -5901
 -6325
 -6711
 -7056
 -7358
 -7615
 -7828
 -7992
 -8107
 -8174
 -8190
 -8158
 -8075
 -7943
 -7764
 -7537
 -7265
 -6949
 -6589
 -6190
 -5754
 -5283
 -4781
 -4249
 -3689
 -3109
 -2510
 -1896
 -1270
  -637
     0
   637
  1270
  1896
  2510
  3109
  3689
  4249
  4781
  5283
  5754
  6190
  6589
  6949
  7265
  7537
  7764
  7943
  8075
  8158
  8190
  8174
  8107
  7992
  7828
  7615
  7358
  7056
  6711
  6325
  5901
  5439
  4946
  4423
  3874
  3301
  2708
  2098
  1473
   842
   206
  -432
 -1067
 -1695
 -2316
 -2920
 -3507
 -4072
 -4612
 -5125
 -5608
 -6056
 -6466
 -6838
 -7168
 -7454
 -7697
 -7892
 -8038
 -8136
 -8185
 -8184
 -8134
 -8034
 -7885
 -7689
 -7446
 -7158
 -6827
 -6452
 -6040
 -5591
 -5109
 -4595
 -4054
 -3485
 -2898
 -2294
 -1675
 -1046
  -411
   226
   862
  1493
  2115
  2724
  3317
  3892
  4441
  4962
  5454
  5913
  6336
  6722
  7066
  7367
  7623
  7833
  7996
  8110
  8175
  8190
  8156
  8072
  7939
  7758
  7529
  7256
  6938
  6578
  6179
  5742
  5268
  4764
  4231
  3673
  3093
  2493
  1876
  1250
   617
   -20
  -657
 -1290
 -1919
 -2532
 -3130
 -3710
 -4266
 -4797
 -5299
 -5771
 -6206
 -6603
 -6960
 -7275
 -7545
 -7771
 -7949
 -8079
 -8159
 -8191
 -8172
 -8104
 -7987
 -7821
 -7608
 -7349
 -7045
 -6697
 -6310
 -5885
 -5424
 -4930
 -4406
 -3853
 -3279
 -2686
 -2076
 -1453
  -822
  -182
   452
  1087
  1715
  2333
  2936
  3522
  4089
  4629
  5141
  5621
  6067
  6477
  6849
  7178
  7463
  7703
  7896
  8042
  8139
  8186
  8184
  8132
  8030
  7880
  7682
  7437
  7148
  6815
  6441
  6028
  5576
  5093
  4578
  4036
  3470
  2882
  2277
  1655
  1026
   391
  -247
  -883
 -1513
 -2138
 -2746
 -3338
 -3910
 -4458
 -4979
 -5472
 -5929
 -6351
 -6734
 -7076
 -7376
 -7632
 -7840
 -8001
 -8113
 -8176
 -8190
 -8153
 -8068
 -7933
 -7751
 -7521
 -7246
 -6927
 -6564
 -6163
 -5725
 -5252
 -4747
 -4214
 -3652
 -3071
 -2471
 -1856
 -1230
  -596
    41
   678
  1311
  1935
  2549
  3146
  3728
  4284
  4814
  5315
  5783
  6217
  6615
  6970
  7284
  7553
  7777
  7953
  8082
  8161
  8191
  8171
  8101
  7983
  7816
  7600
  7340
  7035
  6687
  6299
  5873
  5408
  4914
  4389
  3838
  3263
  2669
  2056
  1433
   801
   165
  -473
 -1107
 -1738
 -2355
 -2958
 -3543
 -4107
 -4646
 -5159
 -5638
 -6083
 -6491
 -6860
 -7187
 -7471
 -7711
 -7902
 -8046
 -8141
 -8187
 -8183
 -8129
 -8026
 -7874
 -7675
 -7429
 -7138
 -6802
 -6427
 -6012
 -5561
 -5077
 -4561
 -4016
 -3448
 -2860
 -2254
 -1635
 -1006
  -367
   267
   903
  1533
  2154
  2763
  3354
  3928
  4475
  4995
  5485
  5941
  6362
  6746
  7087
  7385
  7638
  7845
  8004
  8116
  8177
  8189
  8152
  8065
  7929
  7744
  7513
  7237
  6916
  6554
  6152
  5711
  5237
  4731
  4196
  3637
  3055
  2451
  1836
  1210
   576
   -61
  -698
 -1331
 -1958
 -2571
 -3168
 -3746
 -4301
 -4830
 -5333
 -5800
 -6232
 -6627
 -6981
 -7293
 -7562
 -7784
 -7959
 -8085
 -8163
 -8191
 -8169
 -8098
 -7977
 -7809
 -7593
 -7331
 -7023
 -6674
 -6284
 -5856
 -5393
 -4897
 -4372
 -3817
 -3242
 -2647
 -2036
 -1413
  -781
  -141
   493
  1127
  1755
  2372
  2974
  3562
  4125
  4663
  5172
  5651
  6095
  6504
  6871
  7197
  7480
  7717
  7907
  8050
  8143
  8187
  8182
  8127
  8022
  7869
  7668
  7420
  7128
  6792
  6416
  6000
  5546
  5061
  4544
  4001
  3433
  2844
  2235
  1615
   986
   350
  -287
  -923
 -1556
 -2177
 -2785
 -3375
 -3946
 -4492
 -5014
 -5502
 -5957
 -6377
 -6757
 -7097
 -7395
 -7646
 -7852
 -8009
 -8118
 -8178
 -8189
 -8149
 -8061
 -7923
 -7737
 -7505
 -7227
 -6904
 -6540
 -6136
 -5696
 -5221
 -4714
 -4176
 -3615
 -3033
 -2432
 -1816
 -1190
  -552
    82
   718
  1351
  1975
  2587
  3187
  3764
  4319
  4847
  5346
  5812
  6243
  6639
  6992
  7302
  7569
  7790
  7963
  8089
  8165
  8191
  8168
  8095
  7973
  7803
  7585
  7322
  7014
  6663
  6273
  5842
  5378
  4881
  4355
  3802
  3226
  2628
  2016
  1393
   761
   124
  -513
 -1148
 -1778
 -2394
 -2996
 -3580
 -4142
 -4679
 -5191
 -5668
 -6110
 -6516
 -6882
 -7207
 -7489
 -7724
 -7913
 -8054
 -8145
 -8188
 -8181
 -8124
 -8017
 -7863
 -7660
 -7412
 -7116
 -6779
 -6401
 -5984
 -5531
 -5045
 -4525
 -3980
 -3411
 -2822
 -2215
 -1595
  -965
  -327
   308
   943
  1573
  2194
  2801
  3394
  3964
  4509
  5027
  5515
  5969
  6389
  6769
  7107
  7402
  7652
  7856
  8014
  8121
  8180
  8188
  8148
  8058
  7918
  7731
  7497
  7217
  6894
  6529
  6125
  5681
  5205
  4697
  4161
  3600
  3017
  2412
  1796
  1169
   535
  -102
  -739
 -1374
 -1998
 -2610
 -3206
 -3782
 -4336
 -4866
 -5363
 -5829
 -6259
 -6651
 -7002
 -7313
 -7578
 -7797
 -7968
 -8092
 -8166
 -8191
 -8166
 -8092
 -7968
 -7796
 -7577
 -7312
 -7002
 -6650
 -6258
 -5828
 -5362
 -4864
 -4335
 -3781
 -3204
 -2608
 -1996
 -1373
  -737
  -101
   534
  1168
  1795
  2411
  3015
  3599
  4160
  4696
  5204
  5680
  6122
  6528
  6893
  7217
  7496
  7730
  7917
  8057
  8148
  8188
  8180
  8121
  8014
  7857
  7653
  7403
  7108
  6770
  6390
  5970
  5516
  5028
  4510
  3965
  3395
  2802
  2195
  1575
   945
   309
  -328
  -967
 -1597
 -2217
 -2823
 -3413
 -3981
 -4526
 -5046
 -5532
 -5985
 -6402
 -6780
 -7117
 -7412
 -7661
 -7863
 -8018
 -8124
 -8181
 -8188
 -8145
 -8053
 -7913
 -7724
 -7489
 -7206
 -6882
 -6515
 -6109
 -5666
 -5189
 -4678
 -4141
 -3579
 -2995
 -2393
 -1776
 -1149
  -512
   123
   759
  1391
  2015
  2626
  3224
  3800
  4353
  4880
  5377
  5841
  6272
  6663
  7013
  7321
  7584
  7802
  7973
  8095
  8168
  8191
  8165
  8089
  7963
  7790
  7570
  7303
  6993
  6640
  6246
  5813
  5347
  4848
  4320
  3766
  3188
  2589
  1977
  1352
   720
    83
  -554
 -1191
 -1818
 -2433
 -3034
 -3617
 -4178
 -4715
 -5222
 -5697
 -6137
 -6541
 -6904
 -7228
 -7506
 -7738
 -7923
 -8061
 -8150
 -8189
 -8178
 -8118
 -8009
 -7851
 -7646
 -7394
 -7096
 -6756
 -6376
 -5956
 -5501
 -5012
 -4491
 -3944
 -3374
 -2783
 -2176
 -1555
  -922
  -286
   349
   984
  1613
  2233
  2842
  3431
  3999
  4543
  5059
  5545
  5999
  6415
  6792
  7127
  7420
  7667
  7868
  8022
  8126
  8182
  8187
  8143
  8050
  7907
  7717
  7480
  7198
  6872
  6505
  6096
  5652
  5173
  4664
  4126
  3563
  2976
  2373
  1756
  1129
   494
  -143
  -783
 -1414
 -2038
 -2648
 -3243
 -3818
 -4370
 -4899
 -5394
 -5857
 -6285
 -6674
 -7023
 -7331
 -7593
 -7809
 -7978
 -8098
 -8169
 -8191
 -8163
 -8085
 -7958
 -7784
 -7562
 -7292
 -6980
 -6626
 -6231
 -5799
 -5331
 -4829
 -4300
 -3745
 -3167
 -2570
 -1957
 -1329
  -697
   -60
   574
  1208
  1835
  2450
  3053
  3635
  4195
  4730
  5235
  5709
  6151
  6553
  6915
  7236
  7513
  7744
  7929
  8065
  8152
  8189
  8177
  8116
  8005
  7845
  7638
  7385
  7087
  6746
  6363
  5942
  5486
  4996
  4476
  3929
  3358
  2764
  2156
  1535
   904
   269
  -369
 -1007
 -1637
 -2256
 -2861
 -3450
 -4017
 -4563
 -5078
 -5562
 -6013
 -6428
 -6803
 -7139
 -7429
 -7675
 -7874
 -8026
 -8129
 -8183
 -8187
 -8141
 -8046
 -7902
 -7710
 -7472
 -7187
 -6859
 -6490
 -6082
 -5637
 -5158
 -4645
 -4106
 -3542
 -2957
 -2354
 -1736
 -1106
  -471
   163
   800
  1431
  2054
  2668
  3262
  3836
  4388
  4912
  5407
  5872
  6298
  6686
  7034
  7339
  7600
  7815
  7982
  8101
  8171
  8191
  8161
  8082
  7954
  7777
  7554
  7285
  6971
  6616
  6218
  5784
  5316
  4815
  4285
  3729
  3148
  2550
  1937
  1312
   679
    42
  -598
 -1231
 -1858
 -2472
 -3072
 -3653
 -4215
 -4749
 -5253
 -5726
 -6164
 -6565
 -6926
 -7247
 -7522
 -7751
 -7934
 -8068
 -8154
 -8190
 -8176
 -8113
 -8000
 -7839
 -7631
 -7375
 -7075
 -6733
 -6350
 -5928
 -5471
 -4977
 -4456
 -3908
 -3337
 -2745
 -2136
 -1512
  -881
  -245
   389
  1025
  1654
  2272
  2881
  3468
  4035
  4577
  5091
  5575
  6027
  6440
  6814
  7147
  7437
  7681
  7880
  8030
  8131
  8183
  8186
  8139
  8042
  7897
  7703
  7463
  7178
  6850
  6478
  6068
  5622
  5142
  4630
  4091
  3524
  2938
  2334
  1717
  1088
   454
  -184
  -823
 -1455
 -2077
 -2687
 -3281
 -3854
 -4408
 -4931
 -5425
 -5886
 -6311
 -6698
 -7046
 -7350
 -7609
 -7821
 -7987
 -8104
 -8172
 -8191
 -8159
 -8078
 -7949
 -7771
 -7545
 -7274
 -6959
 -6602
 -6205
 -5770
 -5300
 -4796
 -4265
 -3708
 -3129
 -2531
 -1917
 -1289
  -656
   -19
   615
  1249
  1874
  2492
  3091
  3672
  4230
  4763
  5267
  5741
  6178
  6577
  6937
  7255
  7529
  7758
  7939
  8072
  8156
  8190
  8175
  8110
  7996
  7833
  7624
  7367
  7067
  6723
  6337
  5914
  5455
  4964
  4442
  3893
  3318
  2726
  2117
  1495
   864
   228
  -413
 -1048
 -1677
 -2295
 -2900
 -3487
 -4055
 -4597
 -5110
 -5592
 -6041
 -6453
 -6827
 -7159
 -7447
 -7689
 -7886
 -8034
 -8134
 -8184
 -8185
 -8136
 -8038
 -7891
 -7696
 -7454
 -7167
 -6837
 -6465
 -6055
 -5607
 -5123
 -4611
 -4070
 -3505
 -2919
 -2315
 -1693
 -1065
  -430
   204
   840
  1472
  2097
  2706
  3299
  3873
  4422
  4945
  5438
  5900
  6324
  6710
  7055
  7357
  7615
  7827
  7991
  8107
  8173
  8190
  8158
  8075
  7944
  7764
  7538
  7266
  6950
  6590
  6191
  5755
  5285
  4782
  4250
  3690
  3110
  2511
  1897
  1272
   639
     2
  -639
 -1272
 -1897
 -2511
 -3110
 -3690
 -4250
 -4782
 -5285
 -5755
 -6191
 -6590
 -6950
 -7266
 -7538
 -7764
 -7944
 -8075
 -8158
 -8190
 -8173
 -8107
 -7991
 -7827
 -7615
 -7357
 -7055
 -6710
 -6324
 -5900
 -5440
 -4945
 -4422
 -3873
 -3299
 -2706
 -2097
 -1472
  -840
  -204
   430
  1065
  1693
  2315
  2919
  3505
  4070
  4611
  5123
  5607
  6055
  6465
  6837
  7167
  7454
  7696
  7891
  8038
  8136
  8185
  8184
  8134
  8034
  7886
  7689
  7447
  7159
  6827
  6453
  6041
  5592
  5110
  4597
  4055
  3487
  2900
  2295
  1677
  1048
   413
  -228
  -864
 -1495
 -2117
 -2726
 -3318
 -3893
 -4442
 -4964
 -5455
 -5914
 -6337
 -6723
 -7067
 -7367
 -7624
 -7833
 -7996
 -8110
 -8175
 -8190
 -8156
 -8072
 -7939
 -7758
 -7529
 -7255
 -6937
 -6577
 -6178
 -5741
 -5267
 -4763
 -4230
 -3672
 -3091
 -2492
 -1874
 -1249
  -615
    19
   656
  1289
  1917
  2531
  3129
  3708
  4265
  4796
  5298
  5770
  6205
  6602
  6959
  7274
  7545
  7771
  7949
  8078
  8159
  8191
  8172
  8104
  7987
  7821
  7609
  7350
  7046
  6698
  6311
  5886
  5425
  4931
  4408
  3854
  3281
  2687
  2077
  1455
   823
   184
  -454
 -1088
 -1717
 -2334
 -2938
 -3524
 -4091
 -4630
 -5142
 -5622
 -6068
 -6478
 -6850
 -7178
 -7463
 -7703
 -7897
 -8042
 -8139
 -8186
 -8183
 -8131
 -8030
 -7880
 -7681
 -7437
 -7147
 -6814
 -6440
 -6027
 -5575
 -5091
 -4577
 -4035
 -3468
 -2881
 -2275
 -1654
 -1025
  -389
   245
   881
  1512
  2136
  2745
  3337
  3908
  4456
  4977
  5471
  5928
  6350
  6733
  7075
  7375
  7631
  7839
  8000
  8113
  8176
  8190
  8154
  8068
  7934
  7751
  7522
  7247
  6928
  6565
  6164
  5726
  5253
  4749
  4215
  3653
  3072
  2472
  1858
  1231
   598
   -42
  -679
 -1312
 -1937
 -2550
 -3148
 -3729
 -4285
 -4815
 -5316
 -5784
 -6218
 -6616
 -6971
 -7285
 -7554
 -7777
 -7954
 -8082
 -8161
 -8191
 -8171
 -8101
 -7982
 -7815
 -7600
 -7339
 -7034
 -6686
 -6298
 -5872
 -5407
 -4912
 -4388
 -3836
 -3262
 -2668
 -2054
 -1431
  -800
  -163
   471
  1106
  1736
  2354
  2957
  3542
  4106
  4645
  5158
  5637
  6082
  6490
  6859
  7187
  7471
  7710
  7902
  8046
  8141
  8187
  8183
  8129
  8026
  7874
  7675
  7429
  7139
  6803
  6428
  6013
  5562
  5078
  4563
  4017
  3450
  2861
  2256
  1637
  1007
   369
  -269
  -904
 -1535
 -2156
 -2764
 -3355
 -3929
 -4476
 -4996
 -5486
 -5942
 -6363
 -6746
 -7087
 -7385
 -7638
 -7845
 -8005
 -8116
 -8177
 -8189
 -8152
 -8065
 -7929
 -7744
 -7513
 -7236
 -6915
 -6553
 -6151
 -5709
 -5235
 -4730
 -4195
 -3635
 -3053
 -2450
 -1835
 -1208
  -574
    60
   697
  1329
  1957
  2570
  3167
  3745
  4300
  4829
  5331
  5799
  6231
  6626
  6980
  7292
  7562
  7784
  7958
  8085
  8163
  8191
  8169
  8098
  7978
  7809
  7593
  7331
  7023
  6674
  6285
  5857
  5394
  4899
  4373
  3818
  3243
  2648
  2038
  1414
   783
   143
  -494
 -1129
 -1756
 -2373
 -2976
 -3563
 -4126
 -4664
 -5173
 -5652
 -6096
 -6505
 -6872
 -7198
 -7480
 -7717
 -7907
 -8050
 -8143
 -8187
 -8182
 -8126
 -8022
 -7869
 -7667
 -7420
 -7127
 -6792
 -6415
 -5999
 -5545
 -5059
 -4543
 -3999
 -3431
 -2842
 -2233
 -1613
  -984
  -349
   286
   922
  1555
  2176
  2783
  3374
  3944
  4491
  5012
  5501
  5956
  6376
  6756
  7096
  7394
  7646
  7851
  8009
  8118
  8178
  8189
  8150
  8061
  7923
  7738
  7506
  7228
  6904
  6541
  6137
  5697
  5222
  4715
  4178
  3617
  3034
  2433
  1818
  1191
   554
   -83
  -720
 -1352
 -1977
 -2589
 -3188
 -3766
 -4320
 -4848
 -5347
 -5813
 -6244
 -6640
 -6993
 -7303
 -7570
 -7790
 -7963
 -8089
 -8165
 -8191
 -8168
 -8095
 -7973
 -7802
 -7584
 -7321
 -7013
 -6663
 -6272
 -5841
 -5377
 -4880
 -4353
 -3800
 -3224
 -2626
 -2015
 -1391
  -759
  -123
   512
  1146
  1776
  2393
  2995
  3579
  4141
  4678
  5189
  5666
  6109
  6515
  6882
  7206
  7489
  7724
  7913
  8053
  8145
  8188
  8181
  8124
  8018
  7863
  7661
  7412
  7117
  6780
  6402
  5985
  5532
  5046
  4529
  3981
  3413
  2823
  2217
  1597
   967
   328
  -309
  -945
 -1575
 -2195
 -2802
 -3395
 -3965
 -4510
 -5028
 -5516
 -5970
 -6390
 -6770
 -7108
 -7403
 -7653
 -7857
 -8014
 -8121
 -8180
 -8188
 -8148
 -8057
 -7917
 -7730
 -7496
 -7217
 -6893
 -6528
 -6124
 -5680
 -5204
 -4696
 -4160
 -3599
 -3015
 -2411
 -1795
 -1168
  -534
   101
   737
  1373
  1996
  2608
  3204
  3781
  4335
  4864
  5362
  5828
  6258
  6650
  7002
  7312
  7577
  7796
  7968
  8092
  8166
  8191
  8166
  8092
  7968
  7797
  7578
  7313
  7002
  6651
  6259
  5829
  5363
  4866
  4336
  3782
  3206
  2610
  1998
  1374
   739
   102
  -535
 -1169
 -1796
 -2412
 -3017
 -3600
 -4161
 -4697
 -5205
 -5681
 -6123
 -6529
 -6894
 -7217
 -7497
 -7731
 -7918
 -8058
 -8148
 -8188
 -8180
 -8121
 -8014
 -7856
 -7652
 -7402
 -7107
 -6769
 -6389
 -5969
 -5515
 -5027
 -4509
 -3964
 -3394
 -2801
 -2194
 -1573
  -943
  -308
   327
   965
  1595
  2215
  2822
  3411
  3980
  4525
  5045
  5531
  5984
  6401
  6779
  7116
  7412
  7660
  7863
  8017
  8124
  8181
  8188
  8145
  8054
  7913
  7724
  7489
  7207
  6882
  6516
  6110
  5668
  5191
  4679
  4142
  3580
  2996
  2394
  1778
  1151
   513
  -124
  -761
 -1393
 -2016
 -2628
 -3226
 -3802
 -4355
 -4881
 -5378
 -5842
 -6273
 -6663
 -7014
 -7322
 -7585
 -7803
 -7973
 -8095
 -8168
 -8191
 -8165
 -8089
 -7963
 -7790
 -7569
 -7302
 -6992
 -6639
 -6245
 -5812
 -5346
 -4847
 -4319
 -3764
 -3187
 -2587
 -1975
 -1351
  -718
   -82
   552
  1190
  1816
  2432
  3033
  3615
  4176
  4714
  5221
  5696
  6136
  6540
  6904
  7227
  7505
  7737
  7923
  8061
  8149
  8189
  8178
  8118
  8009
  7852
  7646
  7395
  7097
  6757
  6377
  5957
  5502
  5014
  4492
  3946
  3375
  2785
  2177
  1556
   923
   287
  -350
  -986
 -1615
 -2235
 -2844
 -3433
 -4001
 -4544
 -5061
 -5546
 -6000
 -6416
 -6792
 -7128
 -7420
 -7668
 -7868
 -8022
 -8127
 -8182
 -8187
 -8143
 -8050
 -7907
 -7717
 -7480
 -7197
 -6871
 -6504
 -6095
 -5651
 -5172
 -4663
 -4125
 -3562
 -2974
 -2372
 -1755
 -1127
  -493
   141
   781
  1413
  2036
  2647
  3242
  3817
  4369
  4897
  5393
  5856
  6284
  6674
  7023
  7331
  7593
  7809
  7977
  8098
  8169
  8191
  8163
  8085
  7959
  7784
  7562
  7293
  6981
  6627
  6232
  5800
  5333
  4830
  4301
  3746
  3168
  2571
  1958
  1331
   698
    61
  -576
 -1210
 -1836
 -2451
 -3055
 -3637
 -4196
 -4731
 -5237
 -5711
 -6152
 -6554
 -6916
 -7237
 -7513
 -7744
 -7929
 -8065
 -8152
 -8189
 -8177
 -8116
 -8004
 -7845
 -7638
 -7385
 -7087
 -6746
 -6362
 -5941
 -5485
 -4995
 -4475
 -3928
 -3357
 -2763
 -2154
 -1533
  -903
  -267
   367
  1006
  1635
  2254
  2860
  3448
  4016
  4561
  5077
  5561
  6012
  6427
  6802
  7138
  7429
  7675
  7874
  8026
  8129
  8183
  8187
  8141
  8046
  7902
  7711
  7473
  7187
  6860
  6491
  6083
  5638
  5159
  4646
  4107
  3543
  2958
  2355
  1738
  1107
   473
  -165
  -801
 -1433
 -2056
 -2669
 -3263
 -3838
 -4389
 -4914
 -5408
 -5873
 -6299
 -6687
 -7035
 -7340
 -7600
 -7816
 -7983
 -8101
 -8171
 -8191
 -8161
 -8082
 -7953
 -7777
 -7553
 -7284
 -6970
 -6615
 -6217
 -5783
 -5315
 -4814
 -4284
 -3728
 -3146
 -2549
 -1935
 -1311
  -678
   -41
   596
  1230
  1856
  2471
  3071
  3652
  4214
  4747
  5252
  5725
  6163
  6564
  6926
  7246
  7521
  7751
  7933
  8068
  8153
  8190
  8176
  8113
  8001
  7840
  7632
  7376
  7076
  6734
  6351
  5929
  5472
  4979
  4458
  3910
  3338
  2746
  2138
  1513
   883
   247
  -391
 -1026
 -1655
 -2274
 -2882
 -3470
 -4036
 -4578
 -5093
 -5576
 -6028
 -6441
 -6815
 -7148
 -7437
 -7682
 -7880
 -8030
 -8132
 -8184
 -8186
 -8139
 -8042
 -7896
 -7703
 -7463
 -7178
 -6849
 -6477
 -6067
 -5621
 -5141
 -4629
 -4089
 -3525
 -2936
 -2333
 -1715
 -1087
  -452
   182
   822
  1453
  2076
  2686
  3279
  3853
  4406
  4930
  5424
  5885
  6310
  6697
  7045
  7349
  7608
  7821
  7987
  8104
  8172
  8191
  8159
  8079
  7949
  7771
  7545
  7275
  6960
  6603
  6206
  5771
  5301
  4797
  4266
  3710
  3130
  2532
  1919
  1290
   657
    20
  -617
 -1250
 -1876
 -2493
 -3093
 -3673
 -4231
 -4764
 -5268
 -5742
 -6179
 -6578
 -6938
 -7256
 -7529
 -7758
 -7939
 -8072
 -8156
 -8190
 -8175
 -8110
 -7996
 -7833
 -7623
 -7367
 -7066
 -6722
 -6336
 -5913
 -5454
 -4962
 -4441
 -3892
 -3317
 -2724
 -2115
 -1493
  -862
  -226
   411
  1046
  1675
  2294
  2898
  3485
  4054
  4595
  5109
  5591
  6040
  6452
  6825
  7158
  7446
  7689
  7885
  8034
  8134
  8184
  8185
  8136
  8038
  7892
  7697
  7454
  7168
  6838
  6466
  6056
  5608
  5125
  4612
  4072
  3507
  2920
  2316
  1695
  1067
   432
  -206
  -842
 -1473
 -2098
 -2708
 -3301
 -3874
 -4423
 -4946
 -5439
 -5901
 -6325
 -6711
 -7056
 -7358
 -7615
 -7828
 -7992
 -8107
 -8174
 -8190
 -8158
 -8075
 -7943
 -7764
 -7537
 -7265
 -6949
 -6589
 -6190
 -5754
 -5283
 -4781
 -4249
 -3689
 -3109
 -2510
 -1896
 -1270
  -637
     0
   637
  1270
  1896
  2510
  3109
  3689
  4249
  4781
  5283
  5754
  6190
  6589
  6949
  7265
  7537
  7764
  7943
  8075
  8158
  8190
  8174
  8107
  7992
  7828
  7615
  7358
  7056
  6711
  6325
  5901
  5441
  4946
  4423
  3874
  3301
  2708
  2098
  1473
   842
   206
  -432
 -1067
 -1695
 -2316
 -2920
 -3507
 -4072
 -4612
 -5125
 -5608
 -6056
 -6466
 -6838
 -7168
 -7454
 -7697
 -7892
 -8038
 -8136
 -8185
 -8184
 -8134
 -8034
 -7885
 -7689
 -7446
 -7158
 -6827
 -6452
 -6040
 -5591
 -5109
 -4595
 -4054
 -3485
 -2898
 -2294
 -1675
 -1046
  -411
   226
   862
  1493
  2115
  2724
  3317
  3892
  4441
  4962
  5454
  5913
  6336
  6722
  7066
  7367
  7623
  7833
  7996
  8110
  8175
  8190
  8156
  8072
  7939
  7758
  7529
  7256
  6938
  6578
  6179
  5742
  5268
  4764
  4231
  3673
  3093
  2493
  1876
  1250
   617
   -20
  -657
 -1290
 -1919
 -2532
 -3130
 -3710
 -4266
 -4797
 -5299
 -5771
 -6206
 -6603
 -6960
 -7275
 -7545
 -7771
 -7949
 -8079
 -8159
 -8191
 -8172
 -8104
 -7987
 -7821
 -7608
 -7349
 -7045
 -6697
 -6310
 -5885
 -5424
 -4930
 -4406
 -3853
 -3279
 -2686
 -2076
 -1453
  -822
  -182
   452
  1087
  1715
  2333
  2936
  3522
  4089
  4629
  5141
  5621
  6067
  6477
  6849
  7178
  7463
  7703
  7896
  8042
  8139
  8186
  8184
  8132
  8030
  7880
  7682
  7437
  7148
  6815
  6441
  6028
  5576
  5093
  4578
  4036
  3470
  2882
  2277
  1655
  1026
   391
  -247
  -883
 -1513
 -2138
 -2746
 -3338
 -3910
 -4458
 -4979
 -5472
 -5929
 -6351
 -6734
 -7076
 -7376
 -7632
 -7840
 -8001
 -8113
 -8176
 -8190
 -8153
 -8068
 -7933
 -7751
 -7521
 -7246
 -6927
 -6564
 -6163
 -5725
 -5252
 -4747
 -4214
 -3652
 -3071
 -2471
 -1856
 -1230
  -596
    41
   678
  1311
  1935
  2549
  3146
  3728
  4284
  4814
  5315
  5783
  6217
  6615
  6970
  7284
  7553
  7777
  7953
  8082
  8161
  8191
  8171
  8101
  7983
  7816
  7600
  7340
  7035
  6687
  6299
  5873
  5408
  4914
  4389
  3838
  3263
  2669
  2056
  1433
   801
   165
  -473
 -1107
 -1738
 -2355
 -2958
 -3543
 -4107
 -4646
 -5159
 -5638
 -6083
 -6491
 -6860
 -7187
 -7471
 -7711
 -7902
 -8046
 -8141
 -8187
 -8183
 -8129
 -8026
 -7874
 -7675
 -7429
 -7138
 -6802
 -6427
 -6012
 -5561
 -5077
 -4561
 -4016
 -3448
 -2860
 -2254
 -1635
 -1006
  -367
   267
   903
  1533
  2154
  2763
  3354
  3928
  4475
  4995
  5485
  5941
  6362
  6746
  7087
  7385
  7638
  7845
  8004
  8116
  8177
  8189
  8152
  8065
  7929
  7744
  7513
  7237
  6916
  6554
  6152
  5711
  5237
  4731
  4196
  3637
  3055
  2451
  1836
  1210
   576
   -61
  -698
 -1331
 -1958
 -2571
 -3168
 -3746
 -4301
 -4830
 -5333
 -5800
 -6232
 -6627
 -6981
 -7293
 -7562
 -7784
 -7959
 -8085
 -8163
 -8191
 -8169
 -8098
 -7977
 -7809
 -7593
 -7331
 -7023
 -6674
 -6284
 -5856
 -5393
 -4897
 -4372
 -3817
 -3242
 -2647
 -2036
 -1413
  -781
  -141
   493
  1127
  1755
  2372
  2974
  3562
  4125
  4663
  5172
  5651
  6095
  6504
  6871
  7197
  7480
  7717
  7907
  8050
  8143
  8187
  8182
  8127
  8022
  7869
  7668
  7420
  7128
  6792
  6416
  6000
  5546
  5061
  4544
  4001
  3433
  2844
  2235
  1615
   986
   350
  -287
  -923
 -1556
 -2177
 -2785
 -3375
 -3946
 -4492
 -5014
 -5502
 -5957
 -6377
 -6757
 -7097
 -7393
 -7646
 -7852
 -8009
 -8118
 -8178
 -8189
 -8149
 -8061
 -7923
 -7737
 -7505
 -7227
 -6904
 -6540
 -6136
 -5696
 -5221
 -4714
 -4176
 -3615
 -3033
 -2432
 -1816
 -1190
  -552
    82
   718
  1351
  1975
  2587
  3187
  3764
  4319
  4847
  5346
  5812
  6243
  6639
  6992
  7302
  7569
  7790
  7963
  8089
  8165
  8191
  8168
  8095
  7973
  7803
  7585
  7322
  7014
  6663
  6273
  5842
  5378
  4881
  4355
  3802
  3226
  2628
  2016
  1393
   761
   124
  -513
 -1148
 -1778
 -2394
 -2996
 -3580
 -4142
 -4679
 -5191
 -5668
 -6110
 -6516
 -6882
 -7207
 -7489
 -7724
 -7913
 -8054
 -8145
 -8188
 -8181
 -8124
 -8017
 -7863
 -7660
 -7412
 -7116
 -6779
 -6401
 -5984
 -5531
 -5045
 -4527
 -3980
 -3411
 -2822
 -2215
 -1595
  -965
  -327
   308
   943
  1573
  2194
  2801
  3394
  3964
  4509
  5027
  5515
  5969
  6389
  6769
  7107
  7402
  7652
  7856
  8014
  8121
  8180
  8188
  8148
  8058
  7918
  7731
  7497
  7217
  6894
  6529
  6125
  5681
  5205
  4697
  4161
  3600
  3017
  2412
  1796
  1169
   535
  -102
  -739
 -1374
 -1998
 -2610
 -3206
 -3782
 -4336
 -4866
 -5363
 -5829
 -6259
 -6651
 -7002
 -7313
 -7578
 -7797
 -7968
 -8092
 -8166
 -8191
 -8166
 -8092
 -7968
 -7796
 -7577
 -7312
 -7002
 -6650
 -6258
 -5828
 -5362
 -4864
 -4335
 -3781
 -3204
 -2608
 -1996
 -1373
  -737
  -101
   534
  1168
  1795
  2411
  3015
  3599
  4160
  4696
  5204
  5680
  6122
  6528
  6893
  7217
  7496
  7730
  7917
  8057
  8148
  8188
  8180
  8121
  8014
  7857
  7653
  7403
  7108
  6770
  6390
  5970
  5516
  5028
  4510
  3965
  3395
  2802
  2195
  1575
   945
   309
  -328
  -967
 -1597
 -2217
 -2823
 -3413
 -3981
 -4526
 -5046
 -5532
 -5985
 -6402
 -6780
 -7117
 -7412
 -7661
 -7863
 -8018
 -8124
 -8181
 -8188
 -8145
 -8053
 -7913
 -7724
 -7489
 -7206
 -6882
 -6515
 -6109
 -5666
 -5189
 -4678
 -4141
 -3579
 -2995
 -2393
 -1776
 -1149
  -512
   123
   759
  1391
  2015
  2626
  3224
  3800
  4353
  4880
  5377
  5841
  6272
  6663
  7013
  7321
  7584
  7802
  7973
  8095
  8168
  8191
  8165
  8089
  7963
  7790
  7570
  7303
  6993
  6640
  6246
  5813
  5347
  4848
  4320
  3766
  3188
  2589
  1977
  1352
   720
    83
  -554
 -1191
 -1818
 -2433
 -3034
 -3617
 -4178
 -4715
 -5222
 -5697
 -6137
 -6541
 -6904
 -7228
 -7506
 -7738
 -7923
 -8061
 -8150
 -8189
 -8178
 -8118
 -8009
 -7851
 -7646
 -7394
 -7096
 -6756
 -6376
 -5956
 -5501
 -5012
 -4491
 -3944
 -3374
 -2783
 -2176
 -1555
  -922
  -286
   349
   984
  1613
  2233
  2842
  3431
  3999
  4543
  5059
  5545
  5999
  6415
  6792
  7127
  7420
  7667
  7868
  8022
  8126
  8182
  8187
  8143
  8050
  7907
  7717
  7480
  7198
  6872
  6505
  6096
  5652
  5173
  4664
  4126
  3563
  2976
  2373
  1756
  1129
   494
  -143
  -783
 -1414
 -2038
 -2648
 -3243
 -3818
 -4370
 -4899
 -5394
 -5857
 -6285
 -6674
 -7023
 -7331
 -7593
 -7809
 -7978
 -8098
 -8169
 -8191
 -8163
 -8085
 -7958
 -7784
 -7562
 -7292
 -6980
 -6626
 -6231
 -5799
 -5331
 -4829
 -4300
 -3745
 -3167
 -2570
 -1957
 -1329
  -697
   -60
   574
  1208
  1835
  2450
  3053
  3635
  4195
  4730
  5235
  5709
  6151
  6553
  6915
  7236
  7513
  7744
  7929
  8065
  8152
  8189
  8177
  8116
  8005
  7845
  7638
  7385
  7087
  6746
  6363
  5942
  5486
  4996
  4476
  3929
  3358
  2764
  2156
  1535
   904
   269
  -369
 -1007
 -1637
 -2256
 -2861
 -3450
 -4017
 -4563
 -5078
 -5562
 -6013
 -6428
 -6803
 -7139
 -7429
 -7675
 -7874
 -8026
 -8129
 -8183
 -8187
 -8141
 -8046
 -7902
 -7710
 -7472
 -7187
 -6859
 -6490
 -6082
 -5637
 -5158
 -4645
 -4106
 -3542
 -2957
 -2354
 -1736
 -1106
  -471
   163
   800
  1431
  2054
  2668
  3262
  3836
  4388
  4912
  5407
  5872
  6298
  6686
  7034
  7339
  7600
  7814
  7982
  8101
  8171
  8191
  8161
  8082
  7954
  7777
  7554
  7285
  6971
  6616
  6218
  5784
  5316
  4815
  4285
  3729
  3148
  2550
  1937
  1312
   679
    42
  -598
 -1231
 -1858
 -2472
 -3072
 -3653
 -4215
 -4749
 -5253
 -5726
 -6164
 -6565
 -6926
 -7247
 -7522
 -7751
 -7934
 -8068
 -8154
 -8190
 -8176
 -8113
 -8000
 -7839
 -7631
 -7375
 -7075
 -6733
 -6350
 -5928
 -5471
 -4977
 -4456
 -3908
 -3337
 -2745
 -2136
 -1512
  -881
  -245
   389
  1025
  1654
  2272
  2881
  3468
  4035
  4577
  5091
  5575
  6027
  6440
  6814
  7147
  7437
  7681
  7880
  8030
  8131
  8183
  8186
  8139
  8042
  7897
  7703
  7463
  7178
  6850
  6478
  6068
  5622
  5142
  4630
  4091
  3526
  2938
  2334
  1717
  1088
   454
  -184
  -823
 -1455
 -2077
 -2687
 -3281
 -3854
 -4408
 -4931
 -5425
 -5886
 -6311
 -6698
 -7046
 -7350
 -7609
 -7821
 -7987
 -8104
 -8172
 -8191
 -8159
 -8078
 -7949
 -7771
 -7545
 -7274
 -6959
 -6602
 -6205
 -5770
 -5300
 -4796
 -4265
 -3708
 -3129
 -2531
 -1917
 -1289
  -656
   -19
   615
  1249
  1874
  2492
  3091
  3672
  4230
  4763
  5267
  5741
  6178
  6577
  6937
  7255
  7529
  7758
  7939
  8072
  8156
  8190
  8175
  8110
  7996
  7833
  7624
  7367
  7067
  6723
  6337
  5914
  5455
  4964
  4442
  3893
  3318
  2726
  2117
  1495
   864
   228
  -413
 -1048
 -1677
 -2295
 -2900
 -3487
 -4055
 -4597
 -5110
 -5592
 -6041
 -6453
 -6826
 -7159
 -7447
 -7689
 -7886
 -8034
 -8134
 -8184
 -8185
 -8136
 -8038
 -7891
 -7696
 -7454
 -7167
 -6837
 -6465
 -6055
 -5607
 -5123
 -4611
 -4070
 -3505
 -2919
 -2315
 -1693
 -1065
  -430
   204
   840
  1472
  2097
  2706
  3299
  3873
  4422
  4945
  5438
  5900
  6324
  6710
  7055
  7357
  7615
  7827
  7991
  8107
  8173
  8190
  8158
  8075
  7944
  7764
  7538
  7266
  6950
  6590
  6191
  5755
  5285
  4782
  4250
  3690
  3110
  2511
  1897
  1272
   639
     2
  -639
 -1272
 -1897
 -2511
 -3110
 -3690
 -4250
 -4782
 -5285
 -5755
 -6191
 -6590
 -6950
 -7266
 -7538
 -7764
 -7944
 -8075
 -8158
 -8190
 -8173
 -8107
 -7991
 -7827
 -7615
 -7357
 -7055
 -6710
 -6324
 -5900
 -5440
 -4945
 -4422
 -3873
 -3299
 -2706
 -2097
 -1472
  -840
  -204
   430
  1065
  1693
  2315
  2919
  3505
  4070
  4611
  5123
  5607
  6055
  6465
  6837
  7167
  7454
  7696
  7891
  8038
  8136
  8185
  8184
  8134
  8034
  7886
  7689
  7447
  7159
  6827
  6453
  6041
  5592
  5110
  4597
  4055
  3487
  2900
  2295
  1677
  1048
   413
  -228
  -864
 -1495
 -2117
 -2726
 -3318
 -3893
 -4442
 -4964
 -5455
 -5914
 -6337
 -6723
 -7067
 -7367
 -7624
 -7833
 -7996
 -8110
 -8175
 -8190
 -8156
 -8072
 -7939
 -7758
 -7529
 -7255
 -6937
 -6577
 -6178
 -5741
 -5267
 -4763
 -4230
 -3672
 -3091
 -2492
 -1874
 -1249
  -615
    19
   656
  1289
  1917
  2531
  3129
  3708
  4265
  4796
  5298
  5770
  6205
  6602
  6959
  7274
  7545
  7771
  7949
  8078
  8159
  8191
  8172
  8104
  7987
  7821
  7609
  7350
  7046
  6698
  6311
  5886
  5425
  4931
  4408
  3854
  3281
  2687
  2077
  1455
   823
   184
  -454
 -1088
 -1717
 -2334
 -2938
 -3524
 -4091
 -4630
 -5142
 -5622
 -6068
 -6478
 -6850
 -7178
 -7463
 -7703
 -7897
 -8042
 -8139
 -8186
 -8183
 -8131
 -8030
 -7880
 -7681
 -7437
 -7147
 -6814
 -6440
 -6027
 -5575
 -5091
 -4577
 -4035
 -3468
 -2881
 -2275
 -1654
 -1025
  -389
   245
   881
  1512
  2136
  2745
  3337
  3908
  4456
  4977
  5471
  5928
  6350
  6733
  7075
  7375
  7631
  7839
  8000
  8113
  8176
  8190
  8154
  8068
  7934
  7751
  7522
  7247
  6928
  6565
  6164
  5726
  5253
  4749
  4215
  3653
  3072
  2472
  1858
  1231
   598
   -42
  -679
 -1312
 -1937
 -2550
 -3148
 -3729
 -4285
 -4815
 -5316
 -5784
 -6218
 -6616
 -6971
 -7285
 -7554
 -7777
 -7954
 -8082
 -8161
 -8191
 -8171
 -8101
 -7982
 -7815
 -7600
 -7339
 -7034
 -6686
 -6298
 -5872
 -5407
 -4912
 -4388
 -3836
 -3262
 -2668
 -2054
 -1431
  -800
  -163
   471
  1106
  1736
  2354
  2957
  3542
  4106
  4645
  5158
  5637
  6082
  6490
  6859
  7187
  7471
  7710
  7902
  8046
  8141
  8187
  8183
  8129
  8026
  7874
  7675
  7429
  7139
  6803
  6428
  6013
  5562
  5078
  4563
  4017
  3450
  2861
  2256
  1637
  1007
   369
  -269
  -904
 -1535
 -2156
 -2764
 -3355
 -3929
 -4476
 -4996
 -5486
 -5942
 -6363
 -6746
 -7087
 -7385
 -7638
 -7845
 -8005
 -8116
 -8177
 -8189
 -8152
 -8065
 -7929
 -7744
 -7513
 -7236
 -6915
 -6553
 -6151
 -5709
 -5235
 -4730
 -4195
 -3635
 -3053
 -2453
 -1835
 -1208
  -574
    60
   697
  1329
  1957
  2570
  3167
  3745
  4300
  4829
  5331
  5799
  6231
  6626
  6980
  7292
  7562
  7784
  7958
  8085
  8163
  8191
  8169
  8098
  7978
  7809
  7593
  7331
  7023
  6674
  6285
  5857
  5394
  4899
  4373
  3818
  3243
  2648
  2038
  1414
   783
   143
  -494
 -1129
 -1756
 -2373
 -2976
 -3563
 -4126
 -4664
 -5173
 -5652
 -6096
 -6505
 -6872
 -7198
 -7480
 -7717
 -7907
 -8050
 -8143
 -8187
 -8182
 -8126
 -8022
 -7869
 -7667
 -7420
 -7127
 -6792
 -6415
 -5999
 -5545
 -5059
 -4543
 -3999
 -3431
 -2842
 -2233
 -1613
  -984
  -349
   286
   922
  1555
  2176
  2783
  3374
  3944
  4491
  5012
  5501
  5956
  6376
  6756
  7096
  7393
  7646
  7851
  8009
  8118
  8178
  8189
  8150
  8061
  7923
  7738
  7506
  7228
  6904
  6541
  6137
  5697
  5222
  4715
  4178
  3617
  3034
  2433
  1818
  1191
   554
   -83
  -720
 -1352
 -1977
 -2589
 -3188
 -3766
 -4320
 -4848
 -5347
 -5813
 -6244
 -6640
 -6993
 -7303
 -7570
 -7790
 -7963
 -8089
 -8165
 -8191
 -8168
 -8095
 -7973
 -7802
 -7584
 -7321
 -7013
 -6663
 -6272
 -5841
 -5377
 -4880
 -4353
 -3800
 -3224
 -2626
 -2015
 -1391
  -759
  -123
   512
  1146
  1776
  2393
  2995
  3579
  4141
  4678
  5189
  5666
  6109
  6515
  6882
  7206
  7489
  7724
  7913
  8053
  8145
  8188
  8181
  8124
  8018
  7863
  7661
  7412
  7117
  6780
  6402
  5985
  5532
  5046
  4529
  3981
  3413
  2823
  2217
  1597
   967
   328
  -309
  -945
 -1575
 -2195
 -2802
 -3395
 -3965
 -4510
 -5028
 -5516
 -5970
 -6390
 -6770
 -7108
 -7403
 -7653
 -7857
 -8014
 -8121
 -8180
 -8188
 -8148
 -8057
 -7917
 -7730
 -7496
 -7217
 -6893
 -6528
 -6124
 -5680
 -5204
 -4696
 -4160
 -3599
 -3015
 -2411
 -1795
 -1168
  -534
   101
   737
  1373
  1996
  2608
  3204
  3781
  4335
  4864
  5362
  5828
  6258
  6650
  7002
  7312
  7577
  7796
  7968
  8092
  8166
  8191
  8166
  8092
  7968
  7797
  7578
  7313
  7002
  6651
  6259
  5829
  5363
  4866
  4336
  3782
  3206
  2610
  1998
  1374
   739
   102
  -535
 -1169
 -1796
 -2412
 -3017
 -3600
 -4161
 -4697
 -5205
 -5681
 -6123
 -6529
 -6894
 -7217
 -7497
 -7731
 -7918
 -8058
 -8148
 -8188
 -8180
 -8121
 -8014
 -7856
 -7652
 -7402
 -7107
 -6769
 -6389
 -5969
 -5515
 -5027
 -4509
 -3964
 -3394
 -2801
 -2194
 -1573
  -943
  -308
   327
   965
  1595
  2215
  2822
  3411
  3980
  4525
  5045
  5531
  5984
  6401
  6779
  7116
  7412
  7660
  7863
  8017
  8124
  8181
  8188
  8145
  8054
  7913
  7724
  7489
  7207
  6882
  6516
  6110
  5668
  5191
  4679
  4142
  3580
  2996
  2394
  1778
  1151
   513
  -124
  -761
 -1393
 -2016
 -2628
 -3226
 -3802
 -4355
 -4881
 -5378
 -5842
 -6273
 -6663
 -7014
 -7322
 -7585
 -7803
 -7973
 -8095
 -8168
 -8191
 -8165
 -8089
 -7963
 -7790
 -7569
 -7302
 -6992
 -6639
 -6245
 -5812
 -5346
 -4847
 -4319
 -3764
 -3187
 -2587
 -1975
 -1351
  -718
   -82
   552
  1190
  1816
  2432
  3033
  3615
  4176
  4714
  5221
  5696
  6136
  6540
  6904
  7227
  7505
  7737
  7923
  8061
  8149
  8189
  8178
  8118
  8009
  7852
  7646
  7395
  7097
  6757
  6377
  5957
  5502
  5014
  4492
  3946
  3375
  2785
  2177
  1556
   923
   287
  -350
  -986
 -1615
 -2235
 -2844
 -3433
 -4001
 -4544
 -5061
 -5546
 -6000
 -6416
 -6792
 -7128
 -7420
 -7668
 -7868
 -8022
 -8127
 -8182
 -8187
 -8143
 -8050
 -7907
 -7717
 -7480
 -7197
 -6871
 -6504
 -6095
 -5651
 -5172
 -4663
 -4125
 -3562
 -2974
 -2372
 -1755
 -1127
  -493
   141
   781
  1413
  2036
  2647
  3242
  3817
  4369
  4897
  5393
  5856
  6284
  6674
  7023
  7331
  7593
  7809
  7977
  8098
  8169
  8191
  8163
  8085
  7959
  7784
  7562
  7293
  6981
  6627
  6232
  5800
  5333
  4830
  4301
  3746
  3168
  2571
  1958
  1334
   698
    61
  -576
 -1210
 -1836
 -2451
 -3055
 -3637
 -4196
 -4731
 -5237
 -5711
 -6152
 -6554
 -6916
 -7237
 -7513
 -7744
 -7929
 -8065
 -8152
 -8189
 -8177
 -8116
 -8004
 -7845
 -7638
 -7385
 -7087
 -6746
 -6362
 -5941
 -5485
 -4995
 -4475
 -3928
 -3357
 -2763
 -2154
 -1533
  -903
  -267
   367
  1006
  1635
  2254
  2860
  3448
  4016
  4561
  5077
  5561
  6012
  6427
  6802
  7138
  7429
  7675
  7874
  8026
  8129
  8183
  8187
  8141
  8046
  7902
  7711
  7473
  7187
  6860
  6491
  6083
  5638
  5159
  4646
  4107
  3543
  2958
  2355
  1738
  1107
   473
  -165
  -801
 -1433
 -2056
 -2669
 -3263
 -3838
 -4389
 -4914
 -5408
 -5873
 -6299
 -6687
 -7035
 -7340
 -7600
 -7815
 -7983
 -8101
 -8171
 -8191
 -8161
 -8082
 -7953
 -7777
 -7553
 -7284
 -6970
 -6615
 -6217
 -5783
 -5315
 -4814
 -4284
 -3728
 -3146
 -2549
 -1935
 -1311
  -678
   -41
   596
  1230
  1856
  2471
  3071
  3652
  4214
  4747
  5252
  5725
  6163
  6564
  6926
  7246
  7521
  7751
  7933
  8068
  8153
  8190
  8176
  8113
  8001
  7840
  7632
  7376
  7076
  6734
  6351
  5929
  5472
  4979
  4458
  3910
  3338
  2746
  2138
  1513
   883
   247
  -391
 -1026
 -1655
 -2274
 -2882
 -3470
 -4036
 -4578
 -5093
 -5576
 -6028
 -6441
 -6815
 -7148
 -7437
 -7682
 -7880
 -8030
 -8132
 -8184
 -8186
 -8139
 -8042
 -7896
 -7703
 -7463
 -7178
 -6849
 -6477
 -6067
 -5621
 -5141
 -4629
 -4089
 -3525
 -2936
 -2333
 -1715
 -1087
  -452
   182
   822
  1453
  2076
  2686
  3279
  3853
  4406
  4930
  5424
  5885
  6310
  6697
  7045
  7349
  7608
  7821
  7987
  8104
  8172
  8191
  8159
  8079
  7949
  7771
  7545
  7275
  6960
  6603
  6206
  5771
  5301
  4797
  4266
  3710
  3130
  2532
  1919
  1290
   657
    20
  -617
 -1250
 -1876
 -2493
 -3093
 -3673
 -4231
 -4764
 -5268
 -5742
 -6179
 -6578
 -6938
 -7256
 -7529
 -7758
 -7939
 -8072
 -8156
 -8190
 -8175
 -8110
 -7996
 -7833
 -7623
 -7367
 -7066
 -6722
 -6336
 -5913
 -5454
 -4962
 -4441
 -3892
 -3317
 -2724
 -2115
 -1493
  -862
  -226
   411
  1046
  1675
  2294
  2898
  3485
  4054
  4595
  5109
  5591
  6040
  6452
  6825
  7158
  7446
  7689
  7885
  8034
  8134
  8184
  8185
  8136
  8038
  7892
  7697
  7454
  7168
  6838
  6466
  6056
  5608
  5125
  4612
  4072
  3507
  2920
  2316
  1695
  1067
   432
  -206
  -842
 -1473
 -2098
 -2708
 -3301
 -3874
 -4423
 -4946
 -5439
 -5901
 -6325
 -6711
 -7056
 -7358
 -7615
 -7828
 -7992
 -8107
 -8174
 -8190
 -8158
 -8075
 -7943
 -7764
 -7537
 -7265
 -6949
 -6589
 -6190
 -5754
 -5283
 -4781
 -4249
 -3689
 -3109
 -2510
 -1896
 -1270
  -637
     0
   637
  1270
  1896
  2510
  3109
  3689
  4249
  4781
  5283
  5754
  6190
  6589
  6949
  7265
  7537
  7764
  7943
  8075
  8158
  8190
  8174
  8107
  7992
  7828
  7615
  7358
  7056
  6711
  6325
  5901
  5441
  4946
  4423
  3874
  3301
  2708
  2098
  1473
   842
   206
  -432
 -1067
 -1695
 -2316
 -2920
 -3507
 -4072
 -4612
 -5125
 -5608
 -6056
 -6466
 -6838
 -7168
 -7454
 -7697
 -7892
 -8038
 -8136
 -8185
 -8184
 -8134
 -8034
 -7885
 -7689
 -7446
 -7158
 -6827
 -6452
 -6040
 -5591
 -5109
 -4595
 -4054
 -3485
 -2898
 -2294
 -1675
 -1046
  -411
   226
   862
  1493
  2115
  2724
  3317
  3892
  4441
  4962
  5454
  5913
  6336
  6722
  7066
  7367
  7623
  7833
  7996
  8110
  8175
  8190
  8156
  8072
  7939
  7758
  7529
  7256
  6938
  6578
  6179
  5742
  5268
  4764
  4231
  3673
  3093
  2493
  1876
  1250
   617
   -20
  -657
 -1290
 -1919
 -2532
 -3130
 -3710
 -4266
 -4797
 -5299
 -5771
 -6206
 -6603
 -6960
 -7275
 -7545
 -7771
 -7949
 -8079
 -8159
 -8191
 -8172
 -8104
 -7987
 -7821
 -7608
 -7349
 -7045
 -6697
 -6310
 -5885
 -5424
 -4930
 -4406
 -3853
 -3279
 -2686
 -2076
 -1453
  -822
  -185
   452
  1087
  1715
  2333
  2936
  3522
  4089
  4629
  5141
  5621
  6067
  6477
  6849
  7178
  7463
  7703
  7896
  8042
  8139
  8186
  8184
  8132
  8030
  7880
  7682
  7437
  7148
  6815
  6441
  6028
  5576
  5093
  4578
  4036
  3470
  2882
  2277
  1655
  1026
   391
  -247
  -883
 -1513
 -2138
 -2746
 -3338
 -3910
 -4458
 -4979
 -5472
 -5929
 -6351
 -6734
 -7076
 -7376
 -7632
 -7840
 -8001
 -8113
 -8176
 -8190
 -8153
 -8068
 -7933
 -7751
 -7521
 -7246
 -6927
 -6564
 -6163
 -5725
 -5252
 -4747
 -4214
 -3652
 -3071
 -2471
 -1856
 -1230
  -596
    41
   678
  1311
  1935
  2549
  3146
  3728
  4284
  4814
  5315
  5783
  6217
  6615
  6970
  7284
  7553
  7777
  7953
  8082
  8161
  8191
  8171
  8101
  7983
  7816
  7600
  7340
  7035
  6687
  6299
  5873
  5408
  4914
  4389
  3838
  3263
  2669
  2056
  1433
   801
   165
  -473
 -1107
 -1738
 -2355
 -2958
 -3543
 -4107
 -4646
 -5159
 -5638
 -6083
 -6491
 -6860
 -7187
 -7471
 -7711
 -7902
 -8046
 -8141
 -8187
 -8183
 -8129
 -8026
 -7874
 -7675
 -7429
 -7138
 -6802
 -6427
 -6012
 -5561
 -5077
 -4561
 -4016
 -3448
 -2860
 -2254
 -1635
 -1006
  -367
   267
   903
  1533
  2154
  2763
  3354
  3928
  4475
  4995
  5485
  5941
  6362
  6746
  7087
  7385
  7638
  7845
  8004
  8116
  8177
  8189
  8152
  8065
  7929
  7744
  7513
  7237
  6916
  6554
  6152
  5711
  5237
  4731
  4196
  3637
  3055
  2454
  1836
  1210
   576
   -61
  -698
 -1331
 -1958
 -2571
 -3168
 -3746
 -4301
 -4830
 -5333
 -5800
 -6232
 -6627
 -6981
 -7293
 -7562
 -7784
 -7959
 -8085
 -8163
 -8191
 -8169
 -8098
 -7977
 -7809
 -7593
 -7331
 -7023
 -6674
 -6284
 -5856
 -5393
 -4897
 -4372
 -3817
 -3242
 -2647
 -2036
 -1413
  -781
  -141
   493
  1127
  1755
  2372
  2974
  3562
  4125
  4663
  5172
  5651
  6095
  6504
  6871
  7197
  7480
  7717
  7907
  8050
  8143
  8187
  8182
  8127
  8022
  7869
  7668
  7420
  7128
  6792
  6416
  6000
  5546
  5061
  4544
  4001
  3433
  2844
  2235
  1615
   986
   350
  -287
  -923
 -1556
 -2177
 -2785
 -3375
 -3946
 -4492
 -5014
 -5502
 -5957
 -6377
 -6757
 -7097
 -7393
 -7646
 -7852
 -8009
 -8118
 -8178
 -8189
 -8149
 -8061
 -7923
 -7737
 -7505
 -7227
 -6904
 -6540
 -6136
 -5696
 -5221
 -4714
 -4176
 -3615
 -3033
 -2432
 -1816
 -1190
  -552
    82
   718
  1351
  1975
  2587
  3187
  3764
  4319
  4847
  5346
  5812
  6243
  6639
  6992
  7302
  7569
  7790
  7963
  8089
  8165
  8191
  8168
  8095
  7973
  7803
  7585
  7322
  7014
  6663
  6273
  5842
  5378
  4881
  4355
  3802
  3226
  2628
  2016
  1393
   761
   124
  -513
 -1148
 -1778
 -2394
 -2996
 -3580
 -4142
 -4679
 -5191
 -5668
 -6110
 -6516
 -6882
 -7207
 -7489
 -7724
 -7913
 -8054
 -8145
 -8188
 -8181
 -8124
 -8017
 -7863
 -7660
 -7412
 -7116
 -6779
 -6401
 -5984
 -5531
 -5045
 -4527
 -3980
 -3411
 -2822
 -2215
 -1595
  -965
  -327
   308
   943
  1573
  2194
  2801
  3394
  3964
  4509
  5027
  5515
  5969
  6389
  6769
  7107
  7402
  7652
  7856
  8014
  8121
  8180
  8188
  8148
  8058
  7918
  7731
  7497
  7217
  6894
  6529
  6125
  5681
  5205
  4697
  4161
  3600
  3017
  2412
  1796
  1169
   535
  -102
  -739
 -1374
 -1998
 -2610
 -3206
 -3782
 -4336
 -4866
 -5363
 -5829
 -6259
 -6651
 -7002
 -7313
 -7578
 -7797
 -7968
 -8092
 -8166
 -8191
 -8166
 -8092
 -7968
 -7796
 -7577
 -7312
 -7002
 -6650
 -6258
 -5828
 -5362
 -4864
 -4335
 -3781
 -3204
 -2608
 -1996
 -1373
  -737
  -101
   534
  1168
  1795
  2411
  3015
  3599
  4160
  4696
  5204
  5680
  6122
  6528
  6893
  7217
  7496
  7730
  7917
  8057
  8148
  8188
  8180
  8121
  8014
  7857
  7653
  7403
  7108
  6770
  6390
  5970
  5516
  5028
  4510
  3965
  3395
  2802
  2195
  1575
   945
   309
  -328
  -967
 -1597
 -2217
 -2823
 -3413
 -3981
 -4526
 -5046
 -5532
 -5985
 -6402
 -6780
 -7117
 -7412
 -7661
 -7863
 -8018
 -8124
 -8181
 -8188
 -8145
 -8053
 -7913
 -7724
 -7489
 -7206
 -6882
 -6515
 -6109
 -5666
 -5189
 -4678
 -4141
 -3579
 -2995
 -2393
 -1776
 -1149
  -512
   123
   759
  1391
  2015
  2626
  3224
  3800
  4353
  4880
  5377
  5841
  6272
  6663
  7013
  7321
  7584
  7802
  7973
  8095
  8168
  8191
  8165
  8089
  7963
  7790
  7570
  7303
  6993
  6640
  6246
  5813
  5347
  4848
  4320
  3766
  3188
  2589
  1977
  1352
   720
    83
  -554
 -1191
 -1818
 -2433
 -3034
 -3617
 -4178
 -4715
 -5222
 -5697
 -6137
 -6541
 -6904
 -7228
 -7506
 -7738
 -7923
 -8061
 -8150
 -8189
 -8178
 -8118
 -8009
 -7851
 -7646
 -7394
 -7096
 -6756
 -6376
 -5956
 -5501
 -5012
 -4491
 -3944
 -3374
 -2783
 -2176
 -1555
  -922
  -286
   349
   984
  1613
  2233
  2842
  3431
  3999
  4543
  5059
  5545
  5999
  6415
  6792
  7127
  7420
  7667
  7868
  8022
  8126
  8182
  8187
  8143
  8050
  7907
  7717
  7480
  7198
  6872
  6505
  6096
  5652
  5173
  4664
  4126
  3563
  2976
  2373
  1756
  1129
   494
  -143
  -783
 -1414
 -2038
 -2648
 -3243
 -3818
 -4370
 -4899
 -5394
 -5857
 -6285
 -6674
 -7023
 -7331
 -7593
 -7809
 -7978
 -8098
 -8169
 -8191
 -8163
 -8085
 -7958
 -7784
 -7562
 -7292
 -6980
 -6626
 -6231
 -5799
 -5331
 -4829
 -4300
 -3745
 -3167
 -2570
 -1957
 -1332
  -697
   -60
   574
  1208
  1835
  2450
  3053
  3635
  4195
  4730
  5235
  5709
  6151
  6553
  6915
  7236
  7513
  7744
  7929
  8065
  8152
  8189
  8177
  8116
  8005
  7845
  7638
  7385
  7087
  6746
  6363
  5942
  5486
  4996
  4476
  3929
  3358
  2764
  2156
  1535
   904
   269
  -369
 -1007
 -1637
 -2256
 -2861
 -3450
 -4017
 -4563
 -5078
 -5562
 -6013
 -6428
 -6803
 -7139
 -7429
 -7675
 -7874
 -8026
 -8129
 -8183
 -8187
 -8141
 -8046
 -7902
 -7710
 -7472
 -7187
 -6859
 -6490
 -6082
 -5637
 -5158
 -4645
 -4106
 -3542
 -2957
 -2354
 -1736
 -1106
  -471
   163
   800
  1431
  2054
  2668
  3262
  3836
  4388
  4912
  5407
  5872
  6298
  6686
  7034
  7339
  7600
  7814
  7982
  8101
  8171
  8191
  8161
  8082
  7954
  7777
  7554
  7285
  6971
  6616
  6218
  5784
  5316
  4815
  4285
  3729
  3148
  2550
  1937
  1312
   679
    42
  -598
 -1231
 -1858
 -2472
 -3072
 -3653
 -4215
 -4749
 -5253
 -5726
 -6164
 -6565
 -6926
 -7247
 -7522
 -7751
 -7934
 -8068
 -8154
 -8190
 -8176
 -8113
 -8000
 -7839
 -7631
 -7375
 -7075
 -6733
 -6350
 -5928
 -5471
 -4977
 -4456
 -3908
 -3337
 -2745
 -2136
 -1512
  -881
  -245
   389
  1025
  1654
  2272
  2881
  3468
  4035
  4577
  5091
  5575
  6027
  6440
  6814
  7147
  7437
  7681
  7880
  8030
  8131
  8183
  8186
  8139
  8042
  7897
  7703
  7463
  7178
  6850
  6478
  6068
  5622
  5142
  4630
  4091
  3526
  2938
  2334
  1717
  1088
   454
  -184
  -823
 -1455
 -2077
 -2687
 -3281
 -3854
 -4408
 -4931
 -5425
 -5886
 -6311
 -6698
 -7046
 -7350
 -7609
 -7821
 -7987
 -8104
 -8172
 -8191
 -8159
 -8078
 -7949
 -7771
 -7545
 -7274
 -6959
 -6602
 -6205
 -5770
 -5300
 -4796
 -4265
 -3708
 -3129
 -2531
 -1917
 -1289
  -656
   -19
   615
  1249
  1874
  2492
  3091
  3672
  4230
  4763
  5267
  5741
  6178
  6577
  6937
  7255
  7529
  7758
  7939
  8072
  8156
  8190
  8175
  8110
  7996
  7833
  7624
  7367
  7067
  6723
  6337
  5914
  5455
  4964
  4442
  3893
  3318
  2726
  2117
  1495
   864
   228
  -413
 -1048
 -1677
 -2295
 -2900
 -3487
 -4055
 -4597
 -5110
 -5592
 -6041
 -6453
 -6826
 -7159
 -7447
 -7689
 -7886
 -8034
 -8134
 -8184
 -8185
 -8136
 -8038
 -7891
 -7696
 -7454
 -7167
 -6837
 -6465
 -6055
 -5607
 -5123
 -4611
 -4070
 -3505
 -2919
 -2315
 -1693
 -1065
  -430
   204
   840
  1472
  2097
  2706
  3299
  3873
  4422
  4945
  5438
  5900
  6324
  6710
  7055
  7357
  7615
  7827
  7991
  8107
  8173
  8190
  8158
  8075
  7944
  7764
  7538
  7266
  6950
  6590
  6191
  5755
  5285
  4782
  4250
  3690
  3110
  2511
  1897
  1272
   639
     2
  -639
 -1272
 -1897
 -2511
 -3110
 -3690
 -4250
 -4782
 -5285
 -5755
 -6191
 -6590
 -6950
 -7266
 -7538
 -7764
 -7944
 -8075
 -8158
 -8190
 -8173
 -8107
 -7991
 -7827
 -7615
 -7357
 -7055
 -6710
 -6324
 -5900
 -5440
 -4945
 -4422
 -3873
 -3299
 -2706
 -2097
 -1472
  -840
  -204
   430
  1065
  1693
  2315
  2919
  3505
  4070
  4611
  5123
  5607
  6055
  6465
  6837
  7167
  7454
  7696
  7891
  8038
  8136
  8185
  8184
  8134
  8034
  7886
  7689
  7447
  7159
  6827
  6453
  6041
  5592
  5110
  4597
  4055
  3487
  2900
  2295
  1677
  1048
   413
  -228
  -864
 -1495
 -2117
 -2726
 -3318
 -3893
 -4442
 -4964
 -5455
 -5914
 -6337
 -6723
 -7067
 -7367
 -7624
 -7833
 -7996
 -8110
 -8175
 -8190
 -8156
 -8072
 -7939
 -7758
 -7529
 -7255
 -6937
 -6577
 -6178
 -5741
 -5267
 -4763
 -4230
 -3672
 -3091
 -2492
 -1874
 -1249
  -615
    19
   656
  1289
  1917
  2531
  3129
  3708
  4265
  4796
  5298
  5770
  6205
  6602
  6959
  7274
  7545
  7771
  7949
  8078
  8159
  8191
  8172
  8104
  7987
  7821
  7609
  7350
  7046
  6698
  6311
  5886
  5425
  4931
  4408
  3854
  3281
  2687
  2077
  1455
   823
   187
  -454
 -1088
 -1717
 -2334
 -2938
 -3524
 -4091
 -4630
 -5142
 -5622
 -6068
 -6478
 -6850
 -7178
 -7463
 -7703
 -7897
 -8042
 -8139
 -8186
 -8183
 -8131
 -8030
 -7880
 -7681
 -7437
 -7147
 -6814
 -6440
 -6027
 -5575
 -5091
 -4577
 -4035
 -3468
 -2881
 -2275
 -1654
 -1025
  -389
   245
   881
  1512
  2136
  2745
  3337
  3908
  4456
  4977
  5471
  5928
  6350
  6733
  7075
  7375
  7631
  7839
  8000
  8113
  8176
  8190
  8154
  8068
  7934
  7751
  7522
  7247
  6928
  6565
  6164
  5726
  5253
  4749
  4215
  3653
  3072
  2472
  1858
  1231
   598
   -42
  -679
 -1312
 -1937
 -2550
 -3148
 -3729
 -4285
 -4815
 -5316
 -5784
 -6218
 -6616
 -6971
 -7285
 -7554
 -7777
 -7954
 -8082
 -8161
 -8191
 -8171
 -8101
 -7982
 -7815
 -7600
 -7339
 -7034
 -6686
 -6298
 -5872
 -5407
 -4912
 -4388
 -3836
 -3262
 -2668
 -2054
 -1431
  -800
  -163
   471
  1106
  1736
  2354
  2957
  3542
  4106
  4645
  5158
  5637
  6082
  6490
  6859
  7187
  7471
  7710
  7902
  8046
  8141
  8187
  8183
  8129
  8026
  7874
  7675
  7429
  7139
  6803
  6428
  6013
  5562
  5078
  4563
  4017
  3450
  2861
  2256
  1637
  1007
   369
  -269
  -904
 -1535
 -2156
 -2764
 -3355
 -3929
 -4476
 -4996
 -5486
 -5942
 -6363
 -6746
 -7087
 -7385
 -7638
 -7845
 -8005
 -8116
 -8177
 -8189
 -8152
 -8065
 -7929
 -7744
 -7513
 -7236
 -6915
 -6553
 -6151
 -5709
 -5235
 -4730
 -4195
 -3635
 -3053
 -2453
 -1835
 -1208
  -574
    60
   697
  1329
  1957
  2570
  3167
  3745
  4300
  4829
  5331
  5799
  6231
  6626
  6980
  7292
  7562
  7784
  7958
  8085
  8163
  8191
  8169
  8098
  7978
  7809
  7593
  7331
  7023
  6674
  6285
  5857
  5394
  4899
  4373
  3818
  3243
  2648
  2038
  1414
   783
   143
  -494
 -1129
 -1756
 -2373
 -2976
 -3563
 -4126
 -4664
 -5173
 -5652
 -6096
 -6505
 -6872
 -7198
 -7480
 -7717
 -7907
 -8050
 -8143
 -8187
 -8182
 -8126
 -8022
 -7869
 -7667
 -7420
 -7127
 -6792
 -6415
 -5999
 -5545
 -5059
 -4543
 -3999
 -3431
 -2842
 -2233
 -1613
  -984
  -349
   286
   922
  1555
  2176
  2783
  3374
  3944
  4491
  5012
  5501
  5956
  6376
  6756
  7096
  7393
  7646
  7851
  8009
  8118
  8178
  8189
  8150
  8061
  7923
  7738
  7506
  7228
  6904
  6541
  6137
  5697
  5222
  4715
  4178
  3617
  3034
  2433
  1818
  1191
   554
   -83
  -720
 -1352
 -1977
 -2589
 -3188
 -3766
 -4320
 -4848
 -5347
 -5813
 -6244
 -6640
 -6993
 -7303
 -7570
 -7790
 -7963
 -8089
 -8165
 -8191
 -8168
 -8095
 -7973
 -7802
 -7584
 -7321
 -7013
 -6663
 -6272
 -5841
 -5377
 -4880
 -4353
 -3800
 -3224
 -2626
 -2015
 -1391
  -759
  -123
   512
  1146
  1776
  2393
  2995
  3579
  4141
  4678
  5189
  5666
  6109
  6515
  6882
  7206
  7489
  7724
  7913
  8053
  8145
  8188
  8181
  8124
  8018
  7863
  7661
  7412
  7117
  6780
  6402
  5985
  5532
  5046
  4529
  3981
  3413
  2823
  2217
  1597
   967
   328
  -309
  -945
 -1575
 -2195
 -2802
 -3395
 -3965
 -4510
 -5028
 -5516
 -5970
 -6390
 -6770
 -7108
 -7403
 -7653
 -7857
 -8014
 -8121
 -8180
 -8188
 -8148
 -8057
 -7918
 -7730
 -7496
 -7217
 -6893
 -6528
 -6124
 -5680
 -5204
 -4696
 -4160
 -3599
 -3015
 -2411
 -1795
 -1168
  -534
   101
   737
  1373
  1996
  2608
  3204
  3781
  4335
  4864
  5362
  5828
  6258
  6650
  7002
  7312
  7577
  7796
  7968
  8092
  8166
  8191
  8166
  8092
  7968
  7797
  7578
  7313
  7002
  6651
  6259
  5829
  5363
  4866
  4336
  3782
  3206
  2610
  1998
  1374
   739
   102
  -535
 -1169
 -1796
 -2412
 -3017
 -3600
 -4161
 -4697
 -5205
 -5681
 -6123
 -6529
 -6894
 -7217
 -7497
 -7731
 -7918
 -8058
 -8148
 -8188
 -8180
 -8121
 -8014
 -7856
 -7652
 -7402
 -7107
 -6769
 -6389
 -5969
 -5515
 -5027
 -4509
 -3964
 -3394
 -2801
 -2194
 -1573
  -943
  -308
   327
   962
  1595
  2215
  2822
  3411
  3980
  4525
  5045
  5531
  5984
  6401
  6779
  7116
  7412
  7660
  7863
  8017
  8124
  8181
  8188
  8145
  8054
  7913
  7724
  7489
  7207
  6882
  6516
  6110
  5668
  5191
  4679
  4142
  3580
  2996
  2394
  1778
  1151
   513
  -124
  -761
 -1393
 -2016
 -2628
 -3226
 -3802
 -4355
 -4881
 -5378
 -5842
 -6273
 -6663
 -7014
 -7322
 -7585
 -7803
 -7973
 -8095
 -8168
 -8191
 -8165
 -8089
 -7963
 -7790
 -7569
 -7302
 -6992
 -6639
 -6245
 -5812
 -5346
 -4847
 -4319
 -3764
 -3187
 -2587
 -1975
 -1351
  -718
   -82
   552
  1190
  1816
  2432
  3033
  3615
  4176
  4714
  5221
  5696
  6136
  6540
  6904
  7227
  7505
  7737
  7923
  8061
  8149
  8189
  8178
  8118
  8009
  7852
  7646
  7395
  7097
  6757
  6377
  5957
  5502
  5014
  4492
  3946
  3375
  2785
  2177
  1556
   923
   287
  -350
  -986
 -1615
 -2235
 -2844
 -3433
 -4001
 -4544
 -5061
 -5546
 -6000
 -6416
 -6792
 -7128
 -7420
 -7668
 -7868
 -8022
 -8127
 -8182
 -8187
 -8143
 -8050
 -7907
 -7717
 -7480
 -7197
 -6871
 -6504
 -6095
 -5651
 -5172
 -4663
 -4125
 -3562
 -2974
 -2372
 -1755
 -1127
  -493
   141
   781
  1413
  2036
  2647
  3242
  3817
  4369
  4897
  5393
  5856
  6284
  6674
  7023
  7331
  7593
  7809
  7977
  8098
  8169
  8191
  8163
  8085
  7959
  7784
  7562
  7293
  6981
  6627
  6232
  5800
  5333
  4830
  4301
  3746
  3168
  2571
  1958
  1334
   698
    61
  -576
 -1210
 -1836
 -2451
 -3055
 -3637
 -4196
 -4731
 -5237
 -5711
 -6152
 -6554
 -6916
 -7237
 -7513
 -7744
 -7929
 -8065
 -8152
 -8189
 -8177
 -8116
 -8004
 -7845
 -7638
 -7385
 -7087
 -6746
 -6362
 -5941
 -5485
 -4995
 -4475
 -3928
 -3357
 -2763
 -2154
 -1533
  -903
  -267
   367
  1006
  1635
  2254
  2860
  3448
  4016
  4561
  5077
  5561
  6012
  6427
  6802
  7138
  7429
  7675
  7874
  8026
  8129
  8183
  8187
  8141
  8046
  7902
  7711
  7473
  7187
  6860
  6491
  6083
  5638
  5159
  4646
  4107
  3543
  2958
  2355
  1738
  1107
   473
  -165
  -801
 -1433
 -2056
 -2669
 -3263
 -3838
 -4389
 -4914
 -5408
 -5873
 -6299
 -6687
 -7035
 -7340
 -7600
 -7815
 -7983
 -8101
 -8171
 -8191
 -8161
 -8082
 -7953
 -7777
 -7553
 -7284
 -6970
 -6615
 -6217
 -5783
 -5315
 -4814
 -4284
 -3728
 -3146
 -2549
 -1935
 -1311
  -678
   -41
   596
  1230
  1856
  2471
  3071
  3652
  4214
  4747
  5252
  5725
  6163
  6564
  6926
  7246
  7521
  7751
  7933
  8068
  8153
  8190
  8176
  8113
  8001
  7840
  7632
  7376
  7076
  6734
  6351
  5929
  5472
  4979
  4458
  3910
  3338
  2746
  2138
  1513
   883
   247
  -391
 -1026
 -1655
 -2274
 -2882
 -3470
 -4036
 -4578
 -5093
 -5576
 -6028
 -6441
 -6815
 -7148
 -7437
 -7682
 -7880
 -8030
 -8132
 -8184
 -8186
 -8139
 -8042
 -7896
 -7703
 -7463
 -7178
 -6849
 -6477
 -6067
 -5621
 -5141
 -4629
 -4089
 -3525
 -2936
 -2333
 -1715
 -1087
  -452
   182
   822
  1453
  2076
  2686
  3279
  3853
  4406
  4930
  5424
  5885
  6310
  6697
  7045
  7349
  7608
  7821
  7987
  8104
  8172
  8191
  8159
  8079
  7949
  7771
  7545
  7275
  6960
  6603
  6206
  5771
  5301
  4797
  4266
  3710
  3130
  2532
  1919
  1290
   657
    20
  -617
 -1250
 -1876
 -2493
 -3093
 -3673
 -4231
 -4764
 -5268
 -5742
 -6179
 -6578
 -6938
 -7256
 -7529
 -7758
 -7939
 -8072
 -8156
 -8190
 -8175
 -8110
 -7996
 -7833
 -7623
 -7367
 -7066
 -6722
 -6336
 -5913
 -5454
 -4962
 -4441
 -3892
 -3317
 -2724
 -2115
 -1493
  -862
  -226
   411
  1046
  1675
  2294
  2898
  3485
  4054
  4595
  5109
  5591
  6040
  6452
  6825
  7158
  7446
  7689
  7885
  8034
  8134
  8184
  8185
  8136
  8038
  7892
  7697
  7454
  7168
  6838
  6466
  6056
  5608
  5125
  4612
  4072
  3507
  2920
  2316
  1695
  1067
   432
  -206
  -842
 -1473
 -2095
 -2708
 -3301
 -3874
 -4423
 -4946
 -5439
 -5901
 -6325
 -6711
 -7056
 -7358
 -7615
 -7828
 -7992
 -8107
 -8174
 -8190
 -8158
 -8075
 -7943
 -7764
 -7537
 -7265
 -6949
 -6589
 -6190
 -5754
 -5283
 -4781
 -4249
 -3689
 -3109
 -2510
 -1896
 -1270
  -637
     0
   637
  1270
  1896
  2510
  3109
  3689
  4249
  4781
  5283
  5754
  6190
  6589
  6949
  7265
  7537
  7764
  7943
  8075
  8158
  8190
  8174
  8107
  7992
  7828
  7615
  7358
  7056
  6711
  6325
  5901
  5441
  4946
  4423
  3874
  3301
  2708
  2098
  1473
   842
   206
  -432
 -1067
 -1695
 -2316
 -2920
 -3507
 -4072
 -4612
 -5125
 -5608
 -6056
 -6466
 -6838
 -7168
 -7454
 -7697
 -7892
 -8038
 -8136
 -8185
 -8184
 -8134
 -8034
 -7885
 -7689
 -7446
 -7158
 -6827
 -6452
 -6040
 -5591
 -5109
 -4595
 -4054
 -3485
 -2898
 -2294
 -1675
 -1046
  -411
   226
   862
  1493
  2115
  2724
  3317
  3892
  4441
  4962
  5454
  5913
  6336
  6722
  7066
  7367
  7623
  7833
  7996
  8110
  8175
  8190
  8156
  8072
  7939
  7758
  7529
  7256
  6938
  6578
  6179
  5742
  5268
  4764
  4231
  3673
  3093
  2493
  1876
  1250
   617
   -20
  -657
 -1290
 -1919
 -2532
 -3130
 -3710
 -4266
 -4797
 -5299
 -5771
 -6206
 -6603
 -6960
 -7275
 -7545
 -7771
 -7949
 -8079
 -8159
 -8191
 -8172
 -8104
 -7987
 -7821
 -7608
 -7349
 -7045
 -6697
 -6310
 -5885
 -5424
 -4930
 -4406
 -3853
 -3279
 -2686
 -2076
 -1453
  -822
  -185
   452
  1087
  1715
  2333
  2936
  3522
  4089
  4629
  5141
  5621
  6067
  6477
  6849
  7178
  7463
  7703
  7896
  8042
  8139
  8186
  8184
  8132
  8030
  7880
  7682
  7437
  7148
  6815
  6441
  6028
  5576
  5093
  4578
  4036
  3470
  2882
  2277
  1655
  1026
   391
  -247
  -883
 -1513
 -2138
 -2746
 -3338
 -3910
 -4458
 -4979
 -5472
 -5929
 -6351
 -6734
 -7076
 -7376
 -7632
 -7840
 -8001
 -8113
 -8176
 -8190
 -8153
 -8068
 -7933
 -7751
 -7521
 -7246
 -6927
 -6564
 -6163
 -5725
 -5252
 -4747
 -4214
 -3652
 -3071
 -2471
 -1856
 -1230
  -596
    41
   678
  1311
  1935
  2549
  3146
  3728
  4284
  4814
  5315
  5783
  6217
  6615
  6970
  7284
  7553
  7777
  7953
  8082
  8161
  8191
  8171
  8101
  7983
  7816
  7600
  7340
  7035
  6687
  6299
  5873
  5408
  4914
  4389
  3838
  3263
  2669
  2056
  1433
   801
   165
  -473
 -1107
 -1738
 -2355
 -2958
 -3543
 -4107
 -4646
 -5159
 -5638
 -6083
 -6491
 -6860
 -7187
 -7471
 -7711
 -7902
 -8046
 -8141
 -8187
 -8183
 -8129
 -8026
 -7874
 -7675
 -7429
 -7138
 -6802
 -6427
 -6012
 -5561
 -5077
 -4561
 -4016
 -3448
 -2860
 -2254
 -1635
 -1006
  -367
   267
   903
  1533
  2154
  2763
  3354
  3928
  4475
  4995
  5485
  5941
  6362
  6746
  7087
  7385
  7638
  7845
  8004
  8116
  8177
  8189
  8152
  8065
  7929
  7744
  7513
  7237
  6916
  6554
  6152
  5711
  5237
  4731
  4196
  3637
  3055
  2454
  1836
  1210
   576
   -61
  -698
 -1331
 -1958
 -2571
 -3168
 -3746
 -4301
 -4830
 -5333
 -5800
 -6232
 -6627
 -6981
 -7293
 -7562
 -7784
 -7959
 -8085
 -8163
 -8191
 -8169
 -8098
 -7977
 -7809
 -7593
 -7331
 -7023
 -6674
 -6284
 -5856
 -5393
 -4897
 -4372
 -3817
 -3242
 -2647
 -2036
