 -2417
 -2417
     0
     0
   875
  1740
  2584
  3400
  4176
  4907
  5580
  6188
  6726
  7187
  7567
  7858
  8060
  8170
  8186
  8109
  7938
  7676
  7327
  6894
  6383
  5796
  5144
  4434
  3673
  2870
  2035
  1172
   300
  -576
 -1445
 -2298
 -3127
 -3918
 -4664
 -5356
 -5988
 -6550
 -7040
 -7447
 -7768
 -8001
 -8143
 -8191
 -8145
 -8006
 -7776
 -7456
 -7052
 -6564
 -6004
 -5374
 -4683
 -3939
 -3146
 -2321
 -1468
  -599
   273
  1149
  2009
  2845
  3649
  4412
  5123
  5779
  6366
  6880
  7315
  7667
  7932
  8105
  8185
  8172
  8065
  7866
  7576
  7199
  6741
  6206
  5599
  4926
  4199
  3424
  2610
  1766
   901
    24
  -851
 -1717
 -2562
 -3378
 -4159
 -4888
 -5562
 -6173
 -6712
 -7175
 -7557
 -7852
 -8056
 -8168
 -8187
 -8111
 -7943
 -7685
 -7338
 -6907
 -6397
 -5812
 -5163
 -4454
 -3694
 -2892
 -2054
 -1196
  -323
   549
  1419
  2275
  3103
  3895
  4642
  5336
  5969
  6536
  7026
  7435
  7760
  7996
  8140
  8191
  8148
  8012
  7784
  7467
  7064
  6580
  6022
  5394
  4705
  3959
  3171
  2346
  1495
   626
  -250
 -1126
 -1986
 -2823
 -3628
 -4392
 -5107
 -5762
 -6351
 -6867
 -7305
 -7659
 -7926
 -8101
 -8184
 -8173
 -8069
 -7871
 -7584
 -7211
 -6754
 -6221
 -5616
 -4945
 -4219
 -3445
 -2632
 -1789
  -922
   -47
   825
  1690
  2537
  3357
  4136
  4867
  5543
  6155
  6697
  7164
  7547
  7844
  8051
  8166
  8187
  8115
  7950
  7694
  7350
  6921
  6412
  5831
  5183
  4476
  3718
  2914
  2080
  1222
   350
  -526
 -1396
 -2253
 -3081
 -3874
 -4622
 -5318
 -5955
 -6522
 -7014
 -7426
 -7752
 -7990
 -8137
 -8191
 -8150
 -8017
 -7791
 -7476
 -7075
 -6594
 -6038
 -5412
 -4724
 -3980
 -3193
 -2369
 -1518
  -650
   226
  1099
  1960
  2798
  3604
  4372
  5087
  5743
  6334
  6852
  7292
  7650
  7919
  8097
  8183
  8175
  8073
  7879
  7594
  7223
  6770
  6238
  5633
  4966
  4242
  3470
  2657
  1812
   948
    74
  -801
 -1667
 -2514
 -3335
 -4115
 -4848
 -5525
 -6140
 -6685
 -7153
 -7538
 -7837
 -8047
 -8164
 -8188
 -8118
 -7956
 -7702
 -7360
 -6932
 -6427
 -5847
 -5201
 -4496
 -3739
 -2936
 -2103
 -1245
  -374
   499
  1373
  2227
  3056
  3850
  4600
  5300
  5937
  6506
  7000
  7414
  7744
  7985
  8134
  8191
  8153
  8022
  7799
  7487
  7089
  6610
  6056
  5432
  4744
  4003
  3217
  2394
  1544
   673
  -203
 -1076
 -1937
 -2776
 -3583
 -4352
 -5068
 -5726
 -6319
 -6839
 -7283
 -7642
 -7913
 -8094
 -8182
 -8176
 -8077
 -7885
 -7603
 -7234
 -6783
 -6252
 -5651
 -4985
 -4262
 -3491
 -2680
 -1835
  -972
   -97
   775
  1641
  2492
  3311
  4092
  4826
  5506
  6124
  6670
  7139
  7527
  7829
  8042
  8162
  8189
  8122
  7962
  7711
  7370
  6946
  6443
  5866
  5222
  4518
  3760
  2961
  2129
  1272
   400
  -479
 -1349
 -2204
 -3034
 -3830
 -4581
 -5282
 -5921
 -6491
 -6988
 -7404
 -7737
 -7980
 -8132
 -8190
 -8155
 -8027
 -7806
 -7496
 -7101
 -6624
 -6072
 -5447
 -4763
 -4024
 -3239
 -2417
 -1567
  -697
   176
  1049
  1911
  2751
  3562
  4329
  5047
  5707
  6302
  6827
  7271
  7632
  7906
  8090
  8181
  8178
  8081
  7892
  7613
  7247
  6796
  6269
  5670
  5006
  4285
  3515
  2702
  1861
   998
   124
  -751
 -1621
 -2469
 -3289
 -4072
 -4807
 -5488
 -6108
 -6656
 -7128
 -7518
 -7822
 -8038
 -8160
 -8189
 -8125
 -7967
 -7719
 -7380
 -6959
 -6458
 -5883
 -5240
 -4535
 -3781
 -2983
 -2151
 -1295
  -424
   452
  1323
  2179
  3010
  3806
  4561
  5262
  5902
  6475
  6974
  7394
  7728
  7974
  8128
  8190
  8158
  8032
  7814
  7507
  7114
  6640
  6087
  5467
  4785
  4047
  3263
  2442
  1590
   723
  -152
 -1026
 -1888
 -2732
 -3541
 -4309
 -5028
 -5690
 -6287
 -6813
 -7260
 -7624
 -7900
 -8086
 -8179
 -8179
 -8085
 -7899
 -7622
 -7258
 -6809
 -6284
 -5687
 -5025
 -4305
 -3534
 -2724
 -1884
 -1021
  -148
   725
  1595
  2444
  3265
  4048
  4786
  5471
  6090
  6641
  7115
  7507
  7815
  8033
  8158
  8190
  8128
  7973
  7727
  7392
  6973
  6474
  5901
  5258
  4557
  3805
  3008
  2177
  1321
   447
  -429
 -1300
 -2156
 -2988
 -3788
 -4542
 -5244
 -5886
 -6461
 -6961
 -7384
 -7720
 -7968
 -8125
 -8189
 -8159
 -8036
 -7821
 -7516
 -7126
 -6653
 -6103
 -5485
 -4804
 -4068
 -3285
 -2462
 -1613
  -747
   126
  1000
  1862
  2706
  3516
  4286
  5007
  5671
  6272
  6799
  7248
  7614
  7893
  8082
  8178
  8180
  8089
  7906
  7632
  7269
  6824
  6301
  5706
  5046
  4325
  3558
  2749
  1910
  1048
   174
  -704
 -1572
 -2421
 -3243
 -4028
 -4769
 -5453
 -6075
 -6627
 -7103
 -7498
 -7808
 -8028
 -8156
 -8190
 -8131
 -7978
 -7734
 -7402
 -6985
 -6488
 -5917
 -5276
 -4577
 -3825
 -3030
 -2200
 -1342
  -471
   402
  1273
  2130
  2966
  3764
  4520
  5223
  5867
  6444
  6949
  7372
  7711
  7962
  8122
  8189
  8162
  8041
  7829
  7527
  7139
  6667
  6121
  5505
  4825
  4091
  3307
  2487
  1640
   773
  -102
  -976
 -1842
 -2684
 -3495
 -4266
 -4989
 -5656
 -6257
 -6785
 -7237
 -7605
 -7886
 -8078
 -8177
 -8182
 -8093
 -7912
 -7639
 -7280
 -6837
 -6316
 -5723
 -5064
 -4345
 -3579
 -2771
 -1932
 -1071
  -195
   678
  1546
  2396
  3219
  4007
  4747
  5433
  6057
  6611
  7090
  7489
  7800
  8023
  8153
  8191
  8134
  7984
  7743
  7414
  6999
  6505
  5934
  5297
  4599
  3849
  3055
  2223
  1368
   498
  -378
 -1250
 -2107
 -2944
 -3743
 -4500
 -5205
 -5851
 -6431
 -6936
 -7362
 -7703
 -7957
 -8119
 -8188
 -8164
 -8046
 -7836
 -7536
 -7149
 -6681
 -6136
 -5522
 -4844
 -4111
 -3328
 -2510
 -1663
  -797
    75
   953
  1816
  2659
  3471
  4244
  4970
  5637
  6239
  6770
  7224
  7595
  7880
  8074
  8175
  8183
  8097
  7918
  7649
  7292
  6852
  6333
  5742
  5083
  4368
  3603
  2797
  1958
  1095
   221
  -654
 -1523
 -2373
 -3197
 -3987
 -4728
 -5416
 -6041
 -6597
 -7079
 -7479
 -7793
 -8018
 -8151
 -8191
 -8137
 -7989
 -7751
 -7424
 -7011
 -6517
 -5950
 -5315
 -4619
 -3870
 -3077
 -2245
 -1391
  -521
   352
  1224
  2085
  2919
  3719
  4478
  5184
  5834
  6415
  6922
  7350
  7694
  7950
  8116
  8188
  8166
  8051
  7843
  7545
  7162
  6696
  6154
  5542
  4866
  4131
  3353
  2535
  1689
   823
   -55
  -929
 -1793
 -2637
 -3450
 -4223
 -4951
 -5620
 -6224
 -6757
 -7213
 -7587
 -7874
 -8070
 -8174
 -8184
 -8101
 -7924
 -7657
 -7302
 -6864
 -6348
 -5757
 -5101
 -4388
 -3624
 -2819
 -1981
 -1118
  -245
   628
  1496
  2348
  3175
  3964
  4706
  5395
  6023
  6583
  7066
  7468
  7785
  8012
  8148
  8191
  8140
  7995
  7759
  7435
  7023
  6533
  5968
  5335
  4641
  3893
  3098
  2271
  1417
   548
  -328
 -1203
 -2062
 -2897
 -3698
 -4458
 -5166
 -5818
 -6400
 -6910
 -7340
 -7686
 -7945
 -8113
 -8187
 -8168
 -8055
 -7850
 -7554
 -7173
 -6710
 -6170
 -5559
 -4882
 -4152
 -3374
 -2558
 -1712
  -847
    28
   903
  1767
  2611
  3425
  4203
  4930
  5600
  6207
  6742
  7202
  7577
  7866
  8065
  8172
  8185
  8104
  7931
  7666
  7315
  6879
  6363
  5776
  5122
  4410
  3648
  2844
  2004
  1144
   272
  -604
 -1473
 -2328
 -3154
 -3943
 -4687
 -5378
 -6007
 -6569
 -7054
 -7458
 -7777
 -8007
 -8146
 -8191
 -8142
 -8000
 -7767
 -7445
 -7036
 -6547
 -5984
 -5353
 -4660
 -3911
 -3120
 -2294
 -1441
  -571
   302
  1177
  2036
  2872
  3675
  4435
  5148
  5799
  6384
  6895
  7328
  7678
  7939
  8109
  8186
  8170
  8060
  7857
  7565
  7186
  6725
  6187
  5576
  4904
  4175
  3398
  2583
  1738
   870
    -5
  -879
 -1744
 -2589
 -3407
 -4183
 -4911
 -5583
 -6191
 -6729
 -7190
 -7568
 -7860
 -8061
 -8170
 -8186
 -8107
 -7936
 -7675
 -7325
 -6892
 -6378
 -5792
 -5141
 -4430
 -3669
 -2863
 -2027
 -1168
  -295
   578
  1447
  2303
  3129
  3919
  4665
  5358
  5991
  6553
  7040
  7447
  7769
  8002
  8143
  8191
  8145
  8006
  7775
  7454
  7049
  6563
  6003
  5373
  4679
  3935
  3145
  2319
  1467
   598
  -281
 -1154
 -2013
 -2850
 -3653
 -4418
 -5130
 -5782
 -6369
 -6882
 -7317
 -7670
 -7933
 -8105
 -8185
 -8171
 -8063
 -7864
 -7574
 -7197
 -6738
 -6203
 -5593
 -4922
 -4195
 -3420
 -2605
 -1758
  -894
   -19
   853
  1718
  2564
  3383
  4160
  4890
  5564
  6174
  6715
  7178
  7558
  7852
  8056
  8168
  8187
  8111
  7943
  7684
  7337
  6904
  6394
  5811
  5161
  4453
  3690
  2888
  2053
  1194
   322
  -554
 -1427
 -2280
 -3107
 -3899
 -4646
 -5342
 -5975
 -6539
 -7028
 -7437
 -7761
 -7997
 -8141
 -8191
 -8148
 -8011
 -7782
 -7464
 -7061
 -6577
 -6019
 -5391
 -4699
 -3955
 -3167
 -2342
 -1490
  -618
   254
  1127
  1987
  2825
  3630
  4396
  5109
  5763
  6352
  6868
  7307
  7660
  7926
  8102
  8184
  8173
  8068
  7871
  7584
  7210
  6754
  6218
  5613
  4944
  4218
  3444
  2628
  1784
   920
    46
  -829
 -1695
 -2544
 -3361
 -4140
 -4871
 -5546
 -6160
 -6702
 -7166
 -7549
 -7845
 -8052
 -8167
 -8187
 -8114
 -7949
 -7692
 -7346
 -6917
 -6409
 -5828
 -5180
 -4472
 -3711
 -2910
 -2076
 -1217
  -345
   531
  1400
  2254
  3082
  3875
  4626
  5322
  5956
  6523
  7015
  7426
  7754
  7991
  8138
  8191
  8150
  8016
  7790
  7475
  7075
  6593
  6037
  5408
  4721
  3979
  3191
  2367
  1513
   645
  -231
 -1104
 -1964
 -2802
 -3611
 -4376
 -5090
 -5746
 -6337
 -6857
 -7296
 -7652
 -7920
 -8098
 -8183
 -8174
 -8072
 -7877
 -7593
 -7221
 -6765
 -6233
 -5630
 -4962
 -4238
 -3465
 -2650
 -1807
  -943
   -69
   803
  1672
  2519
  3337
  4117
  4849
  5529
  6143
  6686
  7153
  7539
  7838
  8048
  8165
  8188
  8118
  7955
  7700
  7358
  6931
  6426
  5846
  5200
  4492
  3735
  2935
  2101
  1244
   369
  -507
 -1377
 -2232
 -3061
 -3854
 -4607
 -5304
 -5940
 -6509
 -7002
 -7418
 -7746
 -7986
 -8135
 -8191
 -8153
 -8021
 -7797
 -7485
 -7087
 -6607
 -6050
 -5426
 -4740
 -3999
 -3213
 -2390
 -1536
  -668
   204
  1078
  1939
  2780
  3587
  4353
  5069
  5727
  6322
  6842
  7284
  7642
  7913
  8094
  8182
  8176
  8077
  7885
  7603
  7232
  6780
  6251
  5649
  4984
  4261
  3487
  2675
  1833
   970
    96
  -783
 -1649
 -2496
 -3315
 -4096
 -4830
 -5511
 -6127
 -6673
 -7142
 -7529
 -7832
 -8043
 -8163
 -8189
 -8121
 -7961
 -7708
 -7368
 -6944
 -6440
 -5863
 -5216
 -4512
 -3756
 -2957
 -2124
 -1267
  -393
   480
  1351
  2206
  3036
  3834
  4585
  5283
  5922
  6492
  6990
  7406
  7737
  7980
  8132
  8190
  8155
  8026
  7805
  7496
  7100
  6621
  6068
  5446
  4762
  4023
  3237
  2412
  1563
   695
  -181
 -1054
 -1919
 -2758
 -3566
 -4333
 -5051
 -5711
 -6307
 -6829
 -7273
 -7634
 -7907
 -8091
 -8181
 -8177
 -8081
 -7891
 -7611
 -7243
 -6793
 -6266
 -5666
 -5002
 -4278
 -3508
 -2697
 -1856
  -993
  -119
   756
  1623
  2471
  3291
  4073
  4811
  5492
  6109
  6657
  7129
  7520
  7824
  8038
  8160
  8189
  8125
  7966
  7717
  7380
  6958
  6457
  5879
  5237
  4534
  3779
  2982
  2150
  1290
   419
  -457
 -1328
 -2183
 -3017
 -3813
 -4565
 -5265
 -5905
 -6478
 -6978
 -7396
 -7730
 -7975
 -8129
 -8190
 -8157
 -8031
 -7813
 -7505
 -7112
 -6635
 -6084
 -5464
 -4781
 -4043
 -3256
 -2435
 -1586
  -718
   154
  1028
  1893
  2733
  3542
  4311
  5030
  5694
  6290
  6814
  7261
  7624
  7901
  8087
  8180
  8179
  8085
  7898
  7620
  7256
  6808
  6283
  5686
  5021
  4301
  3532
  2723
  1882
  1020
   143
  -733
 -1600
 -2448
 -3269
 -4055
 -4792
 -5474
 -6094
 -6643
 -7117
 -7511
 -7817
 -8033
 -8158
 -8190
 -8127
 -7972
 -7725
 -7390
 -6970
 -6471
 -5896
 -5255
 -4554
 -3800
 -3004
 -2170
 -1314
  -443
   430
  1301
  2158
  2992
  3789
  4543
  5245
  5887
  6463
  6964
  7385
  7721
  7969
  8126
  8190
  8159
  8036
  7820
  7516
  7123
  6651
  6102
  5484
  4802
  4063
  3281
  2460
  1612
   745
  -130
 -1007
 -1870
 -2711
 -3521
 -4290
 -5014
 -5677
 -6275
 -6801
 -7250
 -7615
 -7895
 -8083
 -8178
 -8180
 -8089
 -7904
 -7629
 -7267
 -6821
 -6298
 -5703
 -5040
 -4321
 -3553
 -2745
 -1905
 -1040
  -166
   706
  1573
  2423
  3245
  4032
  4770
  5454
  6076
  6628
  7105
  7500
  7809
  8028
  8156
  8190
  8130
  7978
  7734
  7401
  6984
  6486
  5914
  5275
  4576
  3824
  3026
  2195
  1340
   469
  -407
 -1278
 -2138
 -2970
 -3768
 -4523
 -5227
 -5873
 -6449
 -6951
 -7374
 -7713
 -7963
 -8123
 -8189
 -8161
 -8040
 -7827
 -7524
 -7135
 -6664
 -6118
 -5501
 -4821
 -4084
 -3302
 -2483
 -1635
  -769
   107
   981
  1844
  2686
  3497
  4268
  4992
  5657
  6258
  6786
  7237
  7607
  7888
  8078
  8177
  8182
  8092
  7911
  7638
  7279
  6836
  6315
  5720
  5061
  4344
  3577
  2770
  1928
  1067
   193
  -682
 -1550
 -2400
 -3226
 -4012
 -4751
 -5437
 -6060
 -6616
 -7094
 -7490
 -7802
 -8023
 -8154
 -8190
 -8133
 -7983
 -7742
 -7412
 -6995
 -6500
 -5930
 -5293
 -4595
 -3845
 -3047
 -2218
 -1363
  -493
   380
  1255
  2112
  2945
  3745
  4501
  5206
  5854
  6432
  6937
  7363
  7704
  7958
  8120
  8188
  8164
  8045
  7834
  7534
  7148
  6680
  6135
  5521
  4840
  4107
  3327
  2508
  1661
   792
   -83
  -958
 -1821
 -2663
 -3475
 -4250
 -4974
 -5640
 -6242
 -6773
 -7228
 -7598
 -7881
 -8075
 -8175
 -8183
 -8096
 -7917
 -7647
 -7290
 -6849
 -6328
 -5736
 -5079
 -4364
 -3599
 -2792
 -1951
 -1090
  -217
   656
  1524
  2378
  3201
  3988
  4730
  5417
  6044
  6600
  7080
  7480
  7793
  8018
  8151
  8191
  8136
  7989
  7750
  7422
  7009
  6516
  5949
  5313
  4617
  3866
  3072
  2244
  1390
   520
  -360
 -1231
 -2089
 -2923
 -3724
 -4481
 -5191
 -5838
 -6418
 -6925
 -7352
 -7697
 -7952
 -8116
 -8188
 -8166
 -8050
 -7841
 -7543
 -7159
 -6693
 -6151
 -5536
 -4859
 -4127
 -3348
 -2531
 -1684
  -815
    57
   931
  1795
  2638
  3454
  4227
  4952
  5621
  6225
  6760
  7215
  7588
  7874
  8070
  8174
  8184
  8100
  7923
  7656
  7302
  6862
  6345
  5755
  5100
  4386
  3623
  2814
  1977
  1116
   243
  -632
 -1504
 -2355
 -3180
 -3968
 -4710
 -5399
 -6028
 -6586
 -7068
 -7470
 -7786
 -8014
 -8149
 -8191
 -8139
 -7994
 -7758
 -7431
 -7021
 -6530
 -5965
 -5331
 -4634
 -3886
 -3094
 -2266
 -1413
  -543
   333
  1205
  2063
  2898
  3700
  4462
  5170
  5819
  6401
  6910
  7342
  7688
  7946
  8113
  8187
  8168
  8054
  7849
  7554
  7172
  6709
  6167
  5555
  4881
  4150
  3373
  2556
  1707
   842
   -33
  -908
 -1772
 -2619
 -3433
 -4207
 -4934
 -5604
 -6210
 -6746
 -7204
 -7579
 -7868
 -8066
 -8172
 -8185
 -8103
 -7929
 -7665
 -7312
 -6875
 -6360
 -5772
 -5118
 -4406
 -3641
 -2836
 -2000
 -1140
  -267
   606
  1478
  2330
  3155
  3944
  4688
  5381
  6010
  6570
  7055
  7459
  7779
  8008
  8146
  8191
  8142
  8000
  7765
  7443
  7035
  6546
  5983
  5349
  4656
  3910
  3119
  2292
  1439
   567
  -309
 -1182
 -2041
 -2876
 -3682
 -4442
 -5152
 -5802
 -6386
 -6898
 -7331
 -7680
 -7940
 -8109
 -8186
 -8169
 -8058
 -7856
 -7563
 -7184
 -6722
 -6182
 -5573
 -4900
 -4171
 -3394
 -2575
 -1730
  -865
     6
   881
  1746
  2593
  3408
  4184
  4912
  5584
  6194
  6731
  7191
  7569
  7860
  8062
  8170
  8186
  8107
  7936
  7674
  7323
  6889
  6377
  5791
  5139
  4426
  3665
  2861
  2025
  1166
   294
  -585
 -1455
 -2307
 -3133
 -3924
 -4672
 -5363
 -5994
 -6556
 -7043
 -7449
 -7771
 -8003
 -8144
 -8191
 -8145
 -8004
 -7773
 -7452
 -7047
 -6561
 -5999
 -5367
 -4676
 -3931
 -3141
 -2315
 -1459
  -590
   283
  1155
  2015
  2851
  3658
  4419
  5131
  5783
  6370
  6885
  7319
  7670
  7933
  8106
  8185
  8171
  8063
  7863
  7573
  7196
  6736
  6199
  5592
  4921
  4194
  3415
  2601
  1756
   892
    17
  -858
 -1726
 -2571
 -3387
 -4164
 -4893
 -5569
 -6179
 -6718
 -7180
 -7560
 -7853
 -8058
 -8169
 -8186
 -8111
 -7942
 -7681
 -7334
 -6902
 -6391
 -5808
 -5158
 -4446
 -3686
 -2883
 -2048
 -1190
  -314
   559
  1428
  2281
  3109
  3900
  4650
  5343
  5976
  6540
  7029
  7439
  7763
  7998
  8141
  8191
  8147
  8010
  7781
  7463
  7060
  6577
  6015
  5387
  4697
  3954
  3165
  2337
  1485
   617
  -259
 -1132
 -1992
 -2832
 -3637
 -4400
 -5112
 -5767
 -6357
 -6872
 -7309
 -7662
 -7927
 -8102
 -8184
 -8173
 -8067
 -7870
 -7582
 -7206
 -6749
 -6215
 -5610
 -4940
 -4214
 -3437
 -2623
 -1779
  -915
   -41
   834
  1700
  2546
  3363
  4141
  4872
  5550
  6161
  6703
  7167
  7550
  7847
  8053
  8167
  8187
  8114
  7948
  7690
  7345
  6916
  6408
  5827
  5176
  4468
  3710
  2908
  2074
  1213
   341
  -535
 -1405
 -2259
 -3087
 -3882
 -4630
 -5325
 -5960
 -6526
 -7019
 -7429
 -7755
 -7992
 -8138
 -8191
 -8149
 -8015
 -7789
 -7473
 -7072
 -6589
 -6031
 -5405
 -4717
 -3975
 -3187
 -2360
 -1509
  -640
   232
  1106
  1969
  2807
  3613
  4377
  5091
  5748
  6340
  6858
  7297
  7652
  7921
  8099
  8183
  8174
  8072
  7877
  7591
  7219
  6764
  6232
  5629
  4961
  4234
  3461
  2648
  1805
   942
    64
  -811
 -1677
 -2523
 -3341
 -4121
 -4856
 -5532
 -6146
 -6689
 -7156
 -7542
 -7840
 -8048
 -8165
 -8188
 -8117
 -7953
 -7699
 -7356
 -6929
 -6423
 -5841
 -5194
 -4488
 -3731
 -2930
 -2097
 -1236
  -364
   509
  1379
  2233
  3065
  3859
  4608
  5305
  5941
  6509
  7005
  7418
  7747
  7987
  8135
  8191
  8152
  8020
  7797
  7484
  7084
  6605
  6049
  5425
  4739
  3998
  3209
  2385
  1535
   667
  -209
 -1085
 -1946
 -2785
 -3591
 -4357
 -5073
 -5733
 -6325
 -6845
 -7286
 -7644
 -7915
 -8095
 -8182
 -8176
 -8076
 -7883
 -7600
 -7230
 -6778
 -6247
 -5646
 -4977
 -4254
 -3482
 -2671
 -1828
  -965
   -88
   784
  1650
  2498
  3317
  4100
  4834
  5513
  6128
  6674
  7144
  7531
  7832
  8043
  8163
  8189
  8121
  7960
  7708
  7367
  6943
  6437
  5860
  5215
  4510
  3754
  2955
  2120
  1263
   391
  -485
 -1356
 -2214
 -3043
 -3838
 -4589
 -5287
 -5925
 -6497
 -6993
 -7408
 -7739
 -7981
 -8133
 -8190
 -8154
 -8025
 -7804
 -7494
 -7096
 -6618
 -6065
 -5443
 -4758
 -4016
 -3230
 -2408
 -1558
  -690
   182
  1059
  1920
  2760
  3567
  4335
  5054
  5714
  6308
  6830
  7274
  7636
  7909
  8091
  8181
  8177
  8080
  7890
  7610
  7242
  6792
  6265
  5663
  4999
  4277
  3507
  2696
  1854
   989
   115
  -761
 -1627
 -2475
 -3298
 -4080
 -4815
 -5495
 -6112
 -6660
 -7133
 -7522
 -7825
 -8039
 -8161
 -8189
 -8124
 -7965
 -7716
 -7378
 -6956
 -6452
 -5876
 -5233
 -4530
 -3775
 -2974
 -2142
 -1286
  -414
   458
  1329
  2188
  3018
  3814
  4567
  5267
  5909
  6481
  6979
  7397
  7730
  7976
  8129
  8190
  8157
  8030
  7812
  7503
  7109
  6634
  6083
  5462
  4777
  4039
  3255
  2433
  1584
   717
  -162
 -1035
 -1897
 -2737
 -3546
 -4317
 -5036
 -5697
 -6293
 -6817
 -7263
 -7627
 -7902
 -8087
 -8180
 -8179
 -8084
 -7896
 -7618
 -7253
 -6806
 -6280
 -5680
 -5017
 -4297
 -3528
 -2718
 -1874
 -1012
  -138
   734
  1601
  2450
  3274
  4057
  4793
  5475
  6095
  6646
  7119
  7511
  7817
  8034
  8159
  8190
  8127
  7971
  7724
  7389
  6968
  6468
  5895
  5253
  4552
  3796
  2999
  2168
  1312
   441
  -435
 -1309
 -2165
 -2996
 -3793
 -4547
 -5251
 -5892
 -6466
 -6966
 -7387
 -7722
 -7971
 -8127
 -8190
 -8159
 -8035
 -7818
 -7513
 -7121
 -6648
 -6099
 -5480
 -4796
 -4059
 -3276
 -2456
 -1607
  -737
   135
  1009
  1871
  2712
  3522
  4294
  5015
  5678
  6276
  6802
  7252
  7617
  7895
  8083
  8178
  8180
  8088
  7903
  7628
  7266
  6820
  6295
  5699
  5038
  4320
  3552
  2740
  1900
  1039
   165
  -711
 -1578
 -2430
 -3252
 -4036
 -4774
 -5458
 -6081
 -6632
 -7108
 -7502
 -7810
 -8029
 -8157
 -8190
 -8130
 -7977
 -7732
 -7398
 -6980
 -6483
 -5911
 -5271
 -4572
 -3817
 -3021
 -2191
 -1335
  -465
   411
  1283
  2139
  2972
  3770
  4525
  5231
  5874
  6450
  6952
  7375
  7715
  7964
  8123
  8189
  8161
  8040
  7826
  7523
  7134
  6663
  6117
  5498
  4818
  4083
  3301
  2481
  1630
   764
  -112
  -986
 -1848
 -2690
 -3504
 -4274
 -4996
 -5661
 -6261
 -6791
 -7241
 -7609
 -7889
 -8079
 -8177
 -8181
 -8092
 -7909
 -7637
 -7277
 -6832
 -6310
 -5716
 -5057
 -4340
 -3573
 -2763
 -1923
 -1062
  -188
   684
  1555
  2405
  3227
  4013
  4753
  5438
  6063
  6617
  7094
  7491
  7802
  8024
  8154
  8190
  8133
  7983
  7740
  7410
  6994
  6499
  5929
  5292
  4591
  3841
  3046
  2217
  1362
   488
  -388
 -1259
 -2117
 -2950
 -3749
 -4508
 -5212
 -5857
 -6435
 -6940
 -7366
 -7707
 -7959
 -8120
 -8189
 -8163
 -8044
 -7833
 -7532
 -7146
 -6677
 -6130
 -5515
 -4837
 -4103
 -3322
 -2504
 -1654
  -787
    85
   959
  1822
  2668
  3480
  4252
  4975
  5641
  6243
  6776
  7229
  7599
  7882
  8075
  8176
  8182
  8096
  7916
  7646
  7287
  6846
  6327
  5735
  5078
  4362
  3594
  2788
  1949
  1088
   215
  -664
 -1532
 -2382
 -3206
 -3992
 -4733
 -5423
 -6047
 -6603
 -7083
 -7482
 -7796
 -8020
 -8152
 -8191
 -8136
 -7988
 -7748
 -7420
 -7006
 -6513
 -5946
 -5307
 -4611
 -3861
 -3068
 -2239
 -1385
  -512
   361
  1233
  2091
  2925
  3728
  4485
  5192
  5839
  6419
  6926
  7354
  7697
  7953
  8117
  8188
  8165
  8049
  7841
  7543
  7159
  6691
  6148
  5535
  4858
  4126
  3347
  2526
  1680
   814
   -61
  -936
 -1802
 -2645
 -3458
 -4231
 -4956
 -5624
 -6230
 -6762
 -7217
 -7590
 -7875
 -8071
 -8174
 -8183
 -8099
 -7922
 -7655
 -7298
 -6859
 -6342
 -5752
 -5096
 -4380
 -3615
 -2810
 -1972
 -1112
  -239
   637
  1506
  2357
  3181
  3969
  4714
  5403
  6029
  6587
  7069
  7471
  7788
  8014
  8149
  8191
  8139
  7993
  7756
  7431
  7020
  6529
  5962
  5328
  4633
  3885
  3093
  2265
  1408
   538
  -338
 -1210
 -2068
 -2906
 -3707
 -4466
 -5173
 -5822
 -6404
 -6915
 -7344
 -7689
 -7947
 -8113
 -8187
 -8167
 -8053
 -7848
 -7552
 -7170
 -6704
 -6163
 -5552
 -4877
 -4146
 -3365
 -2549
 -1703
  -837
    35
   909
  1776
  2620
  3434
  4209
  4935
  5607
  6213
  6747
  7205
  7580
  7868
  8067
  8172
  8185
  8103
  7929
  7663
  7310
  6874
  6359
  5771
  5115
  4402
  3639
  2835
  1998
  1138
   262
  -614
 -1482
 -2334
 -3159
 -3951
 -4695
 -5385
 -6013
 -6573
 -7057
 -7462
 -7780
 -8009
 -8147
 -8191
 -8141
 -7998
 -7764
 -7441
 -7032
 -6544
 -5978
 -5346
 -4652
 -3906
 -3114
 -2285
 -1431
  -562
   311
  1183
  2042
  2881
  3683
  4443
  5153
  5803
  6389
  6900
  7332
  7680
  7940
  8110
  8186
  8169
  8058
  7855
  7562
  7181
  6720
  6181
  5572
  4899
  4167
  3390
  2574
  1729
   864
   -11
  -889
 -1753
 -2598
 -3413
 -4188
 -4919
 -5590
 -6197
 -6734
 -7193
 -7571
 -7862
 -8063
 -8171
 -8185
 -8107
 -7934
 -7671
 -7321
 -6887
 -6374
 -5788
 -5133
 -4422
 -3661
 -2857
 -2021
 -1158
  -286
   587
  1456
  2309
  3135
  3928
  4673
  5365
  5995
  6557
  7045
  7451
  7772
  8004
  8144
  8191
  8144
  8004
  7772
  7452
  7046
  6558
  5996
  5366
  4674
  3929
  3136
  2310
  1458
   589
  -287
 -1160
 -2022
 -2858
 -3662
 -4423
 -5134
 -5789
 -6375
 -6888
 -7322
 -7672
 -7934
 -8107
 -8186
 -8171
 -8062
 -7862
 -7570
 -7193
 -6733
 -6196
 -5589
 -4917
 -4187
 -3411
 -2596
 -1752
  -887
    -9
   862
  1727
  2573
  3388
  4165
  4897
  5570
  6180
  6719
  7181
  7562
  7855
  8058
  8169
  8186
  8110
  7941
  7681
  7333
  6901
  6390
  5804
  5154
  4445
  3684
  2882
  2044
  1185
   312
  -563
 -1433
 -2286
 -3116
 -3907
 -4654
 -5347
 -5979
 -6545
 -7033
 -7441
 -7764
 -7999
 -8141
 -8191
 -8147
 -8009
 -7780
 -7462
 -7056
 -6572
 -6012
 -5384
 -4694
 -3950
 -3158
 -2333
 -1481
  -612
   261
  1137
  1996
  2833
  3638
  4401
  5114
  5770
  6358
  6873
  7310
  7663
  7929
  8103
  8185
  8173
  8067
  7868
  7580
  7205
  6748
  6214
  5608
  4936
  4210
  3435
  2622
  1778
   911
    36
  -839
 -1704
 -2550
 -3367
 -4148
 -4878
 -5553
 -6164
 -6705
 -7171
 -7553
 -7848
 -8054
 -8167
 -8187
 -8113
 -7946
 -7689
 -7343
 -6914
 -6403
 -5821
 -5172
 -4464
 -3705
 -2904
 -2066
 -1208
  -336
   537
  1407
  2263
  3091
  3884
  4632
  5327
  5961
  6528
  7019
  7430
  7756
  7993
  8139
  8191
  8149
  8015
  7788
  7471
  7070
  6588
  6030
  5404
  4715
  3970
  3183
  2358
  1507
   639
  -240
 -1113
 -1974
 -2811
 -3617
 -4381
 -5098
 -5753
 -6343
 -6860
 -7299
 -7655
 -7923
 -8099
 -8184
 -8174
 -8071
 -7875
 -7589
 -7217
 -6762
 -6229
 -5623
 -4955
 -4230
 -3457
 -2644
 -1801
  -934
   -60
   812
  1678
  2525
  3345
  4125
  4857
  5534
  6147
  6690
  7158
  7542
  7840
  8049
  8165
  8188
  8117
  7953
  7698
  7355
  6926
  6420
  5840
  5193
  4487
  3729
  2926
  2092
  1235
   363
  -513
 -1387
 -2241
 -3069
 -3863
 -4612
 -5309
 -5947
 -6514
 -7007
 -7420
 -7748
 -7988
 -8136
 -8191
 -8152
 -8019
 -7795
 -7481
 -7082
 -6602
 -6046
 -5421
 -4732
 -3991
 -3204
 -2381
 -1530
  -662
   214
  1087
  1948
  2786
  3593
  4361
  5077
  5734
  6326
  6846
  7287
  7646
  7916
  8095
  8182
  8176
  8075
  7882
  7599
  7229
  6777
  6244
  5643
  4976
  4253
  3481
  2669
  1824
   961
    86
  -789
 -1655
 -2505
 -3324
 -4104
 -4838
 -5516
 -6131
 -6678
 -7146
 -7533
 -7833
 -8044
 -8163
 -8188
 -8120
 -7958
 -7706
 -7365
 -6939
 -6434
 -5856
 -5211
 -4506
 -3747
 -2948
 -2115
 -1258
  -386
   487
  1360
  2215
  3045
  3839
  4590
  5291
  5928
  6498
  6993
  7409
  7740
  7982
  8133
  8190
  8154
  8025
  7803
  7492
  7095
  6618
  6064
  5439
  4754
  4014
  3229
  2406
  1556
   686
  -190
 -1063
 -1925
 -2764
 -3575
 -4341
 -5058
 -5717
 -6311
 -6833
 -7277
 -7637
 -7910
 -8092
 -8181
 -8177
 -8079
 -7889
 -7608
 -7240
 -6790
 -6260
 -5660
 -4995
 -4273
 -3502
 -2689
 -1847
  -984
  -110
   762
  1629
  2480
  3299
  4081
  4816
  5496
  6116
  6663
  7133
  7522
  7826
  8039
  8161
  8189
  8123
  7965
  7715
  7376
  6953
  6451
  5875
  5232
  4526
  3771
  2973
  2141
  1284
   413
  -466
 -1337
 -2192
 -3023
 -3818
 -4573
 -5273
 -5912
 -6484
 -6981
 -7399
 -7733
 -7977
 -8130
 -8190
 -8156
 -8029
 -7810
 -7501
 -7107
 -6631
 -6080
 -5457
 -4773
 -4035
 -3250
 -2429
 -1577
  -709
   163
  1037
  1899
  2739
  3551
  4319
  5037
  5698
  6294
  6820
  7265
  7628
  7903
  8088
  8180
  8178
  8083
  7896
  7618
  7253
  6803
  6277
  5679
  5016
  4296
  3524
  2714
  1873
  1011
   137
  -739
 -1609
 -2457
 -3278
 -4061
 -4797
 -5481
 -6100
 -6649
 -7122
 -7513
 -7819
 -8035
 -8159
 -8190
 -8126
 -7970
 -7722
 -7386
 -6965
 -6465
 -5891
 -5250
 -4546
 -3792
 -2995
 -2164
 -1307
  -433
   440
  1311
  2167
  2998
  3795
  4551
  5252
  5893
  6467
  6967
  7389
  7724
  7971
  8127
  8190
  8159
  8034
  7818
  7512
  7120
  6647
  6096
  5477
  4795
  4058
  3275
  2451
  1603
   736
  -140
 -1014
 -1876
 -2720
 -3529
 -4298
 -5019
 -5681
 -6281
 -6806
 -7254
 -7619
 -7897
 -8084
 -8179
 -8180
 -8087
 -7902
 -7626
 -7262
 -6816
 -6292
 -5696
 -5035
 -4316
 -3545
 -2736
 -1896
 -1034
  -160
   715
  1583
  2432
  3253
  4038
  4776
  5461
  6082
  6633
  7108
  7502
  7812
  8030
  8157
  8190
  8130
  7976
  7731
  7397
  6979
  6482
  5910
  5268
  4568
  3816
  3020
  2189
  1331
   460
  -416
 -1287
 -2144
 -2976
 -3777
 -4531
 -5234
 -5877
 -6453
 -6956
 -7378
 -7716
 -7965
 -8124
 -8189
 -8161
 -8039
 -7825
 -7521
 -7132
 -6659
 -6111
 -5494
 -4814
 -4078
 -3297
 -2474
 -1626
  -759
   113
   987
  1853
  2694
  3505
  4276
  4997
  5662
  6264
  6792
  7242
  7609
  7889
  8080
  8177
  8181
  8091
  7909
  7635
  7275
  6831
  6309
  5715
  5056
  4336
  3569
  2761
  1922
  1060
   184
  -692
 -1560
 -2409
 -3232
 -4017
 -4759
 -5444
 -6066
 -6619
 -7097
 -7494
 -7804
 -8025
 -8154
 -8190
 -8133
 -7981
 -7738
 -7408
 -6992
 -6496
 -5924
 -5286
 -4587
 -3836
 -3042
 -2212
 -1354
  -483
   389
  1261
  2118
  2954
  3753
  4509
  5214
  5858
  6436
  6942
  7367
  7707
  7959
  8120
  8189
  8163
  8044
  7833
  7532
  7143
  6674
  6129
  5514
  4835
  4102
  3318
  2499
  1652
   786
   -90
  -967
 -1830
 -2672
 -3484
 -4256
 -4979
 -5647
 -6249
 -6778
 -7231
 -7600
 -7884
 -8076
 -8176
 -8182
 -8095
 -7915
 -7643
 -7285
 -6844
 -6324
 -5732
 -5072
 -4356
 -3590
 -2783
 -1945
 -1084
  -207
   665
  1533
  2384
  3207
  3996
  4737
  5424
  6048
  6604
  7083
  7483
  7796
  8020
  8152
  8191
  8135
  7987
  7747
  7419
  7006
  6510
  5942
  5306
  4610
  3860
  3066
  2235
  1380
   510
  -366
 -1238
 -2098
 -2932
 -3732
 -4489
 -5195
 -5842
 -6424
 -6930
 -7356
 -7699
 -7954
 -8118
 -8188
 -8165
 -8048
 -7839
 -7541
 -7155
 -6688
 -6145
 -5531
 -4854
 -4119
 -3340
 -2522
 -1675
  -809
    63
   940
  1804
  2647
  3460
  4233
  4960
  5628
  6231
  6763
  7218
  7590
  7877
  8072
  8174
  8183
  8099
  7921
  7653
  7297
  6858
  6341
  5749
  5093
  4378
  3614
  2808
  1971
  1107
   234
  -642
 -1510
 -2361
 -3188
 -3976
 -4718
 -5406
 -6032
 -6590
 -7073
 -7474
 -7789
 -8015
 -8150
 -8191
 -8138
 -7992
 -7755
 -7429
 -7018
 -6525
 -5959
 -5324
 -4629
 -3881
 -3085
 -2257
 -1404
  -534
   339
  1211
  2073
  2907
  3708
  4467
  5175
  5825
  6407
  6915
  7345
  7690
  7947
  8114
  8187
  8167
  8053
  7847
  7550
  7168
  6703
  6162
  5551
  4873
  4142
  3364
  2547
  1701
   836
   -42
  -917
 -1781
 -2625
 -3438
 -4215
 -4941
 -5611
 -6216
 -6750
 -7207
 -7583
 -7870
 -8068
 -8173
 -8184
 -8102
 -7927
 -7661
 -7308
 -6871
 -6356
 -5765
 -5111
 -4398
 -3635
 -2830
 -1990
 -1130
  -258
   615
  1484
  2336
  3164
  3953
  4696
  5386
  6014
  6576
  7060
  7463
  7781
  8010
  8147
  8191
  8141
  7998
  7763
  7440
  7030
  6541
  5977
  5344
  4651
  3902
  3110
  2283
  1430
   560
  -316
 -1191
 -2050
 -2885
 -3687
 -4447
 -5159
 -5809
 -6392
 -6903
 -7334
 -7682
 -7942
 -8111
 -8187
 -8169
 -8057
 -7853
 -7559
 -7179
 -6717
 -6178
 -5568
 -4892
 -4163
 -3385
 -2570
 -1724
  -856
    16
   890
  1755
  2599
  3414
  4192
  4920
  5591
  6198
  6735
  7196
  7573
  7863
  8063
  8171
  8185
  8106
  7934
  7671
  7320
  6886
  6371
  5784
  5132
  4421
  3659
  2853
  2016
  1157
   284
  -592
 -1461
 -2316
 -3142
 -3932
 -4677
 -5368
 -6000
 -6562
 -7048
 -7453
 -7773
 -8005
 -8145
 -8191
 -8144
 -8003
 -7771
 -7449
 -7042
 -6555
 -5993
 -5362
 -4670
 -3922
 -3132
 -2306
 -1453
  -584
   292
  1165
  2024
  2860
  3663
  4425
  5138
  5790
  6376
  6888
  7322
  7674
  7936
  8107
  8186
  8171
  8062
  7860
  7570
  7192
  6732
  6195
  5585
  4914
  4186
  3410
  2595
  1747
   883
     8
  -867
 -1732
 -2577
 -3395
 -4172
 -4901
 -5574
 -6183
 -6723
 -7184
 -7564
 -7856
 -8059
 -8169
 -8186
 -8109
 -7940
 -7679
 -7331
 -6897
 -6385
 -5801
 -5150
 -4441
 -3680
 -2875
 -2039
 -1180
  -308
   565
  1438
  2291
  3117
  3908
  4655
  5348
  5982
  6546
  7034
  7442
  7765
  8000
  8142
  8191
  8146
  8009
  7778
  7460
  7056
  6571
  6011
  5382
  4690
  3946
  3156
  2331
  1479
   607
  -269
 -1141
 -2001
 -2838
 -3642
 -4408
 -5120
 -5773
 -6361
 -6876
 -7313
 -7665
 -7930
 -8104
 -8185
 -8172
 -8066
 -7867
 -7578
 -7203
 -6746
 -6209
 -5603
 -4932
 -4206
 -3431
 -2617
 -1770
  -906
   -31
   840
  1706
  2555
  3371
  4149
  4880
  5554
  6165
  6708
  7172
  7553
  7848
  8054
  8167
  8187
  8113
  7946
  7688
  7341
  6911
  6402
  5820
  5171
  4463
  3701
  2900
  2065
  1207
   334
  -545
 -1414
 -2268
 -3096
 -3888
 -4635
 -5333
 -5966
 -6531
 -7022
 -7432
 -7758
 -7995
 -8139
 -8191
 -8149
 -8014
 -7786
 -7469
 -7068
 -6585
 -6027
 -5398
 -4709
 -3966
 -3178
 -2354
 -1502
  -631
   242
  1115
  1975
  2813
  3621
  4385
  5099
  5754
  6344
  6861
  7301
  7656
  7923
  8100
  8184
  8174
  8070
  7874
  7589
  7216
  6759
  6226
  5622
  4954
  4229
  3455
  2640
  1796
   933
    58
  -817
 -1686
 -2532
 -3350
 -4129
 -4861
 -5537
 -6152
 -6694
 -7160
 -7544
 -7842
 -8050
 -8166
 -8188
 -8116
 -7952
 -7696
 -7352
 -6924
 -6417
 -5836
 -5189
 -4480
 -3722
 -2922
 -2088
 -1230
  -358
   518
  1388
  2242
  3071
  3864
  4616
  5312
  5948
  6515
  7008
  7421
  7750
  7989
  8136
  8191
  8151
  8018
  7794
  7480
  7081
  6601
  6043
  5418
  4731
  3990
  3203
  2379
  1526
   657
  -218
 -1092
 -1952
 -2794
 -3600
 -4365
 -5080
 -5738
 -6329
 -6850
 -7290
 -7647
 -7917
 -8096
 -8183
 -8175
 -8074
 -7881
 -7597
 -7227
 -6772
 -6241
 -5639
 -4972
 -4249
 -3474
 -2662
 -1819
  -956
   -82
   790
  1660
  2507
  3325
  4106
  4839
  5520
  6134
  6679
  7147
  7534
  7834
  8045
  8163
  8188
  8120
  7958
  7704
  7363
  6938
  6433
  5855
  5208
  4502
  3746
  2947
  2114
  1256
   382
  -494
 -1365
 -2220
 -3049
 -3846
 -4597
 -5294
 -5932
 -6501
 -6996
 -7412
 -7742
 -7983
 -8133
 -8190
 -8153
 -8023
 -7801
 -7490
 -7093
 -6615
 -6059
 -5436
 -4750
 -4010
 -3224
 -2399
 -1549
  -681
   192
  1065
  1926
  2768
  3576
  4343
  5059
  5718
  6314
  6835
  7278
  7638
  7910
  8092
  8181
  8177
  8079
  7888
  7607
  7238
  6787
  6259
  5659
  4994
  4269
  3498
  2687
  1845
   982
   108
  -770
 -1637
 -2484
 -3304
 -4085
 -4823
 -5502
 -6119
 -6665
 -7136
 -7524
 -7828
 -8041
 -8162
 -8189
 -8123
 -7963
 -7712
 -7374
 -6951
 -6448
 -5872
 -5226
 -4522
 -3767
 -2969
 -2136
 -1276
  -405
   468
  1338
  2194
  3024
  3823
  4574
  5274
  5913
  6485
  6984
  7401
  7733
  7977
  8130
  8190
  8156
  8028
  7809
  7501
  7106
  6629
  6077
  5455
  4772
  4033
  3246
  2424
  1575
   708
  -168
 -1042
 -1906
 -2746
 -3555
 -4323
 -5041
 -5704
 -6299
 -6822
 -7267
 -7629
 -7904
 -8089
 -8180
 -8178
 -8083
 -7894
 -7615
 -7249
 -6800
 -6274
 -5676
 -5012
 -4289
 -3519
 -2709
 -1868
 -1006
  -129
   743
  1610
  2459
  3279
  4062
  4801
  5482
  6101
  6650
  7122
  7515
  7820
  8036
  8159
  8190
  8126
  7969
  7721
  7385
  6965
  6464
  5888
  5246
  4544
  3791
  2993
  2159
  1303
   432
  -444
 -1315
 -2171
 -3005
 -3802
 -4555
 -5256
 -5897
 -6472
 -6971
 -7391
 -7726
 -7972
 -8127
 -8190
 -8158
 -8033
 -7816
 -7510
 -7116
 -6642
 -6093
 -5473
 -4791
 -4054
 -3268
 -2447
 -1598
  -731
   141
  1018
  1880
  2721
  3531
  4300
  5020
  5685
  6282
  6807
  7255
  7620
  7898
  8085
  8179
  8180
  8087
  7902
  7625
  7261
  6815
  6291
  5695
  5031
  4312
  3543
  2734
  1894
  1029
   155
  -720
 -1587
 -2436
 -3258
 -4044
 -4782
 -5465
 -6085
 -6636
 -7112
 -7506
 -7813
 -8031
 -8157
 -8190
 -8129
 -7975
 -7729
 -7395
 -6977
 -6477
 -5904
 -5264
 -4564
 -3811
 -3015
 -2182
 -1326
  -455
   418
  1289
  2148
  2980
  3778
  4533
  5235
  5878
  6456
  6957
  7379
  7717
  7966
  8124
  8189
  8160
  8038
  7824
  7521
  7129
  6658
  6110
  5493
  4813
  4074
  3292
  2472
  1624
   758
  -121
  -995
 -1858
 -2699
 -3509
 -4280
 -5004
 -5668
 -6267
 -6794
 -7244
 -7612
 -7892
 -8081
 -8178
 -8181
 -8091
 -7907
 -7633
 -7272
 -6828
 -6306
 -5709
 -5050
 -4332
 -3565
 -2757
 -1917
 -1053
  -179
   693
  1561
  2411
  3236
  4021
  4760
  5445
  6067
  6620
  7099
  7495
  7805
  8026
  8155
  8190
  8132
  7981
  7738
  7407
  6989
  6493
  5923
  5285
  4586
  3835
  3037
  2207
  1352
   482
  -394
 -1269
 -2126
 -2958
 -3757
 -4513
 -5217
 -5864
 -6441
 -6945
 -7369
 -7709
 -7961
 -8121
 -8189
 -8162
 -8043
 -7831
 -7529
 -7141
 -6672
 -6126
 -5510
 -4829
 -4095
 -3314
 -2495
 -1647
  -781
    94
   968
  1832
  2674
  3485
  4260
  4982
  5648
  6250
  6779
  7231
  7602
  7884
  8076
  8176
  8182
  8094
  7914
  7643
  7285
  6843
  6321
  5729
  5071
  4355
  3589
  2782
  1940
  1079
   206
  -670
 -1538
 -2391
 -3214
 -4001
 -4741
 -5427
 -6051
 -6608
 -7087
 -7485
 -7798
 -8021
 -8153
 -8191
 -8135
 -7986
 -7746
 -7417
 -7002
 -6508
 -5939
 -5303
 -4606
 -3853
 -3059
 -2230
 -1376
  -505
   367
  1242
  2100
  2933
  3733
  4491
  5199
  5845
  6425
  6931
  7357
  7700
  7955
  8118
  8188
  8165
  8048
  7838
  7539
  7154
  6687
  6144
  5528
  4851
  4118
  3338
  2520
  1673
   804
   -71
  -945
 -1809
 -2651
 -3467
 -4240
 -4964
 -5631
 -6234
 -6766
 -7222
 -7593
 -7878
 -8072
 -8175
 -8183
 -8098
 -7920
 -7651
 -7295
 -6856
 -6336
 -5745
 -5089
 -4374
 -3610
 -2801
 -1963
 -1102
  -229
   643
  1512
  2366
  3190
  3977
  4719
  5407
  6036
  6592
  7074
  7474
  7790
  8015
  8150
  8191
  8138
  7992
  7754
  7427
  7015
  6524
  5957
  5323
  4625
  3877
  3084
  2256
  1402
   532
  -347
 -1219
 -2077
 -2911
 -3712
 -4474
 -5181
 -5829
 -6410
 -6918
 -7347
 -7693
 -7949
 -8115
 -8187
 -8166
 -8052
 -7845
 -7548
 -7166
 -6701
 -6159
 -5545
 -4870
 -4138
 -3360
 -2543
 -1693
  -828
    44
   918
  1783
  2626
  3443
  4217
  4942
  5612
  6217
  6753
  7209
  7583
  7871
  8068
  8173
  8184
  8102
  7927
  7661
  7307
  6869
  6353
  5764
  5110
  4397
  3631
  2826
  1989
  1129
   256
  -620
 -1492
 -2343
 -3168
 -3957
 -4700
 -5392
 -6020
 -6578
 -7062
 -7465
 -7782
 -8011
 -8148
 -8191
 -8140
 -7997
 -7761
 -7437
 -7028
 -6538
 -5974
 -5341
 -4645
 -3897
 -3106
 -2278
 -1425
  -552
   320
  1193
  2051
  2886
  3689
  4451
  5160
  5810
  6393
  6904
  7336
  7683
  7943
  8111
  8187
  8169
  8056
  7852
  7559
  7178
  6716
  6175
  5565
  4891
  4161
  3384
  2565
  1720
   854
   -20
  -895
 -1760
 -2607
 -3421
 -4196
 -4924
 -5595
 -6204
 -6739
 -7198
 -7574
 -7864
 -8064
 -8171
 -8185
 -8105
 -7933
 -7669
 -7317
 -6882
 -6368
 -5781
 -5128
 -4417
 -3652
 -2848
 -2012
 -1152
  -280
   596
  1465
  2318
  3143
  3933
  4678
  5372
  6001
  6562
  7048
  7454
  7775
  8006
  8145
  8191
  8143
  8003
  7769
  7448
  7041
  6554
  5992
  5359
  4666
  3921
  3130
  2304
  1448
   579
  -297
 -1169
 -2028
 -2864
 -3670
 -4431
 -5142
 -5793
 -6379
 -6893
 -7326
 -7675
 -7937
 -8108
 -8186
 -8170
 -8061
 -7859
 -7568
 -7190
 -6728
 -6190
 -5582
 -4910
 -4182
 -3405
 -2587
 -1743
  -878
    -3
   869
  1736
  2581
  3397
  4173
  4902
  5575
  6186
  6724
  7185
  7564
  7856
  8060
  8170
  8186
  8109
  7939
  7679
  7329
  6896
  6384
  5800
  5149
  4437
  3676
  2873
  2038
  1179
   303
  -573
 -1442
 -2295
 -3122
 -3913
 -4661
 -5354
 -5985
 -6548
 -7036
 -7445
 -7767
 -8001
 -8142
 -8191
 -8146
 -8007
 -7777
 -7458
 -7053
 -6568
 -6006
 -5377
 -4686
 -3942
 -3152
 -2327
 -1472
  -603
   270
  1143
  2003
  2842
  3646
  4409
  5121
  5774
  6362
  6878
  7314
  7666
  7930
  8104
  8185
  8172
  8065
  7867
  7578
  7202
  6743
  6208
  5601
  4931
  4205
  3427
  2613
  1769
   904
    30
  -848
 -1713
 -2559
 -3375
 -4153
 -4883
 -5560
 -6171
 -6711
 -7174
 -7555
 -7851
 -8055
 -8168
 -8187
 -8112
 -7945
 -7686
 -7339
 -6909
 -6399
 -5817
 -5165
 -4456
 -3697
 -2895
 -2060
 -1202
  -327
   546
  1416
  2269
  3097
  3892
  4639
  5334
  5967
  6532
  7023
  7434
  7759
  7995
  8139
  8191
  8148
  8013
  7785
  7469
  7067
  6584
  6024
  5397
  4708
  3965
  3177
  2349
  1498
   629
  -247
 -1120
 -1983
 -2820
 -3625
 -4389
 -5103
 -5758
 -6349
 -6865
 -7303
 -7658
 -7924
 -8101
 -8184
 -8173
 -8069
 -7873
 -7587
 -7212
 -6756
 -6223
 -5619
 -4950
 -4222
 -3448
 -2635
 -1792
  -928
   -53
   822
  1687
  2534
  3351
  4130
  4864
  5540
  6153
  6695
  7161
  7545
  7843
  8050
  8166
  8188
  8116
  7951
  7695
  7351
  6923
  6416
  5833
  5186
  4479
  3721
  2920
  2086
  1225
   353
  -523
 -1393
 -2247
 -3078
 -3871
 -4620
 -5316
 -5951
 -6518
 -7012
 -7424
 -7751
 -7990
 -8137
 -8191
 -8151
 -8017
 -7792
 -7478
 -7079
 -6596
 -6040
 -5414
 -4727
 -3986
 -3196
 -2372
 -1521
  -653
   220
  1093
  1957
  2795
  3601
  4366
  5082
  5741
  6332
  6851
  7291
  7648
  7917
  8097
  8183
  8175
  8074
  7880
  7596
  7225
  6771
  6240
  5638
  4969
  4245
  3472
  2660
  1818
   954
    77
  -798
 -1664
 -2511
 -3330
 -4112
 -4846
 -5523
 -6137
 -6682
 -7149
 -7537
 -7836
 -8046
 -8164
 -8188
 -8119
 -7956
 -7703
 -7361
 -6936
 -6430
 -5850
 -5204
 -4499
 -3742
 -2942
 -2106
 -1249
  -377
   496
  1366
  2221
  3053
  3848
  4598
  5295
  5933
  6504
  6998
  7413
  7743
  7984
  8134
  8191
  8153
  8023
  7801
  7489
  7090
  6612
  6058
  5434
  4749
  4006
  3220
  2397
  1547
   679
  -196
 -1073
 -1934
 -2773
 -3580
 -4347
 -5066
 -5724
 -6317
 -6838
 -7280
 -7640
 -7912
 -8093
 -8182
 -8177
 -8078
 -7886
 -7604
 -7236
 -6785
 -6256
 -5655
 -4987
 -4265
 -3494
 -2683
 -1841
  -975
  -101
   772
  1638
  2486
  3305
  4089
  4824
  5503
  6120
  6666
  7138
  7526
  7828
  8041
  8162
  8189
  8122
  7963
  7712
  7373
  6950
  6445
  5868
  5224
  4521
  3766
  2964
  2132
  1275
   404
  -473
 -1343
 -2201
 -3031
 -3827
 -4578
 -5277
 -5918
 -6489
 -6986
 -7403
 -7735
 -7978
 -8131
 -8190
 -8156
 -8028
 -7808
 -7497
 -7102
 -6626
 -6074
 -5452
 -4768
 -4027
 -3242
 -2420
 -1570
  -703
   173
  1046
  1908
  2748
  3556
  4324
  5045
  5705
  6300
  6823
  7268
  7631
  7905
  8089
  8180
  8178
  8082
  7893
  7614
  7248
  6799
  6273
  5672
  5009
  4288
  3518
  2708
  1864
  1001
   127
  -748
 -1615
 -2463
 -3286
 -4069
 -4805
 -5486
 -6104
 -6654
 -7126
 -7517
 -7821
 -8036
 -8160
 -8189
 -8125
 -7968
 -7720
 -7383
 -6961
 -6460
 -5885
 -5243
 -4540
 -3786
 -2986
 -2154
 -1298
  -427
   446
  1320
  2176
  3007
  3803
  4556
  5257
  5900
  6473
  6972
  7391
  7726
  7973
  8128
  8190
  8158
  8033
  7816
  7508
  7116
  6641
  6092
  5472
  4787
  4050
  3266
  2445
  1597
   726
  -149
 -1023
 -1885
 -2726
 -3535
 -4307
 -5026
 -5688
 -6285
 -6810
 -7259
 -7622
 -7899
 -8085
 -8179
 -8179
 -8086
 -7899
 -7623
 -7259
 -6813
 -6286
 -5689
 -5027
 -4308
 -3539
 -2730
 -1887
 -1025
  -151
   722
  1589
  2441
  3262
  4046
  4783
  5466
  6086
  6639
  7113
  7506
  7813
  8031
  8158
  8190
  8129
  7974
  7729
  7395
  6975
  6476
  5903
  5263
  4563
  3807
  3011
  2180
  1325
   454
  -425
 -1297
 -2153
 -2985
 -3782
 -4537
 -5241
 -5884
 -6459
 -6960
 -7381
 -7719
 -7968
 -8125
 -8189
 -8160
 -8037
 -7822
 -7518
 -7127
 -6655
 -6107
 -5487
 -4806
 -4070
 -3288
 -2468
 -1620
  -750
   123
   996
  1859
  2700
  3514
  4284
  5005
  5669
  6268
  6795
  7246
  7613
  7892
  8081
  8178
  8181
  8090
  7906
  7633
  7272
  6827
  6303
  5708
  5048
  4331
  3563
  2752
  1913
  1051
   177
  -698
 -1569
 -2418
 -3240
 -4025
 -4764
 -5448
 -6073
 -6625
 -7101
 -7497
 -7806
 -8027
 -8155
 -8190
 -8131
 -7980
 -7736
 -7403
 -6987
 -6490
 -5920
 -5281
 -4580
 -3828
 -3033
 -2203
 -1348
  -477
   399
  1270
  2127
  2960
  3759
  4517
  5221
  5865
  6442
  6946
  7370
  7710
  7961
  8122
  8189
  8162
  8042
  7830
  7528
  7140
  6671
  6125
  5507
  4828
  4093
  3312
  2493
  1643
   776
   -99
  -973
 -1836
 -2681
 -3492
 -4264
 -4986
 -5652
 -6253
 -6784
 -7235
 -7604
 -7886
 -8077
 -8176
 -8182
 -8093
 -7913
 -7641
 -7282
 -6839
 -6318
 -5725
 -5067
 -4351
 -3582
 -2774
 -1935
 -1074
  -201
   672
  1543
  2393
  3216
  4002
  4742
  5431
  6055
  6609
  7088
  7486
  7798
  8022
  8153
  8191
  8135
  7986
  7744
  7415
  7001
  6507
  5938
  5301
  4602
  3852
  3058
  2229
  1374
   501
  -375
 -1247
 -2104
 -2938
 -3740
 -4497
 -5203
 -5849
 -6428
 -6933
 -7361
 -7702
 -7956
 -8118
 -8188
 -8164
 -8046
 -7837
 -7537
 -7152
 -6684
 -6139
 -5524
 -4847
 -4114
 -3334
 -2513
 -1666
  -800
    72
   947
  1810
  2656
  3468
  4241
  4965
  5632
  6237
  6769
  7223
  7594
  7878
  8073
  8175
  8183
  8098
  7919
  7651
  7293
  6853
  6335
  5744
  5088
  4373
  3606
  2800
  1961
  1101
   228
  -651
 -1519
 -2370
 -3194
 -3981
 -4726
 -5413
 -6039
 -6595
 -7076
 -7476
 -7792
 -8017
 -8151
 -8191
 -8137
 -7990
 -7752
 -7425
 -7013
 -6521
 -5954
 -5317
 -4621
 -3873
 -3080
 -2251
 -1394
  -524
   349
  1221
  2079
  2913
  3717
  4475
  5182
  5830
  6411
  6920
  7349
  7693
  7949
  8115
  8187
  8166
  8051
  7844
  7548
  7165
  6698
  6156
  5544
  4868
  4137
  3355
  2538
  1692
   826
   -49
  -923
 -1790
 -2634
 -3447
 -4221
 -4946
 -5618
 -6222
 -6755
 -7211
 -7585
 -7872
 -8069
 -8173
 -8184
 -8101
 -7925
 -7658
 -7304
 -6866
 -6350
 -5761
 -5106
 -4390
 -3627
 -2822
 -1984
 -1124
  -248
   625
  1493
  2345
  3170
  3958
  4704
  5393
  6021
  6579
  7063
  7467
  7784
  8012
  8148
  8191
  8140
  7996
  7760
  7436
  7027
  6537
  5970
  5337
  4643
  3896
  3104
  2274
  1421
   551
  -325
 -1197
 -2056
 -2894
 -3696
 -4455
 -5164
 -5813
 -6398
 -6908
 -7338
 -7685
 -7944
 -8112
 -8187
 -8168
 -8056
 -7851
 -7557
 -7175
 -6712
 -6172
 -5561
 -4887
 -4157
 -3377
 -2561
 -1715
  -850
    22
   900
  1764
  2608
  3423
  4198
  4925
  5598
  6205
  6740
  7199
  7575
  7865
  8065
  8172
  8185
  8105
  7932
  7668
  7316
  6881
  6367
  5780
  5125
  4413
  3651
  2847
  2010
  1148
   275
  -601
 -1470
 -2322
 -3148
 -3940
 -4685
 -5375
 -6005
 -6565
 -7052
 -7457
 -7776
 -8007
 -8145
 -8191
 -8143
 -8001
 -7768
 -7446
 -7039
 -6549
 -5986
 -5355
 -4663
 -3917
 -3126
 -2297
 -1444
  -574
   298
  1171
  2033
  2869
  3672
  4433
  5143
  5794
  6382
  6893
  7327
  7676
  7937
  8108
  8186
  8170
  8060
  7859
  7567
  7187
  6727
  6189
  5581
  4909
  4178
  3401
  2586
  1741
   876
    -2
  -876
 -1741
 -2586
 -3401
 -4178
 -4909
 -5581
 -6189
 -6727
 -7187
 -7567
 -7859
 -8060
 -8170
 -8186
 -8108
 -7937
 -7676
 -7327
 -6893
 -6382
 -5794
 -5143
 -4433
 -3672
 -2869
 -2033
 -1171
  -298
   574
  1444
  2297
  3126
  3917
  4663
  5355
  5986
  6549
  7039
  7446
  7768
  8001
  8143
  8191
  8145
  8007
  7776
  7457
  7052
  6565
  6005
  5375
  4685
  3940
  3148
  2322
  1470
   601
  -275
 -1151
 -2010
 -2847
 -3651
 -4413
 -5125
 -5780
 -6367
 -6881
 -7316
 -7668
 -7932
 -8105
 -8185
 -8172
 -8065
 -7865
 -7575
 -7199
 -6740
 -6205
 -5598
 -4925
 -4198
 -3423
 -2608
 -1764
  -900
   -22
   850
  1715
  2561
  3377
  4157
  4887
  5561
  6172
  6712
  7175
  7557
  7851
  8056
  8168
  8187
  8112
  7944
  7685
  7338
  6908
  6398
  5813
  5164
  4455
  3696
  2894
  2056
  1197
   325
  -551
 -1421
 -2277
 -3104
 -3896
 -4643
 -5337
 -5970
 -6537
 -7027
 -7436
 -7760
 -7996
 -8140
 -8191
 -8148
 -8012
 -7784
 -7467
 -7063
 -6579
 -6021
 -5393
 -4704
 -3958
 -3170
 -2345
 -1493
  -625
   248
  1124
  1984
  2822
  3627
  4390
  5106
  5761
  6350
  6866
  7304
  7658
  7925
  8101
  8184
  8173
  8069
  7872
  7585
  7211
  6755
  6222
  5618
  4946
  4221
  3447
  2634
  1790
   923
    49
  -826
 -1692
 -2538
 -3358
 -4137
 -4868
 -5544
 -6156
 -6698
 -7165
 -7548
 -7844
 -8051
 -8166
 -8187
 -8115
 -7949
 -7693
 -7349
 -6920
 -6411
 -5830
 -5182
 -4475
 -3717
 -2913
 -2079
 -1221
  -349
   524
  1394
  2251
  3080
  3873
  4621
  5317
  5954
  6521
  7013
  7425
  7752
  7990
  8137
  8191
  8151
  8017
  7792
  7476
  7076
  6595
  6039
  5413
  4726
  3981
  3194
  2370
  1519
   651
  -228
 -1101
 -1961
 -2800
 -3606
 -4373
 -5088
 -5744
 -6335
 -6853
 -7293
 -7651
 -7919
 -8098
 -8183
 -8175
 -8073
 -7878
 -7594
 -7223
 -6769
 -6237
 -5632
 -4965
 -4241
 -3468
 -2656
 -1810
  -947
   -72
   800
  1666
  2513
  3334
  4114
  4847
  5524
  6139
  6684
  7152
  7537
  7837
  8046
  8164
  8188
  8118
  7956
  7702
  7361
  6933
  6428
  5849
  5203
  4497
  3740
  2938
  2104
  1247
   375
  -501
 -1374
 -2229
 -3058
 -3852
 -4602
 -5301
 -5938
 -6507
 -7001
 -7415
 -7744
 -7986
 -8135
 -8191
 -8153
 -8022
 -7798
 -7486
 -7088
 -6609
 -6055
 -5431
 -4742
 -4002
 -3216
 -2393
 -1543
  -672
   201
  1074
  1935
  2774
  3582
  4351
  5067
  5725
  6318
  6839
  7282
  7641
  7913
  8093
  8182
  8176
  8077
  7886
  7604
  7235
  6784
  6253
  5652
  4986
  4264
  3492
  2681
  1836
   973
    99
  -776
 -1643
 -2493
 -3312
 -4093
 -4828
 -5507
 -6125
 -6671
 -7140
 -7528
 -7830
 -8042
 -8162
 -8189
 -8122
 -7961
 -7710
 -7370
 -6946
 -6442
 -5865
 -5221
 -4517
 -3759
 -2960
 -2127
 -1270
  -399
   477
  1348
  2203
  3033
  3828
  4580
  5281
  5920
  6490
  6987
  7403
  7736
  7980
  8131
  8190
  8155
  8027
  7806
  7497
  7101
  6625
  6073
  5448
  4764
  4025
  3240
  2418
  1566
   698
  -177
 -1051
 -1913
 -2752
 -3563
 -4331
 -5048
 -5708
 -6303
 -6827
 -7272
 -7633
 -7906
 -8090
 -8181
 -8178
 -8081
 -7892
 -7613
 -7246
 -6795
 -6268
 -5669
 -5005
 -4284
 -3514
 -2700
 -1859
  -996
  -123
   750
  1620
  2468
  3288
  4070
  4806
  5487
  6107
  6655
  7127
  7518
  7822
  8037
  8160
  8189
  8125
  7968
  7719
  7381
  6960
  6459
  5884
  5241
  4537
  3782
  2985
  2153
  1297
   422
  -454
 -1325
 -2180
 -3011
 -3807
 -4563
 -5263
 -5903
 -6476
 -6975
 -7395
 -7729
 -7974
 -8129
 -8190
 -8158
 -8031
 -7813
 -7506
 -7113
 -6639
 -6086
 -5466
 -4783
 -4046
 -3262
 -2441
 -1589
  -722
   151
  1025
  1887
  2730
  3539
  4308
  5027
  5689
  6286
  6813
  7259
  7623
  7899
  8086
  8179
  8179
  8085
  7899
  7622
  7259
  6810
  6285
  5688
  5026
  4307
  3535
  2726
  1885
  1023
   149
  -729
 -1597
 -2445
 -3266
 -4050
 -4787
 -5472
 -6092
 -6641
 -7116
 -7508
 -7816
 -8033
 -8158
 -8190
 -8128
 -7973
 -7726
 -7391
 -6972
 -6473
 -5900
 -5257
 -4556
 -3803
 -3007
 -2176
 -1320
  -446
   427
  1298
  2154
  2986
  3786
  4540
  5243
  5885
  6460
  6961
  7383
  7720
  7968
  8125
  8189
  8160
  8036
  7821
  7517
  7126
  6654
  6104
  5486
  4805
  4069
  3286
  2463
  1615
   748
  -127
 -1001
 -1867
 -2708
 -3518
 -4288
 -5009
 -5672
 -6273
 -6799
 -7248
 -7614
 -7893
 -8082
 -8178
 -8180
 -8089
 -7905
 -7631
 -7268
 -6823
 -6300
 -5705
 -5045
 -4324
 -3556
 -2748
 -1908
 -1046
  -173
   703
  1570
  2420
  3242
  4027
  4768
  5452
  6074
  6626
  7102
  7497
  7808
  8028
  8156
  8190
  8131
  7978
  7735
  7403
  6986
  6489
  5918
  5277
  4578
  3827
  3031
  2201
  1343
   473
  -404
 -1275
 -2132
 -2967
 -3766
 -4521
 -5224
 -5868
 -6445
 -6950
 -7373
 -7712
 -7963
 -8122
 -8189
 -8162
 -8041
 -7828
 -7526
 -7138
 -6666
 -6120
 -5503
 -4824
 -4089
 -3305
 -2486
 -1638
  -772
   101
   975
  1841
  2683
  3494
  4265
  4987
  5655
  6256
  6785
  7236
  7604
  7886
  8078
  8177
  8182
  8093
  7912
  7640
  7280
  6838
  6317
  5724
  5066
  4347
  3580
  2773
  1934
  1073
   196
  -679
 -1547
 -2397
 -3220
 -4009
 -4749
 -5434
 -6058
 -6612
 -7090
 -7489
 -7801
 -8023
 -8153
 -8191
 -8134
 -7984
 -7743
 -7413
 -6998
 -6504
 -5933
 -5295
 -4598
 -3848
 -3053
 -2221
 -1366
  -496
   377
  1249
  2106
  2942
  3742
  4499
  5204
  5850
  6430
  6936
  7361
  7703
  7956
  8119
  8188
  8164
  8046
  7836
  7537
  7149
  6682
  6137
  5523
  4846
  4112
  3330
  2511
  1664
   798
   -77
  -954
 -1818
 -2660
 -3472
 -4245
 -4971
 -5638
 -6240
 -6771
 -7225
 -7596
 -7880
 -8074
 -8175
 -8183
 -8097
 -7917
 -7648
 -7291
 -6851
 -6332
 -5741
 -5082
 -4366
 -3601
 -2795
 -1957
 -1093
  -220
   653
  1521
  2372
  3196
  3986
  4727
  5414
  6040
  6596
  7079
  7478
  7792
  8017
  8151
  8191
  8137
  7990
  7751
  7424
  7012
  6518
  5951
  5316
  4620
  3871
  3078
  2247
  1393
   523
  -353
 -1225
 -2086
 -2920
 -3721
 -4479
 -5186
 -5835
 -6416
 -6923
 -7351
 -7695
 -7951
 -8116
 -8188
 -8166
 -8050
 -7843
 -7545
 -7161
 -6695
 -6153
 -5540
 -4864
 -4130
 -3351
 -2534
 -1687
  -822
    53
   928
  1792
  2635
  3448
  4222
  4950
  5619
  6223
  6756
  7212
  7587
  7873
  8069
  8173
  8184
  8101
  7924
  7658
  7303
  6865
  6349
  5758
  5103
  4389
  3625
  2820
  1983
  1120
   247
  -629
 -1498
 -2349
 -3177
 -3965
 -4708
 -5397
 -6024
 -6584
 -7067
 -7469
 -7785
 -8013
 -8148
 -8191
 -8139
 -7995
 -7759
 -7434
 -7023
 -6532
 -5967
 -5334
 -4639
 -3892
 -3097
 -2269
 -1416
  -546
   327
  1202
  2060
  2895
  3697
  4456
  5165
  5817
  6399
  6909
  7339
  7686
  7945
  8112
  8187
  8168
  8055
  7851
  7555
  7174
  6711
  6171
  5560
  4883
  4153
  3375
  2559
  1713
   848
   -30
  -904
 -1769
 -2613
 -3427
 -4205
 -4931
 -5601
 -6208
 -6743
 -7202
 -7578
 -7867
 -8065
 -8172
 -8185
 -8104
 -7930
 -7666
 -7314
 -6878
 -6362
 -5774
 -5121
 -4409
 -3646
 -2842
 -2003
 -1143
  -270
   603
  1472
  2327
  3152
  3942
  4686
  5377
  6006
  6568
  7053
  7458
  7777
  8007
  8146
  8191
  8142
  8001
  7767
  7445
  7036
  6548
  5985
  5354
  4661
  3913
  3122
  2295
  1442
   573
  -306
 -1179
 -2038
 -2873
 -3676
 -4437
 -5149
 -5800
 -6384
 -6896
 -7329
 -7679
 -7939
 -8109
 -8186
 -8170
 -8060
 -7856
 -7564
 -7185
 -6724
 -6186
 -5575
 -4902
 -4173
 -3397
 -2581
 -1736
  -869
     3
   878
  1743
  2587
  3405
  4182
  4910
  5582
  6190
  6728
  7190
  7568
  7859
  8061
  8170
  8186
  8108
  7937
  7675
  7326
  6893
  6379
  5793
  5142
  4431
  3670
  2864
  2028
  1169
   297
  -579
 -1451
 -2304
 -3130
 -3921
 -4666
 -5359
 -5992
 -6554
 -7041
 -7448
 -7769
 -8003
 -8143
 -8191
 -8145
 -8006
 -7775
 -7454
 -7048
 -6562
 -6001
 -5372
 -4678
 -3933
 -3143
 -2318
 -1465
  -596
   280
  1152
  2012
  2848
  3652
  4417
  5128
  5781
  6368
  6882
  7317
  7669
  7933
  8105
  8185
  8171
  8064
  7864
  7574
  7198
  6739
  6204
  5595
  4924
  4196
  3421
  2607
  1760
   895
    20
  -854
 -1720
 -2568
 -3384
 -4161
 -4891
 -5565
 -6175
 -6716
 -7178
 -7559
 -7852
 -8056
 -8169
 -8187
 -8111
 -7943
 -7683
 -7336
 -6904
 -6393
 -5810
 -5160
 -4451
 -3689
 -2886
 -2051
 -1193
  -320
   552
  1425
  2278
  3106
  3897
  4645
  5341
  5974
  6538
  7028
  7437
  7761
  7997
  8140
  8191
  8148
  8011
  7782
  7465
  7062
  6578
  6020
  5392
  4700
  3957
  3168
  2343
  1492
   620
  -256
 -1129
 -1989
 -2826
 -3634
 -4397
 -5110
 -5764
 -6353
 -6869
 -7307
 -7661
 -7927
 -8102
 -8184
 -8173
 -8068
 -7871
 -7583
 -7209
 -6753
 -6217
 -5612
 -4942
 -4217
 -3443
 -2626
 -1783
  -918
   -44
   828
  1693
  2543
  3360
  4138
  4870
  5545
  6159
  6701
  7166
  7548
  7845
  8052
  8166
  8187
  8115
  7949
  7693
  7347
  6918
  6410
  5829
  5181
  4474
  3712
  2911
  2077
  1219
   347
  -532
 -1402
 -2256
 -3084
 -3877
 -4628
 -5323
 -5957
 -6524
 -7015
 -7427
 -7754
 -7992
 -8138
 -8191
 -8150
 -8015
 -7790
 -7474
 -7074
 -6592
 -6036
 -5407
 -4719
 -3977
 -3190
 -2366
 -1512
  -643
   229
  1102
  1963
  2801
  3610
  4374
  5089
  5745
  6336
  6856
  7295
  7651
  7920
  8098
  8183
  8175
  8072
  7878
  7593
  7222
  6766
  6234
  5631
  4964
  4240
  3467
  2651
  1809
   945
    71
  -804
 -1673
 -2520
 -3338
 -4118
 -4851
 -5530
 -6144
 -6687
 -7154
 -7539
 -7838
 -8048
 -8165
 -8188
 -8118
 -7955
 -7700
 -7357
 -6931
 -6425
 -5845
 -5199
 -4491
 -3733
 -2933
 -2100
 -1242
  -367
   505
  1376
  2230
  3059
  3853
  4606
  5303
  5939
  6508
  7002
  7417
  7746
  7986
  8135
  8191
  8153
  8021
  7798
  7485
  7087
  6608
  6051
  5427
  4741
  4001
  3214
  2391
  1538
   670
  -206
 -1079
 -1940
 -2782
 -3589
 -4355
 -5071
 -5729
 -6323
 -6843
 -7285
 -7643
 -7914
 -8094
 -8182
 -8176
 -8076
 -7884
 -7602
 -7231
 -6779
 -6250
 -5648
 -4982
 -4260
 -3485
 -2674
 -1832
  -968
   -94
   781
  1647
  2495
  3314
  4095
  4829
  5510
  6126
  6672
  7141
  7529
  7831
  8043
  8162
  8189
  8121
  7961
  7709
  7369
  6945
  6441
  5864
  5217
  4513
  3757
  2958
  2126
  1269
   394
  -482
 -1352
 -2207
 -3037
 -3835
 -4586
 -5285
 -5923
 -6493
 -6991
 -7407
 -7738
 -7981
 -8132
 -8190
 -8155
 -8026
 -7805
 -7495
 -7099
 -6620
 -6067
 -5445
 -4760
 -4021
 -3236
 -2411
 -1561
  -693
   179
  1053
  1917
  2757
  3565
  4332
  5050
  5709
  6306
  6828
  7272
  7633
  7907
  8091
  8181
  8178
  8081
  7892
  7612
  7244
  6794
  6267
  5668
  5004
  4280
  3509
  2699
  1858
   995
   121
  -758
 -1624
 -2472
 -3292
 -4074
 -4813
 -5493
 -6110
 -6658
 -7129
 -7521
 -7824
 -8038
 -8160
 -8189
 -8124
 -7966
 -7717
 -7379
 -6957
 -6456
 -5878
 -5235
 -4533
 -3778
 -2980
 -2148
 -1289
  -418
   455
  1326
  2182
  3015
  3811
  4564
  5264
  5904
  6477
  6977
  7395
  7729
  7975
  8129
  8190
  8157
  8031
  7813
  7506
  7112
  6636
  6085
  5465
  4782
  4044
  3258
  2436
  1587
   720
  -155
 -1029
 -1894
 -2734
 -3543
 -4312
 -5031
 -5695
 -6291
 -6815
 -7261
 -7625
 -7902
 -8087
 -8180
 -8179
 -8085
 -7898
 -7620
 -7255
 -6807
 -6282
 -5685
 -5020
 -4300
 -3531
 -2721
 -1880
 -1018
  -141
   731
  1598
  2447
  3268
  4054
  4791
  5473
  6093
  6642
  7116
  7510
  7816
  8033
  8158
  8190
  8127
  7972
  7726
  7391
  6971
  6472
  5897
  5256
  4555
  3802
  3005
  2171
  1315
   444
  -432
 -1303
 -2162
 -2993
 -3791
 -4544
 -5246
 -5888
 -6464
 -6965
 -7385
 -7721
 -7969
 -8126
 -8190
 -8159
 -8036
 -7820
 -7515
 -7122
 -6650
 -6101
 -5482
 -4801
 -4062
 -3279
 -2459
 -1610
  -743
   129
  1006
  1868
  2709
  3519
  4289
  5012
  5676
  6274
  6800
  7249
  7615
  7894
  8083
  8178
  8180
  8089
  7904
  7629
  7267
  6822
  6299
  5704
  5041
  4323
  3555
  2746
  1906
  1042
   168
  -708
 -1575
 -2424
 -3249
 -4033
 -4772
 -5455
 -6077
 -6629
 -7106
 -7501
 -7809
 -8028
 -8156
 -8190
 -8130
 -7977
 -7733
 -7401
 -6984
 -6485
 -5913
 -5274
 -4574
 -3823
 -3024
 -2194
 -1338
  -468
   405
  1276
  2136
  2969
  3767
  4522
  5226
  5872
  6448
  6951
  7374
  7712
  7963
  8123
  8189
  8162
  8041
  7828
  7524
  7136
  6665
  6119
  5502
  4823
  4085
  3304
  2484
  1637
   770
  -108
  -982
 -1845
 -2687
 -3498
 -4272
 -4994
 -5659
 -6259
 -6787
 -7238
 -7607
 -7888
 -8079
 -8177
 -8181
 -8092
 -7910
 -7638
 -7278
 -6835
 -6314
 -5718
 -5059
 -4343
 -3576
 -2768
 -1926
 -1065
  -192
   681
  1549
  2399
  3224
  4010
  4750
  5436
  6059
  6615
  7093
  7490
  7801
  8023
  8153
  8190
  8133
  7983
  7742
  7412
  6996
  6501
  5932
  5294
  4597
  3846
  3049
  2220
  1365
   494
  -382
 -1256
 -2114
 -2947
 -3746
 -4502
 -5210
 -5855
 -6433
 -6938
 -7363
 -7704
 -7958
 -8120
 -8188
 -8163
 -8045
 -7834
 -7534
 -7147
 -6679
 -6134
 -5520
 -4839
 -4106
 -3325
 -2507
 -1660
  -790
    82
   956
  1819
  2662
  3474
  4249
  4972
  5639
  6241
  6772
  7227
  7597
  7881
  8074
  8175
  8183
  8096
  7917
  7647
  7290
  6850
  6329
  5738
  5080
  4365
  3600
  2794
  1952
  1092
   218
  -657
 -1526
 -2379
 -3203
 -3990
 -4731
 -5418
 -6045
 -6601
 -7081
 -7480
 -7794
 -8018
 -8151
 -8191
 -8136
 -7989
 -7750
 -7421
 -7008
 -6515
 -5948
 -5312
 -4616
 -3864
 -3071
 -2242
 -1388
  -518
   358
  1230
  2088
  2922
  3722
  4480
  5189
  5836
  6417
  6924
  7352
  7696
  7952
  8116
  8188
  8166
  8050
  7842
  7544
  7160
  6694
  6152
  5537
  4861
  4129
  3350
  2532
  1686
   817
   -58
  -933
 -1796
 -2640
 -3455
 -4229
 -4954
 -5622
 -6226
 -6761
 -7216
 -7589
 -7874
 -8070
 -8174
 -8184
 -8100
 -7923
 -7656
 -7301
 -6861
 -6344
 -5754
 -5099
 -4385
 -3621
 -2813
 -1975
 -1115
  -242
   631
  1502
  2354
  3178
  3966
  4709
  5398
  6027
  6585
  7068
  7469
  7786
  8014
  8149
  8191
  8139
  7995
  7758
  7432
  7022
  6531
  5966
  5333
  4635
  3888
  3096
  2268
  1414
   545
  -334
 -1207
 -2065
 -2900
 -3701
 -4463
 -5171
 -5820
 -6402
 -6911
 -7343
 -7688
 -7946
 -8113
 -8187
 -8167
 -8054
 -7848
 -7553
 -7172
 -6708
 -6165
 -5554
 -4880
 -4149
 -3371
 -2555
 -1706
  -840
    31
   906
  1770
  2617
  3431
  4206
  4932
  5603
  6209
  6746
  7203
  7578
  7867
  8066
  8172
  8185
  8104
  7930
  7665
  7313
  6876
  6361
  5773
  5120
  4408
  3642
  2838
  2001
  1141
   269
  -607
 -1479
 -2331
 -3156
 -3946
 -4690
 -5382
 -6011
 -6571
 -7056
 -7460
 -7779
 -8009
 -8146
 -8191
 -8142
 -8000
 -7765
 -7442
 -7034
 -6546
 -5982
 -5348
 -4655
 -3908
 -3117
 -2291
 -1438
  -565
   308
  1180
  2039
  2875
  3680
  4441
  5150
  5801
  6385
  6897
  7331
  7679
  7940
  8109
  8186
  8169
  8059
  7856
  7564
  7184
  6723
  6183
  5574
  4901
  4172
  3395
  2577
  1732
   867
    -8
  -883
 -1747
 -2595
 -3410
 -4186
 -4914
 -5585
 -6195
 -6732
 -7192
 -7570
 -7860
 -8062
 -8171
 -8186
 -8107
 -7936
 -7674
 -7322
 -6888
 -6376
 -5790
 -5138
 -4425
 -3663
 -2860
 -2024
 -1165
  -292
   584
  1453
  2306
  3132
  3922
  4670
  5362
  5993
  6555
  7042
  7449
  7771
  8003
  8144
  8191
  8145
  8005
  7773
  7453
  7048
  6562
  6000
  5368
  4677
  3932
  3142
  2316
  1461
   592
  -284
 -1157
 -2016
 -2853
 -3659
 -4421
 -5132
 -5784
 -6371
 -6886
 -7320
 -7671
 -7934
 -8106
 -8185
 -8171
 -8063
 -7863
 -7573
 -7196
 -6735
 -6198
 -5591
 -4920
 -4192
 -3414
 -2599
 -1755
  -890
   -16
   856
  1724
  2570
  3385
  4163
  4892
  5568
  6178
  6717
  7179
  7559
  7853
  8057
  8169
  8187
  8111
  7942
  7682
  7334
  6903
  6392
  5809
  5159
  4447
  3687
  2885
  2050
  1191
   316
  -560
 -1430
 -2283
 -3110
 -3904
 -4651
 -5344
 -5977
 -6541
 -7030
 -7440
 -7763
 -7998
 -8141
 -8191
 -8147
 -8010
 -7781
 -7463
 -7060
 -6576
 -6014
 -5386
 -4696
 -3953
 -3164
 -2336
 -1484
  -615
   258
  1130
  1990
  2830
  3635
  4398
  5111
  5765
  6356
  6871
  7308
  7661
  7927
  8102
  8184
  8173
  8068
  7870
  7583
  7207
  6750
  6216
  5611
  4941
  4215
  3438
  2625
  1781
   917
    42
  -836
 -1701
 -2547
 -3364
 -4142
 -4876
 -5551
 -6162
 -6703
 -7168
 -7550
 -7847
 -8053
 -8167
 -8187
 -8114
 -7947
 -7690
 -7345
 -6915
 -6407
 -5825
 -5175
 -4467
 -3708
 -2907
 -2073
 -1211
  -339
   534
  1404
  2257
  3085
  3881
  4629
  5324
  5959
  6525
  7018
  7429
  7755
  7992
  8138
  8191
  8150
  8015
  7789
  7474
  7073
  6590
  6032
  5406
  4718
  3976
  3188
  2361
  1510
   642
  -234
 -1107
 -1971
 -2808
 -3614
 -4378
 -5093
 -5751
 -6341
 -6858
 -7297
 -7653
 -7921
 -8099
 -8183
 -8174
 -8072
 -7877
 -7590
 -7218
 -6763
 -6231
 -5628
 -4960
 -4233
 -3460
 -2647
 -1804
  -940
   -63
   809
  1675
  2522
  3340
  4119
  4854
  5531
  6145
  6688
  7155
  7541
  7839
  8048
  8165
  8188
  8118
  7954
  7699
  7356
  6930
  6424
  5842
  5195
  4489
  3732
  2932
  2098
  1238
   366
  -510
 -1380
 -2235
 -3066
 -3860
 -4610
 -5306
 -5942
 -6512
 -7006
 -7419
 -7747
 -7987
 -8135
 -8191
 -8152
 -8020
 -7796
 -7483
 -7083
 -6604
 -6048
 -5424
 -4737
 -3996
 -3207
 -2384
 -1533
  -665
   207
  1084
  1945
  2783
  3590
  4356
  5072
  5732
  6324
  6844
  7285
  7643
  7915
  8095
  8182
  8176
  8076
  7884
  7600
  7231
  6778
  6249
  5647
  4979
  4256
  3484
  2672
  1830
   967
    90
  -786
 -1652
 -2499
 -3318
 -4102
 -4835
 -5514
 -6129
 -6674
 -7145
 -7532
 -7833
 -8044
 -8163
 -8189
 -8120
 -7959
 -7707
 -7367
 -6942
 -6436
 -5858
 -5214
 -4509
 -3753
 -2954
 -2118
 -1261
  -389
   483
  1354
  2212
  3042
  3836
  4587
  5286
  5924
  6496
  6992
  7408
  7738
  7981
  8133
  8190
  8154
  8025
  7804
  7494
  7097
  6619
  6066
  5444
  4759
  4017
  3232
  2409
  1560
   692
  -184
 -1060
 -1922
 -2761
 -3569
 -4336
 -5056
 -5715
 -6309
 -6831
 -7275
 -7636
 -7909
 -8091
 -8181
 -8177
 -8080
 -7889
 -7609
 -7242
 -6792
 -6264
 -5662
 -4997
 -4276
 -3505
 -2694
 -1853
  -987
  -113
   759
  1626
  2474
  3297
  4078
  4814
  5494
  6111
  6659
  7132
  7521
  7825
  8039
  8161
  8189
  8124
  7965
  7716
  7378
  6956
  6453
  5877
  5234
  4531
  3777
  2976
  2144
  1287
   416
  -460
 -1331
 -2189
 -3020
 -3816
 -4568
 -5268
 -5910
 -6482
 -6979
 -7397
 -7731
 -7976
 -8130
 -8190
 -8157
 -8030
 -7812
 -7502
 -7108
 -6633
 -6082
 -5461
 -4776
 -4038
 -3253
 -2432
 -1583
  -715
   160
  1034
  1896
  2736
  3545
  4316
  5035
  5696
  6292
  6816
  7262
  7626
  7902
  8087
  8180
  8179
  8084
  7897
  7619
  7254
  6806
  6281
  5681
  5019
  4298
  3529
  2720
  1876
  1014
   140
  -736
 -1603
 -2451
 -3275
 -4058
 -4795
 -5477
 -6096
 -6647
 -7120
 -7512
 -7818
 -8034
 -8159
 -8190
 -8127
 -7971
 -7724
 -7389
 -6967
 -6467
 -5893
 -5252
 -4551
 -3795
 -2998
 -2167
 -1311
  -440
   433
  1307
  2164
  2995
  3792
  4546
  5250
  5891
  6465
  6965
  7386
  7722
  7970
  8126
  8190
  8159
  8035
  7819
  7513
  7122
  6649
  6100
  5481
  4797
  4061
  3278
  2457
  1609
   739
  -137
 -1011
 -1873
 -2714
 -3524
 -4296
 -5016
 -5679
 -6277
 -6803
 -7253
 -7618
 -7896
 -8083
 -8178
 -8180
 -8088
 -7903
 -7628
 -7265
 -6820
 -6294
 -5698
 -5037
 -4319
 -3551
 -2739
 -1899
 -1037
  -163
   709
  1577
  2429
  3250
  4035
  4773
  5457
  6080
  6631
  7107
  7501
  7810
  8029
  8156
  8190
  8130
  7977
  7733
  7399
  6981
  6484
  5912
  5273
  4573
  3818
  3023
  2192
  1337
   466
  -413
 -1284
 -2141
 -2973
 -3771
 -4526
 -5232
 -5875
 -6451
 -6953
 -7376
 -7715
 -7965
 -8123
 -8189
 -8161
 -8039
 -7826
 -7522
 -7133
 -6663
 -6116
 -5496
 -4816
 -4081
 -3299
 -2480
 -1629
  -762
   110
   984
  1847
  2689
  3502
  4273
  4995
  5660
  6260
  6790
  7240
  7608
  7889
  8079
  8177
  8181
  8092
  7910
  7637
  7277
  6833
  6311
  5717
  5058
  4341
  3575
  2764
  1925
  1063
   190
  -686
 -1556
 -2406
 -3229
 -4014
 -4754
 -5439
 -6064
 -6618
 -7095
 -7492
 -7803
 -8025
 -8154
 -8190
 -8133
 -7982
 -7740
 -7409
 -6993
 -6498
 -5928
 -5291
 -4590
 -3839
 -3045
 -2215
 -1360
  -487
   386
  1258
  2115
  2948
  3747
  4506
  5211
  5856
  6434
  6939
  7365
  7706
  7958
  8120
  8188
  8163
  8044
  7833
  7533
  7146
  6678
  6131
  5516
  4838
  4104
  3324
  2505
  1655
   789
   -86
  -961
 -1824
 -2669
 -3481
 -4253
 -4976
 -5643
 -6246
 -6777
 -7229
 -7599
 -7882
 -8075
 -8176
 -8182
 -8095
 -7916
 -7646
 -7287
 -6846
 -6326
 -5734
 -5077
 -4361
 -3593
 -2786
 -1948
 -1087
  -214
   662
  1530
  2381
  3204
  3991
  4732
  5421
  6046
  6602
  7082
  7481
  7795
  8019
  8152
  8191
  8136
  7988
  7748
  7420
  7007
  6514
  5947
  5309
  4612
  3863
  3069
  2241
  1387
   513
  -363
 -1235
 -2092
 -2926
 -3729
 -4487
 -5193
 -5840
 -6420
 -6928
 -7355
 -7698
 -7953
 -8117
 -8188
 -8165
 -8049
 -7840
 -7542
 -7158
 -6690
 -6147
 -5534
 -4857
 -4125
 -3345
 -2525
 -1678
  -812
    60
   934
  1801
  2644
  3457
  4230
  4955
  5623
  6229
  6762
  7217
  7589
  7875
  8071
  8174
  8184
  8099
  7923
  7655
  7299
  6860
  6343
  5753
  5098
  4381
  3617
  2811
  1974
  1113
   240
  -639
 -1507
 -2358
 -3183
 -3970
 -4715
 -5404
 -6030
 -6588
 -7070
 -7473
 -7788
 -8015
 -8149
 -8191
 -8139
 -7993
 -7756
 -7430
 -7019
 -6528
 -5961
 -5327
 -4632
 -3884
 -3091
 -2263
 -1407
  -537
   336
  1208
  2066
  2904
  3705
  4464
  5172
  5821
  6403
  6914
  7343
  7689
  7946
  8113
  8187
  8167
  8054
  7848
  7553
  7171
  6705
  6164
  5553
  4878
  4148
  3367
  2550
  1704
   839
   -36
  -911
 -1778
 -2622
 -3435
 -4210
 -4936
 -5608
 -6214
 -6748
 -7205
 -7580
 -7869
 -8067
 -8173
 -8185
 -8103
 -7929
 -7663
 -7310
 -6873
 -6358
 -5770
 -5114
 -4401
 -3638
 -2833
 -1996
 -1137
  -261
   612
  1481
  2333
  3158
  3950
  4694
  5384
  6012
  6572
  7056
  7462
  7780
  8009
  8147
  8191
  8141
  7999
  7764
  7441
  7033
  6545
  5979
  5347
  4654
  3907
  3116
  2286
  1433
   563
  -312
 -1185
 -2044
 -2882
 -3684
 -4445
 -5154
 -5804
 -6390
 -6901
 -7333
 -7681
 -7941
 -8110
 -8186
 -8169
 -8058
 -7855
 -7562
 -7181
 -6719
 -6180
 -5570
 -4897
 -4165
 -3388
 -2573
 -1727
  -862
     9
   887
  1752
  2596
  3411
  4187
  4917
  5589
  6196
  6733
  7193
  7570
  7862
  8062
  8171
  8186
  8107
  7934
  7672
  7322
  6888
  6375
  5789
  5134
  4423
  3662
  2858
  2022
  1160
   287
  -589
 -1458
 -2310
 -3136
 -3929
 -4674
 -5366
 -5996
 -6558
 -7046
 -7452
 -7772
 -8004
 -8144
 -8191
 -8144
 -8004
 -7772
 -7451
 -7045
 -6557
 -5995
 -5365
 -4673
 -3928
 -3135
 -2309
