 -1456
 -1456
     0
     0
   756
  1506
  2242
  2960
  3652
  4316
  4940
  5522
  6057
  6540
  6967
  7336
  7641
  7881
  8053
  8157
  8191
  8155
  8049
  7874
  7633
  7326
  6956
  6526
  6041
  5505
  4921
  4296
  3631
  2938
  2220
  1482
   733
   -24
  -783
 -1532
 -2268
 -2985
 -3676
 -4336
 -4961
 -5542
 -6075
 -6556
 -6981
 -7347
 -7651
 -7888
 -8058
 -8159
 -8191
 -8153
 -8044
 -7867
 -7623
 -7314
 -6942
 -6509
 -6023
 -5485
 -4900
 -4273
 -3610
 -2913
 -2194
 -1456
  -706
    47
   803
  1555
  2291
  3007
  3697
  4356
  4977
  5559
  6090
  6570
  6993
  7357
  7658
  7894
  8062
  8161
  8191
  8150
  8040
  7860
  7614
  7303
  6930
  6497
  6007
  5467
  4881
  4253
  3589
  2894
  2171
  1433
   682
   -74
  -829
 -1578
 -2316
 -3031
 -3721
 -4378
 -4999
 -5576
 -6108
 -6586
 -7007
 -7369
 -7668
 -7902
 -8067
 -8164
 -8191
 -8148
 -8035
 -7853
 -7604
 -7291
 -6915
 -6481
 -5991
 -5447
 -4859
 -4230
 -3565
 -2869
 -2148
 -1407
  -656
    97
   853
  1601
  2336
  3053
  3742
  4398
  5017
  5593
  6124
  6600
  7019
  7379
  7676
  7907
  8071
  8166
  8190
  8145
  8030
  7847
  7596
  7280
  6903
  6466
  5975
  5432
  4840
  4210
  3543
  2847
  2126
  1387
   632
  -124
  -879
 -1627
 -2361
 -3078
 -3766
 -4421
 -5038
 -5613
 -6140
 -6616
 -7033
 -7391
 -7685
 -7914
 -8075
 -8168
 -8190
 -8142
 -8025
 -7839
 -7587
 -7268
 -6888
 -6450
 -5956
 -5412
 -4821
 -4187
 -3519
 -2822
 -2100
 -1360
  -606
   148
   903
  1650
  2384
  3097
  3786
  4441
  5057
  5630
  6155
  6628
  7045
  7401
  7693
  7920
  8079
  8169
  8189
  8140
  8020
  7833
  7578
  7259
  6876
  6435
  5940
  5394
  4802
  4167
  3498
  2800
  2077
  1337
   585
  -174
  -929
 -1677
 -2409
 -3122
 -3807
 -4463
 -5078
 -5649
 -6173
 -6643
 -7057
 -7412
 -7702
 -7927
 -8083
 -8171
 -8189
 -8137
 -8015
 -7825
 -7568
 -7246
 -6861
 -6419
 -5922
 -5374
 -4781
 -4146
 -3474
 -2774
 -2051
 -1311
  -559
   195
   953
  1700
  2432
  3143
  3828
  4480
  5096
  5666
  6188
  6657
  7069
  7421
  7710
  7933
  8087
  8173
  8188
  8134
  8010
  7818
  7559
  7235
  6850
  6404
  5905
  5356
  4762
  4126
  3455
  2752
  2028
  1287
   535
  -221
  -976
 -1726
 -2457
 -3168
 -3852
 -4502
 -5115
 -5686
 -6206
 -6673
 -7083
 -7432
 -7719
 -7939
 -8091
 -8174
 -8188
 -8131
 -8004
 -7810
 -7548
 -7223
 -6835
 -6389
 -5887
 -5336
 -4740
 -4103
 -3431
 -2730
 -2003
 -1261
  -509
   245
  1000
  1746
  2480
  3190
  3873
  4522
  5133
  5703
  6221
  6686
  7094
  7442
  7726
  7945
  8095
  8176
  8187
  8128
  8000
  7803
  7539
  7211
  6822
  6375
  5873
  5318
  4721
  4083
  3410
  2708
  1983
  1238
   485
  -272
 -1026
 -1772
 -2505
 -3214
 -3896
 -4544
 -5154
 -5720
 -6238
 -6702
 -7108
 -7453
 -7735
 -7951
 -8099
 -8177
 -8186
 -8125
 -7994
 -7795
 -7529
 -7199
 -6807
 -6358
 -5854
 -5300
 -4699
 -4059
 -3385
 -2683
 -1957
 -1211
  -458
   295
  1049
  1795
  2525
  3236
  3917
  4564
  5172
  5736
  6252
  6715
  7119
  7463
  7743
  7956
  8102
  8179
  8185
  8122
  7989
  7788
  7521
  7187
  6794
  6343
  5838
  5282
  4679
  4039
  3364
  2660
  1934
  1191
   435
  -322
 -1076
 -1821
 -2550
 -3258
 -3940
 -4586
 -5193
 -5755
 -6269
 -6729
 -7133
 -7474
 -7751
 -7963
 -8106
 -8180
 -8184
 -8118
 -7983
 -7780
 -7510
 -7175
 -6779
 -6326
 -5819
 -5262
 -4660
 -4016
 -3340
 -2635
 -1908
 -1165
  -411
   345
  1099
  1844
  2573
  3279
  3958
  4606
  5211
  5772
  6284
  6742
  7143
  7483
  7759
  7968
  8109
  8181
  8183
  8115
  7978
  7772
  7501
  7165
  6766
  6311
  5802
  5244
  4641
  3998
  3318
  2613
  1885
  1141
   388
  -369
 -1126
 -1870
 -2598
 -3304
 -3981
 -4628
 -5232
 -5791
 -6301
 -6757
 -7156
 -7494
 -7767
 -7974
 -8113
 -8182
 -8182
 -8111
 -7972
 -7764
 -7490
 -7152
 -6753
 -6294
 -5783
 -5223
 -4619
 -3975
 -3297
 -2587
 -1859
 -1115
  -361
   393
  1149
  1893
  2620
  3325
  4002
  4645
  5250
  5808
  6316
  6770
  7167
  7502
  7775
  7980
  8116
  8183
  8181
  8109
  7966
  7756
  7480
  7140
  6739
  6281
  5767
  5205
  4599
  3954
  3275
  2565
  1836
  1092
   338
  -419
 -1172
 -1919
 -2645
 -3350
 -4025
 -4666
 -5268
 -5827
 -6333
 -6785
 -7180
 -7513
 -7782
 -7986
 -8120
 -8185
 -8180
 -8105
 -7961
 -7748
 -7469
 -7127
 -6724
 -6264
 -5748
 -5184
 -4577
 -3931
 -3250
 -2543
 -1810
 -1065
  -311
   443
  1196
  1939
  2668
  3371
  4046
  4686
  5286
  5841
  6348
  6799
  7191
  7522
  7790
  7990
  8123
  8185
  8178
  8101
  7955
  7740
  7460
  7116
  6711
  6249
  5733
  5166
  4557
  3910
  3229
  2520
  1790
  1042
   287
  -469
 -1222
 -1964
 -2690
 -3395
 -4069
 -4708
 -5306
 -5860
 -6363
 -6813
 -7204
 -7533
 -7798
 -7996
 -8126
 -8186
 -8177
 -8097
 -7949
 -7732
 -7449
 -7102
 -6695
 -6231
 -5714
 -5148
 -4535
 -3886
 -3204
 -2495
 -1764
 -1018
  -261
   493
  1245
  1987
  2712
  3414
  4089
  4727
  5324
  5876
  6378
  6827
  7215
  7542
  7805
  8001
  8129
  8187
  8175
  8094
  7943
  7724
  7440
  7090
  6682
  6216
  5697
  5130
  4518
  3866
  3183
  2472
  1741
   995
   240
  -520
 -1272
 -2013
 -2737
 -3438
 -4112
 -4749
 -5344
 -5895
 -6394
 -6839
 -7228
 -7553
 -7813
 -8007
 -8132
 -8188
 -8174
 -8090
 -7936
 -7716
 -7429
 -7079
 -6666
 -6198
 -5678
 -5109
 -4496
 -3845
 -3158
 -2447
 -1715
  -968
  -214
   543
  1295
  2036
  2760
  3460
  4130
  4768
  5362
  5911
  6409
  6852
  7237
  7562
  7820
  8012
  8135
  8188
  8172
  8086
  7931
  7708
  7419
  7067
  6654
  6183
  5661
  5090
  4476
  3824
  3136
  2424
  1692
   945
   190
  -567
 -1321
 -2062
 -2785
 -3484
 -4153
 -4787
 -5382
 -5929
 -6426
 -6867
 -7250
 -7571
 -7828
 -8017
 -8138
 -8189
 -8170
 -8082
 -7924
 -7699
 -7408
 -7053
 -6639
 -6165
 -5641
 -5069
 -4454
 -3800
 -3114
 -2399
 -1666
  -918
  -163
   590
  1342
  2085
  2807
  3505
  4173
  4806
  5398
  5946
  6440
  6880
  7261
  7580
  7834
  8022
  8140
  8190
  8169
  8078
  7918
  7690
  7397
  7041
  6625
  6152
  5624
  5051
  4434
  3779
  3093
  2379
  1643
   895
   140
  -617
 -1368
 -2107
 -2832
 -3529
 -4196
 -4828
 -5418
 -5962
 -6457
 -6894
 -7273
 -7590
 -7842
 -8027
 -8143
 -8190
 -8167
 -8074
 -7912
 -7681
 -7386
 -7028
 -6609
 -6134
 -5607
 -5030
 -4412
 -3756
 -3068
 -2354
 -1620
  -869
  -113
   640
  1391
  2130
  2851
  3551
  4217
  4847
  5436
  5978
  6471
  6907
  7284
  7599
  7848
  8031
  8146
  8190
  8165
  8070
  7906
  7674
  7376
  7015
  6595
  6119
  5590
  5014
  4392
  3735
  3046
  2331
  1597
   848
    90
  -667
 -1417
 -2156
 -2876
 -3575
 -4240
 -4868
 -5455
 -5996
 -6486
 -6921
 -7296
 -7609
 -7856
 -8036
 -8148
 -8191
 -8163
 -8065
 -7899
 -7665
 -7365
 -7002
 -6579
 -6101
 -5570
 -4992
 -4372
 -3711
 -3021
 -2306
 -1570
  -822
   -63
   690
  1441
  2179
  2898
  3593
  4260
  4887
  5473
  6012
  6500
  6932
  7307
  7617
  7863
  8041
  8151
  8191
  8161
  8061
  7892
  7656
  7355
  6991
  6565
  6085
  5553
  4974
  4352
  3690
  2999
  2283
  1547
   798
    42
  -717
 -1467
 -2204
 -2923
 -3617
 -4280
 -4909
 -5493
 -6030
 -6516
 -6946
 -7317
 -7627
 -7870
 -8046
 -8153
 -8191
 -8159
 -8056
 -7885
 -7647
 -7343
 -6977
 -6549
 -6067
 -5534
 -4952
 -4329
 -3669
 -2974
 -2257
 -1521
  -772
   -16
   737
  1490
  2227
  2945
  3638
  4300
  4925
  5510
  6046
  6530
  6959
  7328
  7636
  7877
  8050
  8156
  8191
  8157
  8052
  7879
  7638
  7333
  6965
  6537
  6051
  5516
  4934
  4309
  3648
  2955
  2235
  1498
   748
    -8
  -764
 -1513
 -2253
 -2970
 -3662
 -4323
 -4946
 -5530
 -6064
 -6546
 -6973
 -7340
 -7644
 -7884
 -8055
 -8158
 -8191
 -8154
 -8048
 -7871
 -7629
 -7321
 -6951
 -6521
 -6036
 -5496
 -4912
 -4286
 -3624
 -2930
 -2212
 -1472
  -722
    31
   787
  1536
  2275
  2992
  3683
  4343
  4965
  5545
  6080
  6561
  6985
  7350
  7652
  7889
  8060
  8160
  8191
  8152
  8043
  7866
  7620
  7310
  6938
  6507
  6020
  5481
  4893
  4266
  3603
  2908
  2189
  1448
   698
   -58
  -814
 -1563
 -2298
 -3017
 -3707
 -4365
 -4986
 -5565
 -6096
 -6577
 -6999
 -7362
 -7662
 -7897
 -8064
 -8162
 -8191
 -8149
 -8038
 -7858
 -7611
 -7298
 -6924
 -6490
 -6001
 -5461
 -4872
 -4244
 -3579
 -2883
 -2164
 -1425
  -672
    82
   837
  1586
  2321
  3036
  3728
  4385
  5005
  5582
  6111
  6589
  7011
  7372
  7670
  7903
  8068
  8164
  8190
  8147
  8033
  7852
  7603
  7287
  6911
  6476
  5985
  5444
  4856
  4223
  3558
  2861
  2141
  1402
   651
  -108
  -864
 -1612
 -2346
 -3061
 -3749
 -4408
 -5026
 -5601
 -6129
 -6605
 -7023
 -7384
 -7680
 -7910
 -8072
 -8166
 -8190
 -8144
 -8028
 -7844
 -7593
 -7277
 -6897
 -6460
 -5967
 -5424
 -4834
 -4203
 -3534
 -2836
 -2115
 -1376
  -625
   129
   887
  1635
  2369
  3082
  3770
  4425
  5045
  5619
  6145
  6618
  7036
  7394
  7688
  7916
  8076
  8168
  8190
  8141
  8023
  7837
  7584
  7266
  6886
  6445
  5951
  5406
  4815
  4183
  3515
  2814
  2092
  1352
   601
  -155
  -911
 -1661
 -2394
 -3107
 -3793
 -4447
 -5066
 -5638
 -6162
 -6634
 -7049
 -7404
 -7697
 -7923
 -8081
 -8170
 -8189
 -8139
 -8018
 -7829
 -7574
 -7253
 -6871
 -6430
 -5933
 -5386
 -4793
 -4160
 -3491
 -2792
 -2066
 -1326
  -574
   179
   934
  1684
  2417
  3129
  3814
  4467
  5082
  5655
  6178
  6648
  7061
  7414
  7704
  7929
  8085
  8172
  8189
  8136
  8014
  7822
  7565
  7242
  6858
  6416
  5918
  5368
  4774
  4140
  3470
  2770
  2044
  1303
   551
  -206
  -961
 -1707
 -2442
 -3154
 -3838
 -4489
 -5103
 -5672
 -6195
 -6663
 -7075
 -7426
 -7713
 -7934
 -8089
 -8173
 -8188
 -8133
 -8008
 -7815
 -7554
 -7230
 -6844
 -6399
 -5900
 -5348
 -4753
 -4117
 -3445
 -2745
 -2021
 -1276
  -524
   229
   984
  1730
  2462
  3175
  3859
  4509
  5121
  5689
  6209
  6677
  7087
  7435
  7721
  7940
  8092
  8175
  8187
  8130
  8003
  7808
  7545
  7219
  6831
  6384
  5884
  5333
  4733
  4096
  3424
  2723
  1998
  1256
   501
  -256
 -1011
 -1756
 -2487
 -3197
 -3882
 -4531
 -5142
 -5708
 -6226
 -6691
 -7100
 -7447
 -7730
 -7947
 -8096
 -8176
 -8187
 -8127
 -7998
 -7800
 -7536
 -7206
 -6816
 -6368
 -5865
 -5312
 -4714
 -4073
 -3400
 -2697
 -1972
 -1230
  -477
   280
  1034
  1779
  2510
  3219
  3900
  4551
  5160
  5725
  6241
  6704
  7112
  7456
  7737
  7953
  8100
  8178
  8186
  8124
  7992
  7793
  7527
  7196
  6803
  6353
  5849
  5294
  4695
  4055
  3378
  2675
  1949
  1207
   454
  -303
 -1060
 -1805
 -2535
 -3243
 -3924
 -4573
 -5181
 -5744
 -6259
 -6720
 -7123
 -7467
 -7746
 -7959
 -8104
 -8179
 -8185
 -8120
 -7987
 -7785
 -7516
 -7184
 -6790
 -6336
 -5830
 -5274
 -4673
 -4032
 -3357
 -2650
 -1923
 -1180
  -427
   327
  1084
  1828
  2558
  3265
  3944
  4590
  5199
  5761
  6274
  6733
  7135
  7476
  7754
  7964
  8107
  8180
  8184
  8118
  7981
  7777
  7507
  7172
  6777
  6323
  5813
  5256
  4654
  4012
  3335
  2628
  1900
  1157
   404
  -353
 -1107
 -1854
 -2583
 -3289
 -3968
 -4612
 -5217
 -5780
 -6291
 -6748
 -7148
 -7487
 -7761
 -7971
 -8111
 -8182
 -8183
 -8114
 -7975
 -7769
 -7496
 -7159
 -6762
 -6306
 -5794
 -5235
 -4632
 -3988
 -3311
 -2605
 -1874
 -1130
  -377
   377
  1130
  1874
  2605
  3311
  3988
  4632
  5235
  5794
  6306
  6762
  7159
  7496
  7769
  7976
  8114
  8183
  8182
  8111
  7971
  7761
  7487
  7148
  6748
  6291
  5780
  5217
  4612
  3968
  3289
  2583
  1854
  1107
   353
  -404
 -1157
 -1900
 -2628
 -3335
 -4012
 -4654
 -5256
 -5813
 -6323
 -6777
 -7172
 -7507
 -7777
 -7981
 -8118
 -8184
 -8180
 -8107
 -7964
 -7754
 -7476
 -7135
 -6733
 -6274
 -5761
 -5199
 -4590
 -3944
 -3265
 -2558
 -1828
 -1084
  -327
   427
  1180
  1923
  2650
  3357
  4032
  4673
  5274
  5830
  6336
  6790
  7184
  7516
  7785
  7987
  8120
  8185
  8179
  8104
  7959
  7746
  7467
  7123
  6720
  6259
  5744
  5181
  4573
  3924
  3243
  2535
  1805
  1060
   303
  -454
 -1207
 -1949
 -2675
 -3378
 -4055
 -4695
 -5294
 -5849
 -6353
 -6803
 -7196
 -7527
 -7793
 -7992
 -8124
 -8186
 -8178
 -8100
 -7953
 -7737
 -7456
 -7112
 -6704
 -6241
 -5725
 -5160
 -4551
 -3900
 -3219
 -2510
 -1779
 -1034
  -280
   477
  1230
  1972
  2697
  3400
  4073
  4714
  5312
  5865
  6368
  6816
  7206
  7536
  7800
  7998
  8127
  8187
  8176
  8096
  7947
  7730
  7447
  7100
  6691
  6226
  5708
  5142
  4531
  3882
  3197
  2487
  1756
  1011
   256
  -501
 -1256
 -1998
 -2723
 -3424
 -4096
 -4733
 -5333
 -5884
 -6384
 -6831
 -7219
 -7545
 -7808
 -8003
 -8130
 -8187
 -8175
 -8092
 -7940
 -7721
 -7435
 -7087
 -6677
 -6209
 -5689
 -5121
 -4509
 -3859
 -3175
 -2462
 -1730
  -984
  -229
   524
  1276
  2021
  2745
  3445
  4117
  4753
  5348
  5900
  6399
  6844
  7230
  7554
  7815
  8008
  8133
  8188
  8173
  8089
  7934
  7713
  7426
  7075
  6663
  6195
  5672
  5103
  4489
  3838
  3154
  2442
  1707
   961
   206
  -551
 -1303
 -2044
 -2770
 -3470
 -4140
 -4774
 -5368
 -5918
 -6416
 -6858
 -7242
 -7565
 -7822
 -8014
 -8136
 -8189
 -8172
 -8085
 -7929
 -7704
 -7414
 -7061
 -6648
 -6178
 -5655
 -5082
 -4467
 -3814
 -3129
 -2417
 -1684
  -934
  -179
   574
  1326
  2066
  2792
  3491
  4160
  4793
  5386
  5933
  6430
  6871
  7253
  7574
  7829
  8018
  8139
  8189
  8170
  8081
  7923
  7697
  7404
  7049
  6634
  6162
  5638
  5066
  4447
  3793
  3107
  2394
  1661
   911
   155
  -601
 -1352
 -2092
 -2814
 -3515
 -4183
 -4815
 -5406
 -5951
 -6445
 -6886
 -7266
 -7584
 -7837
 -8023
 -8141
 -8190
 -8168
 -8076
 -7916
 -7688
 -7394
 -7036
 -6618
 -6145
 -5619
 -5045
 -4425
 -3770
 -3082
 -2369
 -1635
  -887
  -129
   625
  1376
  2115
  2836
  3534
  4203
  4834
  5424
  5967
  6460
  6897
  7277
  7593
  7844
  8028
  8144
  8190
  8166
  8072
  7910
  7680
  7384
  7023
  6605
  6129
  5601
  5026
  4408
  3749
  3061
  2346
  1612
   864
   108
  -651
 -1402
 -2141
 -2861
 -3558
 -4223
 -4856
 -5444
 -5985
 -6476
 -6911
 -7287
 -7603
 -7852
 -8033
 -8147
 -8190
 -8164
 -8068
 -7903
 -7670
 -7372
 -7011
 -6589
 -6111
 -5582
 -5005
 -4385
 -3728
 -3036
 -2321
 -1586
  -837
   -82
   672
  1425
  2164
  2883
  3579
  4244
  4872
  5461
  6001
  6490
  6924
  7298
  7611
  7858
  8038
  8149
  8191
  8162
  8064
  7897
  7662
  7362
  6999
  6577
  6096
  5565
  4986
  4365
  3707
  3017
  2298
  1563
   814
    58
  -698
 -1448
 -2189
 -2908
 -3603
 -4266
 -4893
 -5481
 -6020
 -6507
 -6938
 -7310
 -7620
 -7866
 -8043
 -8152
 -8191
 -8160
 -8060
 -7889
 -7652
 -7350
 -6985
 -6561
 -6080
 -5545
 -4965
 -4343
 -3683
 -2992
 -2275
 -1536
  -787
   -31
   722
  1472
  2212
  2930
  3624
  4286
  4912
  5496
  6036
  6521
  6951
  7321
  7629
  7871
  8048
  8154
  8191
  8158
  8055
  7884
  7644
  7340
  6973
  6546
  6064
  5528
  4946
  4323
  3662
  2970
  2253
  1513
   764
     8
  -748
 -1498
 -2235
 -2955
 -3648
 -4309
 -4934
 -5516
 -6051
 -6537
 -6965
 -7333
 -7638
 -7879
 -8052
 -8157
 -8191
 -8156
 -8050
 -7877
 -7634
 -7328
 -6959
 -6530
 -6046
 -5510
 -4925
 -4300
 -3638
 -2945
 -2227
 -1490
  -737
    16
   772
  1521
  2257
  2974
  3669
  4329
  4952
  5534
  6067
  6549
  6977
  7343
  7647
  7885
  8056
  8159
  8191
  8153
  8046
  7870
  7627
  7317
  6946
  6516
  6030
  5493
  4909
  4280
  3617
  2923
  2204
  1467
   717
   -42
  -798
 -1547
 -2283
 -2999
 -3690
 -4352
 -4974
 -5553
 -6085
 -6565
 -6991
 -7355
 -7656
 -7892
 -8061
 -8161
 -8191
 -8151
 -8041
 -7863
 -7617
 -7307
 -6932
 -6500
 -6012
 -5473
 -4887
 -4260
 -3593
 -2898
 -2179
 -1441
  -690
    63
   822
  1570
  2306
  3021
  3711
  4372
  4992
  5570
  6101
  6579
  7002
  7365
  7665
  7899
  8065
  8163
  8191
  8148
  8036
  7856
  7609
  7296
  6921
  6486
  5996
  5455
  4868
  4240
  3575
  2876
  2156
  1417
   667
   -90
  -848
 -1597
 -2331
 -3046
 -3735
 -4392
 -5014
 -5590
 -6119
 -6595
 -7015
 -7376
 -7674
 -7906
 -8070
 -8165
 -8190
 -8146
 -8031
 -7848
 -7599
 -7284
 -6907
 -6471
 -5978
 -5436
 -4847
 -4217
 -3551
 -2851
 -2130
 -1391
  -640
   113
   869
  1620
  2354
  3068
  3756
  4412
  5030
  5607
  6134
  6609
  7028
  7386
  7681
  7912
  8074
  8167
  8190
  8143
  8027
  7842
  7590
  7273
  6894
  6457
  5962
  5418
  4828
  4196
  3529
  2832
  2107
  1368
   617
  -140
  -895
 -1643
 -2379
 -3093
 -3779
 -4434
 -5051
 -5624
 -6152
 -6625
 -7041
 -7397
 -7690
 -7918
 -8078
 -8169
 -8190
 -8140
 -8022
 -7834
 -7580
 -7261
 -6880
 -6440
 -5946
 -5398
 -4806
 -4173
 -3505
 -2807
 -2085
 -1342
  -590
   163
   918
  1666
  2399
  3114
  3800
  4454
  5069
  5641
  6165
  6639
  7053
  7408
  7699
  7924
  8082
  8170
  8189
  8138
  8017
  7828
  7571
  7250
  6867
  6426
  5929
  5382
  4787
  4153
  3484
  2785
  2062
  1321
   567
  -190
  -945
 -1692
 -2424
 -3136
 -3824
 -4476
 -5090
 -5661
 -6183
 -6654
 -7067
 -7419
 -7708
 -7931
 -8086
 -8172
 -8188
 -8135
 -8012
 -7820
 -7562
 -7237
 -6852
 -6409
 -5911
 -5362
 -4768
 -4130
 -3460
 -2760
 -2036
 -1295
  -543
   214
   968
  1715
  2447
  3158
  3845
  4496
  5109
  5678
  6198
  6666
  7079
  7429
  7716
  7936
  8090
  8174
  8188
  8132
  8007
  7813
  7553
  7228
  6839
  6394
  5895
  5344
  4749
  4112
  3438
  2737
  2013
  1272
   520
  -240
  -995
 -1741
 -2472
 -3183
 -3866
 -4518
 -5130
 -5697
 -6216
 -6682
 -7090
 -7440
 -7724
 -7943
 -8094
 -8175
 -8187
 -8129
 -8001
 -7805
 -7542
 -7215
 -6827
 -6378
 -5876
 -5324
 -4727
 -4089
 -3414
 -2712
 -1987
 -1245
  -493
   261
  1018
  1764
  2495
  3204
  3886
  4535
  5148
  5714
  6231
  6695
  7102
  7449
  7732
  7949
  8097
  8177
  8186
  8126
  7996
  7798
  7533
  7204
  6813
  6363
  5860
  5306
  4708
  4069
  3395
  2690
  1964
  1222
   469
  -287
 -1042
 -1790
 -2520
 -3229
 -3910
 -4557
 -5166
 -5733
 -6249
 -6711
 -7116
 -7460
 -7740
 -7955
 -8101
 -8178
 -8185
 -8123
 -7990
 -7790
 -7522
 -7191
 -6799
 -6348
 -5841
 -5286
 -4686
 -4046
 -3371
 -2668
 -1939
 -1196
  -443
   311
  1065
  1810
  2543
  3250
  3931
  4577
  5184
  5748
  6264
  6724
  7127
  7469
  7748
  7961
  8105
  8180
  8185
  8120
  7986
  7782
  7513
  7180
  6785
  6333
  5827
  5268
  4666
  4025
  3350
  2645
  1919
  1172
   419
  -338
 -1092
 -1836
 -2568
 -3275
 -3954
 -4599
 -5205
 -5767
 -6281
 -6739
 -7140
 -7480
 -7756
 -7966
 -8109
 -8181
 -8183
 -8116
 -7980
 -7775
 -7502
 -7167
 -6770
 -6316
 -5808
 -5250
 -4645
 -4002
 -3325
 -2620
 -1893
 -1146
  -393
   361
  1115
  1859
  2587
  3297
  3975
  4619
  5223
  5783
  6294
  6753
  7152
  7490
  7764
  7972
  8111
  8182
  8182
  8113
  7974
  7767
  7494
  7156
  6757
  6301
  5791
  5232
  4625
  3981
  3304
  2598
  1870
  1126
   369
  -388
 -1141
 -1885
 -2613
 -3318
 -3998
 -4641
 -5244
 -5802
 -6311
 -6766
 -7165
 -7501
 -7772
 -7978
 -8115
 -8183
 -8181
 -8109
 -7968
 -7759
 -7483
 -7143
 -6742
 -6284
 -5772
 -5211
 -4606
 -3958
 -3279
 -2573
 -1844
 -1099
  -345
   411
  1165
  1908
  2635
  3340
  4016
  4660
  5262
  5819
  6326
  6779
  7175
  7510
  7780
  7983
  8118
  8184
  8180
  8106
  7963
  7751
  7474
  7133
  6729
  6269
  5755
  5193
  4586
  3940
  3258
  2550
  1821
  1076
   322
  -435
 -1191
 -1934
 -2660
 -3364
 -4039
 -4679
 -5282
 -5838
 -6343
 -6794
 -7187
 -7521
 -7788
 -7989
 -8122
 -8185
 -8179
 -8102
 -7956
 -7743
 -7463
 -7119
 -6715
 -6252
 -5736
 -5172
 -4564
 -3917
 -3236
 -2525
 -1795
 -1049
  -295
   458
  1211
  1957
  2683
  3385
  4059
  4699
  5300
  5854
  6358
  6807
  7199
  7529
  7795
  7994
  8125
  8186
  8177
  8099
  7951
  7735
  7453
  7108
  6702
  6238
  5720
  5154
  4544
  3896
  3214
  2505
  1772
  1026
   272
  -485
 -1238
 -1983
 -2708
 -3410
 -4083
 -4721
 -5318
 -5873
 -6375
 -6822
 -7211
 -7539
 -7803
 -8000
 -8128
 -8187
 -8176
 -8095
 -7945
 -7726
 -7442
 -7094
 -6686
 -6221
 -5703
 -5133
 -4522
 -3873
 -3190
 -2480
 -1746
 -1000
  -245
   509
  1261
  2003
  2730
  3431
  4103
  4740
  5336
  5887
  6389
  6835
  7223
  7548
  7810
  8004
  8131
  8188
  8174
  8091
  7939
  7719
  7432
  7083
  6673
  6206
  5686
  5115
  4502
  3852
  3168
  2457
  1726
   976
   221
  -535
 -1287
 -2028
 -2752
 -3455
 -4126
 -4762
 -5356
 -5905
 -6404
 -6850
 -7235
 -7559
 -7818
 -8010
 -8134
 -8188
 -8173
 -8087
 -7933
 -7710
 -7421
 -7069
 -6657
 -6188
 -5666
 -5096
 -4480
 -3828
 -3143
 -2432
 -1700
  -953
  -195
   559
  1311
  2051
  2774
  3474
  4146
  4781
  5374
  5922
  6419
  6861
  7246
  7568
  7825
  8015
  8137
  8189
  8171
  8083
  7927
  7702
  7412
  7057
  6643
  6173
  5649
  5078
  4463
  3807
  3122
  2409
  1677
   929
   174
  -585
 -1337
 -2077
 -2800
 -3498
 -4167
 -4802
 -5394
 -5940
 -6435
 -6876
 -7259
 -7578
 -7833
 -8020
 -8140
 -8189
 -8169
 -8079
 -7920
 -7693
 -7401
 -7045
 -6628
 -6155
 -5630
 -5057
 -4441
 -3786
 -3097
 -2384
 -1650
  -903
  -148
   606
  1360
  2100
  2822
  3519
  4187
  4821
  5412
  5956
  6450
  6888
  7268
  7587
  7839
  8025
  8142
  8190
  8168
  8075
  7914
  7685
  7391
  7033
  6616
  6140
  5613
  5038
  4421
  3766
  3078
  2361
  1627
   879
   124
  -632
 -1387
 -2126
 -2847
 -3543
 -4210
 -4840
 -5432
 -5975
 -6466
 -6903
 -7280
 -7596
 -7847
 -8030
 -8145
 -8190
 -8166
 -8071
 -7907
 -7676
 -7379
 -7019
 -6600
 -6124
 -5593
 -5017
 -4398
 -3742
 -3053
 -2336
 -1601
  -853
   -97
   656
  1407
  2148
  2869
  3565
  4230
  4859
  5447
  5991
  6481
  6915
  7291
  7604
  7853
  8035
  8148
  8191
  8164
  8067
  7902
  7668
  7369
  7007
  6586
  6108
  5576
  4999
  4378
  3721
  3031
  2316
  1578
   829
    74
  -682
 -1433
 -2171
 -2894
 -3589
 -4253
 -4881
 -5467
 -6007
 -6497
 -6930
 -7303
 -7614
 -7860
 -8040
 -8150
 -8191
 -8161
 -8062
 -7894
 -7658
 -7357
 -6993
 -6570
 -6090
 -5559
 -4977
 -4356
 -3697
 -3007
 -2291
 -1555
  -803
   -47
   706
  1456
  2194
  2913
  3610
  4273
  4900
  5485
  6023
  6511
  6942
  7314
  7623
  7867
  8044
  8153
  8191
  8159
  8058
  7888
  7651
  7347
  6981
  6556
  6075
  5542
  4961
  4336
  3676
  2985
  2268
  1532
   783
    24
  -733
 -1482
 -2220
 -2938
 -3634
 -4296
 -4921
 -5505
 -6041
 -6526
 -6956
 -7326
 -7633
 -7874
 -8049
 -8155
 -8191
 -8157
 -8053
 -7881
 -7641
 -7336
 -6967
 -6540
 -6057
 -5522
 -4940
 -4316
 -3652
 -2960
 -2242
 -1506
  -756
     0
   756
  1506
  2242
  2960
  3652
  4316
  4940
  5522
  6057
  6540
  6967
  7336
  7641
  7881
  8053
  8157
  8191
  8155
  8049
  7874
  7633
  7326
  6956
  6526
  6041
  5505
  4921
  4296
  3631
  2938
  2220
  1482
   733
   -24
  -783
 -1532
 -2268
 -2985
 -3676
 -4336
 -4961
 -5542
 -6075
 -6556
 -6981
 -7347
 -7651
 -7888
 -8058
 -8159
 -8191
 -8153
 -8044
 -7867
 -7623
 -7314
 -6942
 -6509
 -6023
 -5485
 -4900
 -4273
 -3610
 -2913
 -2194
 -1456
  -706
    47
   803
  1555
  2291
  3007
  3697
  4356
  4977
  5559
  6090
  6570
  6993
  7357
  7658
  7894
  8062
  8161
  8191
  8150
  8040
  7860
  7614
  7303
  6930
  6497
  6007
  5467
  4881
  4253
  3589
  2894
  2171
  1433
   682
   -74
  -829
 -1578
 -2316
 -3031
 -3721
 -4378
 -4999
 -5576
 -6108
 -6586
 -7007
 -7369
 -7668
 -7902
 -8067
 -8164
 -8191
 -8148
 -8035
 -7853
 -7604
 -7291
 -6915
 -6481
 -5991
 -5447
 -4859
 -4230
 -3565
 -2869
 -2148
 -1407
  -656
    97
   853
  1601
  2336
  3053
  3742
  4398
  5017
  5593
  6124
  6600
  7019
  7379
  7676
  7907
  8071
  8166
  8190
  8145
  8030
  7847
  7596
  7280
  6903
  6466
  5975
  5432
  4840
  4210
  3543
  2847
  2126
  1387
   632
  -124
  -879
 -1627
 -2361
 -3078
 -3766
 -4421
 -5038
 -5613
 -6140
 -6616
 -7033
 -7391
 -7685
 -7914
 -8075
 -8168
 -8190
 -8142
 -8025
 -7839
 -7587
 -7268
 -6888
 -6450
 -5956
 -5412
 -4821
 -4187
 -3519
 -2822
 -2100
 -1360
  -606
   148
   903
  1650
  2384
  3097
  3786
  4441
  5057
  5630
  6155
  6628
  7045
  7401
  7693
  7920
  8079
  8169
  8189
  8140
  8020
  7833
  7578
  7259
  6876
  6435
  5940
  5394
  4802
  4167
  3498
  2800
  2077
  1337
   585
  -174
  -929
 -1677
 -2409
 -3122
 -3807
 -4463
 -5078
 -5649
 -6173
 -6643
 -7057
 -7412
 -7702
 -7927
 -8083
 -8171
 -8189
 -8137
 -8015
 -7825
 -7568
 -7246
 -6861
 -6419
 -5922
 -5374
 -4781
 -4146
 -3474
 -2774
 -2051
 -1311
  -559
   195
   953
  1700
  2432
  3143
  3828
  4480
  5096
  5666
  6188
  6657
  7069
  7421
  7710
  7933
  8087
  8173
  8188
  8134
  8010
  7818
  7559
  7235
  6850
  6404
  5905
  5356
  4762
  4126
  3455
  2752
  2028
  1287
   535
  -221
  -976
 -1726
 -2457
 -3168
 -3852
 -4502
 -5115
 -5686
 -6206
 -6673
 -7083
 -7432
 -7719
 -7939
 -8091
 -8174
 -8188
 -8131
 -8004
 -7810
 -7548
 -7223
 -6835
 -6389
 -5887
 -5336
 -4740
 -4103
 -3431
 -2730
 -2003
 -1261
  -509
   245
  1000
  1746
  2480
  3190
  3873
  4522
  5133
  5703
  6221
  6686
  7094
  7442
  7726
  7945
  8095
  8176
  8187
  8128
  8000
  7803
  7539
  7211
  6822
  6375
  5873
  5318
  4721
  4083
  3410
  2708
  1983
  1238
   485
  -272
 -1026
 -1772
 -2505
 -3214
 -3896
 -4544
 -5154
 -5720
 -6238
 -6702
 -7108
 -7453
 -7735
 -7951
 -8099
 -8177
 -8186
 -8125
 -7994
 -7795
 -7529
 -7199
 -6807
 -6358
 -5854
 -5300
 -4699
 -4059
 -3385
 -2683
 -1957
 -1211
  -458
   295
  1049
  1795
  2525
  3236
  3917
  4564
  5172
  5736
  6252
  6715
  7119
  7463
  7743
  7956
  8102
  8179
  8185
  8122
  7989
  7788
  7521
  7187
  6794
  6343
  5838
  5282
  4679
  4039
  3364
  2660
  1934
  1191
   435
  -322
 -1076
 -1821
 -2550
 -3258
 -3940
 -4586
 -5193
 -5755
 -6269
 -6729
 -7133
 -7474
 -7751
 -7963
 -8106
 -8180
 -8184
 -8118
 -7983
 -7780
 -7510
 -7175
 -6779
 -6326
 -5819
 -5262
 -4660
 -4016
 -3340
 -2635
 -1908
 -1165
  -411
   345
  1099
  1844
  2573
  3279
  3958
  4606
  5211
  5772
  6284
  6742
  7144
  7483
  7759
  7968
  8109
  8181
  8183
  8115
  7978
  7772
  7501
  7165
  6766
  6311
  5802
  5244
  4641
  3998
  3318
  2613
  1885
  1141
   388
  -369
 -1126
 -1870
 -2598
 -3304
 -3981
 -4628
 -5232
 -5791
 -6301
 -6757
 -7156
 -7494
 -7767
 -7974
 -8113
 -8182
 -8182
 -8111
 -7972
 -7764
 -7490
 -7152
 -6753
 -6294
 -5783
 -5223
 -4619
 -3975
 -3297
 -2587
 -1859
 -1115
  -361
   393
  1149
  1893
  2620
  3325
  4002
  4645
  5250
  5808
  6316
  6770
  7167
  7502
  7775
  7980
  8116
  8183
  8181
  8109
  7966
  7756
  7480
  7140
  6739
  6281
  5767
  5205
  4599
  3954
  3275
  2565
  1836
  1092
   338
  -419
 -1172
 -1919
 -2645
 -3350
 -4025
 -4666
 -5268
 -5827
 -6333
 -6785
 -7180
 -7513
 -7782
 -7986
 -8120
 -8185
 -8180
 -8105
 -7961
 -7748
 -7469
 -7127
 -6724
 -6264
 -5748
 -5184
 -4577
 -3931
 -3250
 -2543
 -1810
 -1065
  -311
   443
  1196
  1939
  2668
  3371
  4046
  4686
  5286
  5841
  6348
  6799
  7191
  7522
  7790
  7990
  8123
  8185
  8178
  8101
  7955
  7740
  7460
  7116
  6711
  6249
  5733
  5166
  4557
  3910
  3229
  2520
  1790
  1042
   287
  -469
 -1222
 -1964
 -2690
 -3395
 -4069
 -4708
 -5306
 -5860
 -6363
 -6813
 -7204
 -7533
 -7798
 -7996
 -8126
 -8186
 -8177
 -8097
 -7949
 -7732
 -7449
 -7102
 -6695
 -6231
 -5714
 -5148
 -4535
 -3886
 -3204
 -2495
 -1764
 -1018
  -261
   493
  1245
  1987
  2712
  3414
  4089
  4727
  5324
  5876
  6378
  6827
  7215
  7542
  7805
  8001
  8129
  8187
  8175
  8094
  7943
  7724
  7440
  7090
  6682
  6216
  5697
  5130
  4518
  3866
  3183
  2472
  1741
   995
   240
  -520
 -1272
 -2013
 -2737
 -3438
 -4112
 -4749
 -5344
 -5895
 -6394
 -6839
 -7228
 -7553
 -7813
 -8007
 -8132
 -8188
 -8174
 -8090
 -7936
 -7716
 -7429
 -7079
 -6666
 -6198
 -5678
 -5109
 -4496
 -3845
 -3158
 -2447
 -1715
  -968
  -214
   543
  1295
  2036
  2760
  3460
  4130
  4768
  5362
  5911
  6409
  6852
  7237
  7562
  7820
  8012
  8135
  8188
  8172
  8086
  7931
  7708
  7419
  7067
  6654
  6183
  5661
  5090
  4476
  3824
  3136
  2424
  1692
   945
   190
  -567
 -1321
 -2062
 -2785
 -3484
 -4153
 -4787
 -5382
 -5929
 -6426
 -6867
 -7250
 -7571
 -7828
 -8017
 -8138
 -8189
 -8170
 -8082
 -7924
 -7699
 -7408
 -7053
 -6639
 -6165
 -5641
 -5069
 -4454
 -3800
 -3114
 -2399
 -1666
  -918
  -163
   590
  1342
  2085
  2807
  3505
  4173
  4806
  5398
  5946
  6440
  6880
  7261
  7580
  7834
  8022
  8140
  8190
  8169
  8078
  7918
  7690
  7397
  7041
  6625
  6152
  5624
  5051
  4434
  3779
  3093
  2379
  1643
   895
   140
  -617
 -1368
 -2107
 -2832
 -3529
 -4196
 -4828
 -5418
 -5962
 -6457
 -6894
 -7273
 -7590
 -7842
 -8027
 -8143
 -8190
 -8167
 -8074
 -7912
 -7681
 -7386
 -7028
 -6609
 -6134
 -5607
 -5030
 -4412
 -3756
 -3068
 -2354
 -1620
  -869
  -113
   640
  1391
  2130
  2851
  3551
  4217
  4847
  5436
  5978
  6471
  6907
  7284
  7599
  7848
  8031
  8146
  8190
  8165
  8070
  7906
  7674
  7376
  7015
  6595
  6119
  5590
  5014
  4392
  3735
  3046
  2331
  1597
   848
    90
  -667
 -1417
 -2156
 -2876
 -3575
 -4240
 -4868
 -5455
 -5996
 -6486
 -6921
 -7296
 -7609
 -7856
 -8036
 -8148
 -8191
 -8163
 -8065
 -7899
 -7665
 -7365
 -7002
 -6579
 -6101
 -5570
 -4992
 -4372
 -3711
 -3021
 -2306
 -1570
  -822
   -63
   690
  1441
  2179
  2898
  3593
  4260
  4887
  5473
  6012
  6500
  6932
  7307
  7617
  7863
  8041
  8151
  8191
  8161
  8061
  7892
  7656
  7355
  6989
  6565
  6085
  5553
  4974
  4352
  3690
  2999
  2283
  1547
   798
    42
  -717
 -1467
 -2204
 -2923
 -3617
 -4280
 -4909
 -5493
 -6030
 -6516
 -6946
 -7317
 -7627
 -7870
 -8046
 -8153
 -8191
 -8158
 -8056
 -7885
 -7647
 -7343
 -6977
 -6549
 -6067
 -5534
 -4952
 -4329
 -3669
 -2974
 -2257
 -1521
  -772
   -16
   737
  1490
  2227
  2945
  3638
  4300
  4925
  5510
  6046
  6530
  6959
  7328
  7636
  7877
  8050
  8156
  8191
  8157
  8052
  7879
  7638
  7333
  6965
  6537
  6051
  5516
  4934
  4309
  3648
  2955
  2235
  1498
   748
    -8
  -764
 -1513
 -2253
 -2970
 -3662
 -4323
 -4946
 -5530
 -6064
 -6546
 -6973
 -7340
 -7644
 -7884
 -8055
 -8158
 -8191
 -8154
 -8048
 -7871
 -7629
 -7321
 -6951
 -6521
 -6036
 -5496
 -4912
 -4286
 -3624
 -2930
 -2212
 -1472
  -722
    31
   787
  1536
  2275
  2992
  3683
  4343
  4965
  5545
  6080
  6561
  6985
  7350
  7652
  7889
  8060
  8160
  8191
  8152
  8043
  7866
  7620
  7310
  6938
  6507
  6020
  5481
  4893
  4266
  3603
  2908
  2189
  1448
   698
   -58
  -814
 -1563
 -2298
 -3017
 -3707
 -4365
 -4986
 -5565
 -6096
 -6577
 -6999
 -7362
 -7662
 -7897
 -8064
 -8162
 -8191
 -8149
 -8038
 -7858
 -7611
 -7298
 -6924
 -6490
 -6001
 -5461
 -4872
 -4244
 -3579
 -2883
 -2164
 -1425
  -672
    82
   837
  1586
  2321
  3036
  3728
  4385
  5005
  5582
  6111
  6589
  7011
  7372
  7670
  7903
  8068
  8164
  8190
  8147
  8033
  7852
  7603
  7287
  6911
  6476
  5985
  5444
  4856
  4223
  3558
  2861
  2141
  1402
   651
  -108
  -864
 -1612
 -2346
 -3061
 -3749
 -4408
 -5026
 -5601
 -6129
 -6605
 -7023
 -7384
 -7680
 -7910
 -8072
 -8166
 -8190
 -8144
 -8028
 -7844
 -7593
 -7277
 -6897
 -6460
 -5967
 -5424
 -4834
 -4203
 -3534
 -2836
 -2115
 -1376
  -625
   129
   887
  1635
  2369
  3082
  3770
  4425
  5045
  5619
  6145
  6618
  7036
  7394
  7688
  7916
  8076
  8168
  8190
  8141
  8023
  7837
  7584
  7266
  6886
  6445
  5951
  5406
  4815
  4183
  3515
  2814
  2092
  1352
   601
  -155
  -911
 -1661
 -2394
 -3107
 -3793
 -4447
 -5066
 -5638
 -6162
 -6634
 -7049
 -7404
 -7697
 -7923
 -8081
 -8170
 -8189
 -8139
 -8018
 -7829
 -7574
 -7253
 -6871
 -6430
 -5933
 -5386
 -4793
 -4160
 -3491
 -2792
 -2066
 -1326
  -574
   179
   934
  1684
  2417
  3129
  3814
  4467
  5082
  5655
  6178
  6648
  7061
  7414
  7704
  7929
  8085
  8172
  8189
  8136
  8014
  7822
  7565
  7242
  6858
  6416
  5918
  5368
  4774
  4140
  3470
  2770
  2044
  1303
   551
  -206
  -961
 -1707
 -2442
 -3154
 -3838
 -4489
 -5103
 -5672
 -6195
 -6663
 -7075
 -7426
 -7713
 -7934
 -8089
 -8173
 -8188
 -8133
 -8008
 -7815
 -7554
 -7230
 -6844
 -6399
 -5900
 -5348
 -4753
 -4117
 -3445
 -2745
 -2021
 -1276
  -524
   229
   984
  1730
  2462
  3175
  3859
  4509
  5121
  5689
  6209
  6677
  7087
  7435
  7721
  7940
  8092
  8175
  8187
  8130
  8003
  7808
  7545
  7219
  6831
  6384
  5884
  5333
  4733
  4096
  3424
  2723
  1998
  1256
   501
  -256
 -1011
 -1756
 -2487
 -3197
 -3882
 -4531
 -5142
 -5708
 -6226
 -6691
 -7100
 -7447
 -7730
 -7947
 -8096
 -8176
 -8187
 -8127
 -7998
 -7800
 -7536
 -7206
 -6816
 -6368
 -5865
 -5312
 -4714
 -4073
 -3400
 -2697
 -1972
 -1230
  -477
   280
  1034
  1779
  2510
  3219
  3900
  4551
  5160
  5725
  6241
  6704
  7112
  7456
  7737
  7953
  8100
  8178
  8186
  8124
  7992
  7793
  7527
  7196
  6803
  6353
  5849
  5294
  4695
  4055
  3378
  2675
  1949
  1207
   454
  -306
 -1060
 -1805
 -2535
 -3243
 -3924
 -4573
 -5181
 -5744
 -6259
 -6720
 -7123
 -7467
 -7746
 -7959
 -8104
 -8179
 -8185
 -8120
 -7987
 -7785
 -7516
 -7184
 -6790
 -6336
 -5830
 -5274
 -4673
 -4032
 -3354
 -2650
 -1923
 -1180
  -427
   327
  1084
  1828
  2558
  3265
  3944
  4590
  5199
  5761
  6274
  6733
  7135
  7476
  7754
  7964
  8107
  8180
  8184
  8118
  7981
  7777
  7507
  7172
  6777
  6321
  5813
  5256
  4654
  4012
  3335
  2628
  1900
  1157
   404
  -353
 -1107
 -1854
 -2583
 -3289
 -3968
 -4612
 -5217
 -5780
 -6291
 -6748
 -7148
 -7487
 -7761
 -7971
 -8111
 -8182
 -8183
 -8114
 -7975
 -7769
 -7496
 -7159
 -6762
 -6306
 -5794
 -5235
 -4632
 -3988
 -3311
 -2605
 -1874
 -1130
  -377
   377
  1130
  1874
  2605
  3311
  3988
  4632
  5235
  5794
  6306
  6762
  7159
  7496
  7769
  7976
  8114
  8183
  8182
  8111
  7971
  7761
  7487
  7148
  6748
  6291
  5780
  5217
  4612
  3968
  3289
  2583
  1854
  1107
   353
  -404
 -1157
 -1900
 -2628
 -3335
 -4012
 -4654
 -5256
 -5813
 -6323
 -6777
 -7172
 -7507
 -7777
 -7981
 -8118
 -8184
 -8180
 -8107
 -7964
 -7754
 -7476
 -7135
 -6733
 -6274
 -5761
 -5199
 -4590
 -3944
 -3265
 -2558
 -1828
 -1084
  -327
   427
  1180
  1923
  2650
  3357
  4032
  4673
  5274
  5830
  6336
  6790
  7184
  7516
  7785
  7987
  8120
  8185
  8179
  8104
  7959
  7746
  7467
  7123
  6720
  6259
  5744
  5181
  4573
  3924
  3243
  2535
  1805
  1060
   303
  -454
 -1207
 -1949
 -2675
 -3378
 -4055
 -4695
 -5294
 -5849
 -6353
 -6803
 -7196
 -7527
 -7793
 -7992
 -8124
 -8186
 -8178
 -8100
 -7953
 -7737
 -7456
 -7112
 -6704
 -6241
 -5725
 -5160
 -4551
 -3900
 -3219
 -2510
 -1779
 -1034
  -280
   477
  1230
  1972
  2697
  3400
  4073
  4714
  5312
  5865
  6368
  6816
  7206
  7536
  7800
  7998
  8127
  8187
  8176
  8096
  7947
  7730
  7447
  7100
  6691
  6226
  5708
  5142
  4531
  3882
  3197
  2487
  1756
  1011
   256
  -501
 -1256
 -1998
 -2723
 -3424
 -4096
 -4733
 -5333
 -5884
 -6384
 -6831
 -7219
 -7545
 -7808
 -8003
 -8130
 -8187
 -8175
 -8092
 -7940
 -7721
 -7435
 -7087
 -6677
 -6209
 -5689
 -5121
 -4509
 -3859
 -3175
 -2462
 -1730
  -984
  -229
   524
  1276
  2021
  2745
  3445
  4117
  4753
  5348
  5900
  6399
  6844
  7230
  7554
  7815
  8008
  8133
  8188
  8173
  8089
  7934
  7713
  7426
  7075
  6663
  6195
  5672
  5103
  4489
  3838
  3154
  2442
  1707
   961
   206
  -551
 -1303
 -2044
 -2770
 -3470
 -4140
 -4774
 -5368
 -5918
 -6416
 -6858
 -7242
 -7565
 -7822
 -8014
 -8136
 -8189
 -8172
 -8085
 -7929
 -7704
 -7414
 -7061
 -6648
 -6178
 -5655
 -5082
 -4467
 -3814
 -3129
 -2417
 -1684
  -934
  -179
   574
  1326
  2066
  2792
  3491
  4160
  4793
  5386
  5933
  6430
  6871
  7253
  7574
  7829
  8018
  8139
  8189
  8170
  8081
  7923
  7697
  7404
  7049
  6634
  6162
  5638
  5066
  4447
  3793
  3107
  2394
  1661
   911
   155
  -601
 -1352
 -2092
 -2814
 -3515
 -4183
 -4815
 -5406
 -5951
 -6445
 -6886
 -7266
 -7584
 -7837
 -8023
 -8141
 -8190
 -8168
 -8076
 -7916
 -7688
 -7394
 -7036
 -6618
 -6145
 -5619
 -5045
 -4425
 -3770
 -3082
 -2369
 -1635
  -887
  -129
   625
  1376
  2115
  2836
  3534
  4203
  4834
  5424
  5967
  6460
  6897
  7277
  7593
  7844
  8028
  8144
  8190
  8166
  8072
  7910
  7680
  7384
  7023
  6605
  6129
  5601
  5026
  4408
  3749
  3061
  2346
  1612
   864
   108
  -651
 -1402
 -2141
 -2861
 -3558
 -4223
 -4856
 -5444
 -5985
 -6476
 -6911
 -7287
 -7603
 -7852
 -8033
 -8147
 -8190
 -8164
 -8068
 -7903
 -7670
 -7372
 -7011
 -6589
 -6111
 -5582
 -5005
 -4385
 -3728
 -3036
 -2321
 -1586
  -837
   -82
   672
  1425
  2164
  2883
  3579
  4244
  4875
  5461
  6001
  6490
  6924
  7298
  7611
  7858
  8038
  8149
  8191
  8162
  8064
  7897
  7662
  7362
  6999
  6577
  6096
  5565
  4986
  4365
  3707
  3017
  2298
  1563
   814
    58
  -698
 -1451
 -2189
 -2908
 -3603
 -4266
 -4893
 -5481
 -6020
 -6507
 -6938
 -7310
 -7620
 -7866
 -8043
 -8152
 -8191
 -8160
 -8060
 -7889
 -7652
 -7350
 -6985
 -6561
 -6080
 -5545
 -4965
 -4343
 -3683
 -2992
 -2272
 -1536
  -787
   -31
   722
  1472
  2212
  2930
  3624
  4286
  4912
  5496
  6036
  6521
  6951
  7321
  7629
  7871
  8048
  8154
  8191
  8158
  8055
  7884
  7644
  7340
  6973
  6546
  6064
  5528
  4946
  4323
  3662
  2970
  2253
  1513
   764
     8
  -748
 -1498
 -2235
 -2955
 -3648
 -4309
 -4934
 -5516
 -6051
 -6537
 -6965
 -7333
 -7638
 -7879
 -8052
 -8157
 -8191
 -8156
 -8050
 -7877
 -7634
 -7328
 -6959
 -6530
 -6046
 -5510
 -4925
 -4300
 -3638
 -2945
 -2227
 -1490
  -737
    16
   772
  1521
  2257
  2974
  3669
  4329
  4952
  5534
  6067
  6549
  6977
  7343
  7647
  7885
  8056
  8159
  8191
  8153
  8046
  7870
  7627
  7317
  6946
  6516
  6030
  5493
  4909
  4280
  3617
  2923
  2204
  1467
   717
   -42
  -798
 -1547
 -2283
 -2999
 -3690
 -4352
 -4974
 -5553
 -6085
 -6565
 -6991
 -7355
 -7656
 -7892
 -8061
 -8161
 -8191
 -8151
 -8041
 -7863
 -7617
 -7307
 -6932
 -6500
 -6012
 -5473
 -4887
 -4260
 -3593
 -2898
 -2179
 -1441
  -690
    63
   822
  1570
  2306
  3021
  3711
  4372
  4992
  5570
  6101
  6579
  7002
  7365
  7665
  7899
  8065
  8163
  8191
  8148
  8036
  7856
  7609
  7296
  6921
  6486
  5996
  5455
  4868
  4240
  3575
  2876
  2156
  1417
   667
   -90
  -848
 -1597
 -2331
 -3046
 -3735
 -4392
 -5014
 -5590
 -6119
 -6595
 -7015
 -7376
 -7674
 -7906
 -8070
 -8165
 -8190
 -8146
 -8031
 -7848
 -7599
 -7284
 -6907
 -6471
 -5978
 -5436
 -4847
 -4217
 -3551
 -2851
 -2130
 -1391
  -640
   113
   869
  1620
  2354
  3068
  3756
  4412
  5030
  5607
  6134
  6609
  7028
  7386
  7681
  7912
  8074
  8167
  8190
  8143
  8027
  7842
  7590
  7273
  6894
  6457
  5962
  5418
  4828
  4196
  3529
  2832
  2107
  1368
   617
  -140
  -895
 -1643
 -2379
 -3093
 -3779
 -4434
 -5051
 -5624
 -6152
 -6625
 -7041
 -7397
 -7690
 -7918
 -8078
 -8169
 -8190
 -8140
 -8022
 -7834
 -7580
 -7261
 -6880
 -6440
 -5946
 -5398
 -4806
 -4173
 -3505
 -2807
 -2085
 -1342
  -590
   163
   918
  1666
  2399
  3114
  3800
  4454
  5069
  5641
  6165
  6639
  7053
  7408
  7699
  7924
  8082
  8170
  8189
  8138
  8017
  7828
  7571
  7250
  6867
  6426
  5929
  5382
  4787
  4153
  3484
  2785
  2062
  1321
   567
  -190
  -945
 -1692
 -2424
 -3136
 -3824
 -4476
 -5090
 -5661
 -6183
 -6654
 -7067
 -7419
 -7708
 -7931
 -8086
 -8172
 -8188
 -8135
 -8012
 -7820
 -7562
 -7237
 -6852
 -6409
 -5911
 -5362
 -4768
 -4130
 -3460
 -2760
 -2036
 -1295
  -543
   214
   968
  1715
  2447
  3158
  3845
  4496
  5109
  5678
  6198
  6666
  7079
  7429
  7716
  7936
  8090
  8174
  8188
  8132
  8007
  7813
  7553
  7228
  6839
  6394
  5895
  5344
  4749
  4112
  3438
  2737
  2013
  1272
   520
  -240
  -995
 -1741
 -2472
 -3183
 -3866
 -4518
 -5130
 -5697
 -6216
 -6682
 -7090
 -7440
 -7724
 -7943
 -8094
 -8175
 -8187
 -8129
 -8001
 -7805
 -7542
 -7215
 -6827
 -6378
 -5876
 -5324
 -4727
 -4089
 -3414
 -2712
 -1987
 -1245
  -493
   261
  1018
  1764
  2495
  3204
  3886
  4535
  5148
  5714
  6231
  6695
  7102
  7449
  7732
  7949
  8097
  8177
  8186
  8126
  7996
  7798
  7533
  7204
  6813
  6363
  5860
  5306
  4708
  4069
  3395
  2690
  1964
  1222
   469
  -287
 -1042
 -1790
 -2520
 -3229
 -3910
 -4557
 -5166
 -5733
 -6249
 -6711
 -7116
 -7460
 -7741
 -7955
 -8101
 -8178
 -8185
 -8123
 -7990
 -7790
 -7522
 -7191
 -6799
 -6348
 -5841
 -5286
 -4686
 -4046
 -3371
 -2668
 -1939
 -1196
  -443
   311
  1065
  1810
  2543
  3250
  3931
  4577
  5184
  5750
  6264
  6724
  7127
  7469
  7748
  7961
  8105
  8180
  8185
  8120
  7986
  7782
  7513
  7180
  6785
  6333
  5827
  5268
  4666
  4025
  3350
  2645
  1919
  1172
   419
  -338
 -1092
 -1836
 -2568
 -3275
 -3954
 -4599
 -5205
 -5767
 -6281
 -6739
 -7140
 -7480
 -7756
 -7966
 -8109
 -8181
 -8183
 -8116
 -7980
 -7775
 -7502
 -7167
 -6770
 -6316
 -5808
 -5250
 -4645
 -4002
 -3325
 -2620
 -1893
 -1146
  -393
   361
  1115
  1859
  2587
  3297
  3975
  4619
  5223
  5783
  6294
  6753
  7152
  7490
  7764
  7972
  8111
  8182
  8182
  8113
  7974
  7767
  7494
  7156
  6757
  6301
  5791
  5232
  4625
  3981
  3304
  2598
  1870
  1126
   369
  -388
 -1141
 -1885
 -2613
 -3318
 -3998
 -4641
 -5244
 -5802
 -6311
 -6766
 -7165
 -7501
 -7772
 -7978
 -8115
 -8183
 -8181
 -8109
 -7968
 -7759
 -7483
 -7143
 -6742
 -6284
 -5772
 -5211
 -4606
 -3958
 -3279
 -2573
 -1844
 -1099
  -345
   411
  1165
  1908
  2635
  3340
  4016
  4660
  5262
  5819
  6326
  6779
  7175
  7510
  7780
  7983
  8118
  8184
  8180
  8106
  7963
  7751
  7474
  7133
  6729
  6269
  5755
  5193
  4586
  3940
  3258
  2550
  1821
  1076
   322
  -435
 -1191
 -1934
 -2660
 -3364
 -4039
 -4679
 -5282
 -5838
 -6343
 -6794
 -7187
 -7521
 -7788
 -7989
 -8122
 -8185
 -8179
 -8102
 -7956
 -7743
 -7463
 -7119
 -6715
 -6252
 -5736
 -5172
 -4564
 -3917
 -3236
 -2525
 -1795
 -1049
  -295
   458
  1211
  1957
  2683
  3385
  4059
  4699
  5300
  5854
  6358
  6807
  7199
  7529
  7795
  7994
  8125
  8186
  8177
  8099
  7951
  7735
  7453
  7108
  6702
  6238
  5720
  5154
  4544
  3896
  3214
  2505
  1772
  1026
   272
  -485
 -1238
 -1983
 -2708
 -3410
 -4083
 -4721
 -5318
 -5873
 -6375
 -6822
 -7211
 -7539
 -7803
 -8000
 -8128
 -8187
 -8176
 -8095
 -7945
 -7726
 -7442
 -7094
 -6686
 -6221
 -5703
 -5133
 -4522
 -3873
 -3190
 -2480
 -1746
 -1000
  -245
   509
  1261
  2003
  2730
  3431
  4103
  4740
  5336
  5887
  6389
  6835
  7223
  7548
  7810
  8004
  8131
  8188
  8174
  8091
  7939
  7719
  7432
  7083
  6673
  6206
  5686
  5115
  4502
  3852
  3168
  2457
  1726
   976
   221
  -535
 -1287
 -2028
 -2752
 -3455
 -4126
 -4762
 -5356
 -5905
 -6404
 -6850
 -7235
 -7559
 -7818
 -8010
 -8134
 -8188
 -8173
 -8087
 -7933
 -7710
 -7421
 -7069
 -6657
 -6188
 -5666
 -5096
 -4480
 -3828
 -3143
 -2432
 -1700
  -953
  -195
   559
  1311
  2051
  2774
  3474
  4146
  4781
  5374
  5922
  6419
  6861
  7246
  7568
  7825
  8015
  8137
  8189
  8171
  8083
  7927
  7702
  7412
  7057
  6643
  6173
  5649
  5078
  4463
  3807
  3122
  2409
  1677
   929
   174
  -585
 -1337
 -2077
 -2800
 -3498
 -4167
 -4802
 -5394
 -5940
 -6435
 -6876
 -7259
 -7578
 -7833
 -8020
 -8140
 -8189
 -8169
 -8079
 -7920
 -7693
 -7401
 -7045
 -6628
 -6155
 -5630
 -5057
 -4441
 -3786
 -3097
 -2384
 -1650
  -903
  -148
   606
  1360
  2100
  2822
  3519
  4187
  4821
  5412
  5956
  6450
  6888
  7268
  7587
  7839
  8025
  8142
  8190
  8168
  8075
  7914
  7685
  7391
  7033
  6616
  6140
  5613
  5038
  4421
  3766
  3078
  2361
  1627
   879
   124
  -632
 -1387
 -2126
 -2847
 -3543
 -4210
 -4840
 -5432
 -5975
 -6466
 -6903
 -7280
 -7596
 -7847
 -8030
 -8145
 -8190
 -8166
 -8071
 -7907
 -7676
 -7379
 -7019
 -6600
 -6124
 -5593
 -5017
 -4398
 -3742
 -3053
 -2336
 -1601
  -853
   -97
   656
  1407
  2148
  2869
  3565
  4230
  4859
  5447
  5991
  6481
  6915
  7291
  7604
  7853
  8035
  8148
  8191
  8164
  8067
  7901
  7668
  7369
  7007
  6586
  6108
  5576
  4999
  4378
  3721
  3031
  2316
  1578
   829
    74
  -682
 -1433
 -2171
 -2894
 -3589
 -4253
 -4881
 -5467
 -6007
 -6497
 -6930
 -7303
 -7614
 -7860
 -8040
 -8150
 -8191
 -8161
 -8062
 -7894
 -7658
 -7357
 -6993
 -6570
 -6090
 -5559
 -4977
 -4356
 -3697
 -3007
 -2291
 -1555
  -803
   -47
   706
  1456
  2194
  2913
  3610
  4273
  4900
  5485
  6023
  6511
  6942
  7314
  7623
  7867
  8044
  8153
  8191
  8159
  8058
  7888
  7651
  7347
  6981
  6556
  6075
  5542
  4961
  4336
  3676
  2985
  2268
  1532
   783
    24
  -733
 -1482
 -2220
 -2938
 -3634
 -4296
 -4921
 -5505
 -6041
 -6526
 -6956
 -7326
 -7633
 -7874
 -8049
 -8155
 -8191
 -8157
 -8053
 -7881
 -7641
 -7336
 -6967
 -6540
 -6057
 -5522
 -4940
 -4316
 -3652
 -2960
 -2242
 -1506
  -756
     0
   756
  1506
  2242
  2960
  3652
  4316
  4940
  5522
  6057
  6540
  6967
  7336
  7641
  7881
  8053
  8157
  8191
  8155
  8049
  7874
  7633
  7326
  6956
  6526
  6041
  5505
  4921
  4296
  3631
  2938
  2220
  1482
   733
   -24
  -783
 -1532
 -2268
 -2985
 -3676
 -4336
 -4961
 -5542
 -6075
 -6556
 -6981
 -7347
 -7651
 -7888
 -8058
 -8159
 -8191
 -8153
 -8044
 -7867
 -7623
 -7314
 -6942
 -6509
 -6023
 -5485
 -4900
 -4273
 -3610
 -2913
 -2194
 -1456
  -706
    47
   803
  1555
  2291
  3007
  3697
  4356
  4977
  5559
  6090
  6570
  6993
  7357
  7658
  7894
  8062
  8161
  8191
  8150
  8040
  7860
  7614
  7303
  6930
  6497
  6007
  5467
  4881
  4253
  3589
  2894
  2171
  1433
   682
   -74
  -829
 -1578
 -2316
 -3031
 -3721
 -4378
 -4999
 -5576
 -6108
 -6586
 -7007
 -7369
 -7668
 -7902
 -8067
 -8164
 -8191
 -8148
 -8035
 -7853
 -7604
 -7291
 -6915
 -6481
 -5991
 -5447
 -4859
 -4230
 -3565
 -2869
 -2148
 -1407
  -656
    97
   853
  1601
  2336
  3053
  3742
  4398
  5017
  5593
  6124
  6600
  7019
  7379
  7676
  7907
  8071
  8166
  8190
  8145
  8030
  7847
  7596
  7280
  6903
  6466
  5975
  5432
  4840
  4210
  3543
  2847
  2126
  1387
   632
  -124
  -879
 -1627
 -2361
 -3078
 -3766
 -4421
 -5038
 -5613
 -6140
 -6616
 -7033
 -7391
 -7685
 -7914
 -8075
 -8168
 -8190
 -8142
 -8025
 -7839
 -7587
 -7268
 -6888
 -6450
 -5956
 -5412
 -4821
 -4187
 -3519
 -2822
 -2100
 -1360
  -606
   148
   903
  1650
  2384
  3097
  3786
  4441
  5057
  5630
  6155
  6628
  7045
  7401
  7693
  7920
  8079
  8169
  8189
  8140
  8020
  7833
  7578
  7259
  6876
  6435
  5940
  5394
  4802
  4167
  3498
  2800
  2077
  1337
   585
  -174
  -929
 -1677
 -2409
 -3122
 -3807
 -4463
 -5078
 -5649
 -6173
 -6643
 -7057
 -7412
 -7702
 -7927
 -8083
 -8171
 -8189
 -8137
 -8015
 -7825
 -7568
 -7246
 -6861
 -6419
 -5922
 -5374
 -4781
 -4146
 -3474
 -2774
 -2051
 -1311
  -559
   195
   953
  1700
  2432
  3143
  3828
  4480
  5096
  5666
  6188
  6657
  7069
  7421
  7710
  7933
  8087
  8173
  8188
  8134
  8010
  7818
  7559
  7235
  6850
  6404
  5905
  5356
  4762
  4126
  3455
  2752
  2028
  1287
   535
  -221
  -976
 -1726
 -2457
 -3168
 -3852
 -4502
 -5115
 -5686
 -6206
 -6673
 -7083
 -7432
 -7719
 -7939
 -8091
 -8174
 -8188
 -8131
 -8004
 -7810
 -7548
 -7223
 -6835
 -6389
 -5887
 -5336
 -4740
 -4103
 -3431
 -2730
 -2003
 -1261
  -509
   245
  1000
  1746
  2480
  3190
  3873
  4522
  5133
  5703
  6221
  6686
  7094
  7442
  7726
  7945
  8095
  8176
  8187
  8128
  8000
  7803
  7539
  7211
  6822
  6375
  5873
  5318
  4721
  4083
  3410
  2708
  1980
  1238
   485
  -272
 -1026
 -1772
 -2505
 -3214
 -3896
 -4544
 -5154
 -5720
 -6238
 -6702
 -7108
 -7453
 -7735
 -7951
 -8099
 -8177
 -8186
 -8125
 -7994
 -7795
 -7529
 -7199
 -6807
 -6358
 -5854
 -5298
 -4699
 -4059
 -3385
 -2683
 -1957
 -1211
  -458
   295
  1049
  1795
  2525
  3236
  3917
  4564
  5172
  5736
  6252
  6715
  7119
  7463
  7743
  7956
  8102
  8179
  8185
  8122
  7989
  7788
  7519
  7187
  6794
  6343
  5838
  5282
  4679
  4039
  3364
  2660
  1934
  1191
   435
  -322
 -1076
 -1821
 -2550
 -3258
 -3940
 -4586
 -5193
 -5755
 -6269
 -6729
 -7133
 -7474
 -7751
 -7963
 -8106
 -8180
 -8184
 -8118
 -7983
 -7780
 -7510
 -7175
 -6779
 -6326
 -5819
 -5262
 -4660
 -4016
 -3340
 -2635
 -1908
 -1165
  -411
   345
  1099
  1844
  2573
  3279
  3958
  4606
  5211
  5772
  6284
  6742
  7144
  7483
  7759
  7968
  8109
  8181
  8183
  8115
  7978
  7772
  7501
  7165
  6766
  6311
  5802
  5244
  4641
  3998
  3318
  2613
  1885
  1141
   388
  -369
 -1126
 -1870
 -2598
 -3304
 -3981
 -4628
 -5232
 -5791
 -6301
 -6757
 -7156
 -7494
 -7767
 -7974
 -8113
 -8182
 -8182
 -8111
 -7972
 -7764
 -7490
 -7152
 -6753
 -6294
 -5783
 -5223
 -4619
 -3975
 -3297
 -2587
 -1859
 -1115
  -361
   393
  1149
  1893
  2620
  3325
  4002
  4645
  5250
  5808
  6316
  6770
  7167
  7502
  7775
  7980
  8116
  8183
  8181
  8109
  7966
  7756
  7480
  7140
  6739
  6281
  5767
  5205
  4599
  3954
  3275
  2565
  1836
  1092
   338
  -419
 -1172
 -1919
 -2645
 -3350
 -4025
 -4666
 -5268
 -5827
 -6333
 -6785
 -7180
 -7513
 -7782
 -7986
 -8120
 -8185
 -8180
 -8105
 -7961
 -7748
 -7469
 -7127
 -6724
 -6264
 -5748
 -5184
 -4577
 -3931
 -3250
 -2543
 -1810
 -1065
  -311
   443
  1196
  1939
  2668
  3371
  4046
  4686
  5286
  5841
  6348
  6799
  7191
  7522
  7790
  7990
  8123
  8185
  8178
  8101
  7955
  7740
  7460
  7116
  6711
  6249
  5733
  5166
  4557
  3910
  3229
  2520
  1790
  1042
   287
  -469
 -1222
 -1964
 -2690
 -3395
 -4069
 -4708
 -5306
 -5860
 -6363
 -6813
 -7204
 -7533
 -7798
 -7996
 -8126
 -8186
 -8177
 -8097
 -7949
 -7732
 -7449
 -7102
 -6695
 -6231
 -5714
 -5148
 -4535
 -3886
 -3204
 -2495
 -1764
 -1018
  -261
   493
  1245
  1987
  2712
  3414
  4089
  4727
  5324
  5876
  6378
  6827
  7215
  7542
  7805
  8001
  8129
  8187
  8175
  8094
  7943
  7724
  7440
  7090
  6682
  6216
  5697
  5130
  4518
  3866
  3183
  2472
  1741
   995
   240
  -520
 -1272
 -2013
 -2737
 -3438
 -4112
 -4749
 -5344
 -5895
 -6394
 -6839
 -7228
 -7553
 -7813
 -8007
 -8132
 -8188
 -8174
 -8090
 -7936
 -7716
 -7429
 -7079
 -6666
 -6198
 -5678
 -5109
 -4496
 -3845
 -3158
 -2447
 -1715
  -968
  -214
   543
  1295
  2036
  2760
  3460
  4130
  4768
  5362
  5911
  6409
  6852
  7237
  7562
  7820
  8012
  8135
  8188
  8172
  8086
  7931
  7708
  7419
  7067
  6654
  6183
  5661
  5090
  4476
  3824
  3136
  2424
  1692
   945
   190
  -567
 -1321
 -2062
 -2785
 -3484
 -4153
 -4787
 -5382
 -5929
 -6426
 -6867
 -7250
 -7571
 -7828
 -8017
 -8138
 -8189
 -8170
 -8082
 -7924
 -7699
 -7408
 -7053
 -6639
 -6165
 -5641
 -5069
 -4454
 -3800
 -3114
 -2399
 -1666
  -918
  -163
   590
  1342
  2085
  2807
  3505
  4173
  4806
  5398
  5946
  6440
  6880
  7261
  7580
  7834
  8022
  8140
  8190
  8169
  8078
  7918
  7690
  7397
  7041
  6625
  6152
  5624
  5051
  4434
  3779
  3093
  2379
  1643
   895
   140
  -617
 -1368
 -2107
 -2832
 -3529
 -4196
 -4828
 -5418
 -5962
 -6457
 -6894
 -7273
 -7590
 -7842
 -8027
 -8143
 -8190
 -8167
 -8074
 -7912
 -7681
 -7386
 -7028
 -6609
 -6134
 -5607
 -5030
 -4412
 -3756
 -3068
 -2354
 -1620
  -869
  -113
   640
  1391
  2130
  2854
  3551
  4217
  4847
  5436
  5978
  6471
  6907
  7284
  7599
  7848
  8031
  8146
  8190
  8165
  8070
  7906
  7674
  7376
  7015
  6595
  6119
  5590
  5014
  4392
  3735
  3046
  2331
  1597
   845
    90
  -667
 -1417
 -2156
 -2876
 -3575
 -4240
 -4868
 -5455
 -5996
 -6486
 -6921
 -7296
 -7609
 -7856
 -8036
 -8148
 -8191
 -8163
 -8065
 -7899
 -7665
 -7365
 -7002
 -6579
 -6101
 -5570
 -4992
 -4369
 -3711
 -3021
 -2306
 -1570
  -822
   -63
   690
  1441
  2179
  2898
  3593
  4260
  4887
  5473
  6012
  6500
  6932
  7307
  7617
  7863
  8041
  8151
  8191
  8161
  8061
  7892
  7656
  7355
  6989
  6565
  6085
  5553
  4974
  4352
  3690
  2999
  2283
  1547
   798
    42
  -717
 -1467
 -2204
 -2923
 -3617
 -4280
 -4909
 -5493
 -6030
 -6516
 -6946
 -7317
 -7627
 -7870
 -8046
 -8153
 -8191
 -8158
 -8056
 -7885
 -7647
 -7343
 -6977
 -6549
 -6067
 -5534
 -4952
 -4329
 -3669
 -2974
 -2257
 -1521
  -772
   -16
   737
  1490
  2227
  2945
  3638
  4300
  4925
  5510
  6046
  6530
  6959
  7328
  7636
  7877
  8050
  8156
  8191
  8157
  8052
  7879
  7638
  7333
  6965
  6537
  6051
  5516
  4934
  4309
  3648
  2955
  2235
  1498
   748
    -8
  -764
 -1513
 -2253
 -2970
 -3662
 -4323
 -4946
 -5530
 -6064
 -6546
 -6973
 -7340
 -7644
 -7884
 -8055
 -8158
 -8191
 -8154
 -8048
 -7871
 -7629
 -7321
 -6951
 -6521
 -6036
 -5496
 -4912
 -4286
 -3624
 -2930
 -2212
 -1472
  -722
    31
   787
  1536
  2275
  2992
  3683
  4343
  4965
  5545
  6080
  6561
  6985
  7350
  7652
  7889
  8060
  8160
  8191
  8152
  8043
  7866
  7620
  7310
  6938
  6507
  6020
  5481
  4893
  4266
  3603
  2908
  2189
  1448
   698
   -58
  -814
 -1563
 -2298
 -3017
 -3707
 -4365
 -4986
 -5565
 -6096
 -6577
 -6999
 -7362
 -7662
 -7897
 -8064
 -8162
 -8191
 -8149
 -8038
 -7858
 -7611
 -7298
 -6924
 -6490
 -6001
 -5461
 -4872
 -4244
 -3579
 -2883
 -2164
 -1425
  -672
    82
   837
  1586
  2321
  3036
  3728
  4385
  5005
  5582
  6111
  6589
  7011
  7372
  7670
  7903
  8068
  8164
  8190
  8147
  8033
  7852
  7603
  7287
  6911
  6476
  5985
  5444
  4856
  4223
  3558
  2861
  2141
  1402
   651
  -108
  -864
 -1612
 -2346
 -3061
 -3749
 -4408
 -5026
 -5601
 -6129
 -6605
 -7023
 -7384
 -7680
 -7910
 -8072
 -8166
 -8190
 -8144
 -8028
 -7844
 -7593
 -7277
 -6897
 -6460
 -5967
 -5424
 -4834
 -4203
 -3534
 -2836
 -2115
 -1376
  -625
   129
   887
  1635
  2369
  3082
  3770
  4425
  5045
  5619
  6145
  6618
  7036
  7394
  7688
  7916
  8076
  8168
  8190
  8141
  8023
  7837
  7584
  7266
  6886
  6445
  5951
  5406
  4815
  4183
  3515
  2814
  2092
  1352
   601
  -155
  -911
 -1661
 -2394
 -3107
 -3793
 -4447
 -5066
 -5638
 -6162
 -6634
 -7049
 -7404
 -7697
 -7923
 -8081
 -8170
 -8189
 -8139
 -8018
 -7829
 -7574
 -7253
 -6871
 -6430
 -5933
 -5386
 -4793
 -4160
 -3491
 -2792
 -2066
 -1326
  -574
   179
   934
  1684
  2417
  3129
  3814
  4467
  5082
  5655
  6178
  6648
  7061
  7414
  7704
  7929
  8085
  8172
  8189
  8136
  8014
  7822
  7565
  7242
  6858
  6416
  5918
  5368
  4774
  4140
  3470
  2770
  2044
  1303
   551
  -206
  -961
 -1707
 -2442
 -3154
 -3838
 -4489
 -5103
 -5672
 -6195
 -6663
 -7075
 -7426
 -7713
 -7934
 -8089
 -8173
 -8188
 -8133
 -8008
 -7815
 -7554
 -7230
 -6844
 -6399
 -5900
 -5348
 -4753
 -4117
 -3445
 -2745
 -2021
 -1276
  -524
   229
   984
  1730
  2462
  3175
  3859
  4509
  5121
  5689
  6209
  6677
  7087
  7435
  7721
  7940
  8092
  8175
  8187
  8130
  8003
  7808
  7545
  7219
  6831
  6384
  5884
  5333
  4733
  4096
  3424
  2723
  1998
  1256
   501
  -256
 -1011
 -1756
 -2487
 -3197
 -3882
 -4531
 -5142
 -5708
 -6226
 -6693
 -7100
 -7447
 -7730
 -7947
 -8096
 -8176
 -8187
 -8127
 -7998
 -7800
 -7536
 -7206
 -6816
 -6368
 -5865
 -5312
 -4714
 -4073
 -3400
 -2697
 -1972
 -1230
  -477
   280
  1034
  1779
  2510
  3219
  3903
  4551
  5160
  5725
  6241
  6704
  7112
  7456
  7737
  7953
  8100
  8178
  8186
  8124
  7992
  7793
  7527
  7196
  6803
  6353
  5849
  5294
  4695
  4055
  3378
  2675
  1949
  1207
   454
  -306
 -1060
 -1805
 -2535
 -3243
 -3924
 -4573
 -5181
 -5744
 -6259
 -6720
 -7123
 -7467
 -7746
 -7959
 -8104
 -8179
 -8185
 -8120
 -7987
 -7785
 -7516
 -7184
 -6790
 -6336
 -5830
 -5274
 -4673
 -4032
 -3354
 -2650
 -1923
 -1180
  -427
   327
  1084
  1828
  2558
  3265
  3944
  4590
  5199
  5761
  6274
  6733
  7135
  7476
  7754
  7964
  8107
  8180
  8184
  8118
  7981
  7777
  7507
  7172
  6777
  6321
  5813
  5256
  4654
  4012
  3335
  2628
  1900
  1157
   404
  -353
 -1107
 -1854
 -2583
 -3289
 -3968
 -4612
 -5217
 -5780
 -6291
 -6748
 -7148
 -7487
 -7761
 -7971
 -8111
 -8182
 -8183
 -8114
 -7975
 -7769
 -7496
 -7159
 -6762
 -6306
 -5794
 -5235
 -4632
 -3988
 -3311
 -2605
 -1874
 -1130
  -377
   377
  1130
  1874
  2605
  3311
  3988
  4632
  5235
  5794
  6306
  6762
  7159
  7496
  7769
  7976
  8114
  8183
  8182
  8111
  7971
  7761
  7487
  7148
  6748
  6291
  5780
  5217
  4612
  3968
  3289
  2583
  1854
  1107
   353
  -404
 -1157
 -1900
 -2628
 -3335
 -4012
 -4654
 -5256
 -5813
 -6323
 -6777
 -7172
 -7507
 -7777
 -7981
 -8118
 -8184
 -8180
 -8107
 -7964
 -7754
 -7476
 -7135
 -6733
 -6274
 -5761
 -5199
 -4590
 -3944
 -3265
 -2558
 -1828
 -1084
  -327
   427
  1180
  1923
  2650
  3357
  4032
  4673
  5274
  5830
  6336
  6790
  7184
  7516
  7785
  7987
  8120
  8185
  8179
  8104
  7959
  7746
  7467
  7123
  6720
  6259
  5744
  5181
  4573
  3924
  3243
  2535
  1805
  1060
   303
  -454
 -1207
 -1949
 -2675
 -3378
 -4055
 -4695
 -5294
 -5849
 -6353
 -6803
 -7196
 -7527
 -7793
 -7992
 -8124
 -8186
 -8178
 -8100
 -7953
 -7737
 -7456
 -7112
 -6704
 -6241
 -5725
 -5160
 -4551
 -3900
 -3219
 -2510
 -1779
 -1034
  -280
   477
  1230
  1972
  2697
  3400
  4073
  4714
  5312
  5865
  6368
  6816
  7206
  7536
  7800
  7998
  8127
  8187
  8176
  8096
  7947
  7730
  7447
  7100
  6691
  6226
  5708
  5142
  4531
  3882
  3197
  2487
  1756
  1011
   256
  -501
 -1256
 -1998
 -2723
 -3424
 -4096
 -4733
 -5333
 -5884
 -6384
 -6831
 -7219
 -7545
 -7808
 -8003
 -8130
 -8187
 -8175
 -8092
 -7940
 -7721
 -7435
 -7087
 -6677
 -6209
 -5689
 -5121
 -4509
 -3859
 -3175
 -2462
 -1730
  -984
  -229
   524
  1276
  2021
  2745
  3445
  4117
  4753
  5348
  5900
  6399
  6844
  7230
  7554
  7815
  8008
  8133
  8188
  8173
  8089
  7934
  7713
  7426
  7075
  6663
  6195
  5672
  5103
  4489
  3838
  3154
  2442
  1707
   961
   206
  -551
 -1303
 -2044
 -2770
 -3470
 -4140
 -4774
 -5368
 -5918
 -6416
 -6858
 -7242
 -7565
 -7822
 -8014
 -8136
 -8189
 -8172
 -8085
 -7929
 -7704
 -7414
 -7061
 -6648
 -6178
 -5655
 -5082
 -4467
 -3814
 -3129
 -2417
 -1684
  -934
  -179
   574
  1326
  2066
  2792
  3491
  4160
  4793
  5386
  5933
  6430
  6871
  7253
  7574
  7829
  8018
  8139
  8189
  8170
  8081
  7923
  7697
  7404
  7049
  6634
  6162
  5638
  5066
  4447
  3793
  3107
  2394
  1661
   911
   155
  -601
 -1352
 -2092
 -2814
 -3515
 -4183
 -4815
 -5406
 -5951
 -6445
 -6886
 -7266
 -7584
 -7837
 -8023
 -8141
 -8190
 -8168
 -8076
 -7916
 -7688
 -7394
 -7036
 -6618
 -6145
 -5619
 -5045
 -4425
 -3770
 -3082
 -2369
 -1635
  -887
  -129
   625
  1376
  2115
  2836
  3534
  4203
  4834
  5424
  5967
  6460
  6897
  7277
  7593
  7844
  8028
  8144
  8190
  8166
  8072
  7910
  7680
  7384
  7023
  6605
  6129
  5601
  5026
  4408
  3749
  3061
  2346
  1612
   864
   108
  -651
 -1402
 -2141
 -2861
 -3558
 -4223
 -4856
 -5444
 -5985
 -6476
 -6911
 -7289
 -7603
 -7852
 -8033
 -8147
 -8190
 -8164
 -8068
 -7903
 -7670
 -7372
 -7011
 -6589
 -6111
 -5582
 -5005
 -4385
 -3728
 -3036
 -2321
 -1586
  -837
   -82
   672
  1425
  2164
  2883
  3579
  4244
  4875
  5461
  6001
  6490
  6924
  7298
  7611
  7858
  8038
  8149
  8191
  8162
  8064
  7897
  7662
  7362
  6999
  6577
  6096
  5565
  4986
  4365
  3707
  3017
  2298
  1563
   814
    58
  -698
 -1451
 -2189
 -2908
 -3603
 -4266
 -4893
 -5481
 -6020
 -6507
 -6938
 -7310
 -7620
 -7866
 -8043
 -8152
 -8191
 -8160
 -8060
 -7889
 -7652
 -7350
 -6985
 -6561
 -6080
 -5545
 -4965
 -4343
 -3683
 -2992
 -2272
 -1536
  -787
   -31
   722
  1472
  2212
  2930
  3624
  4286
  4912
  5496
  6036
  6521
  6951
  7321
  7629
  7871
  8048
  8154
  8191
  8158
  8055
  7884
  7644
  7340
  6973
  6546
  6064
  5528
  4946
  4323
  3662
  2970
  2253
  1513
   764
     8
  -748
 -1498
 -2235
 -2955
 -3648
 -4309
 -4934
 -5516
 -6051
 -6537
 -6965
 -7333
 -7638
 -7879
 -8052
 -8157
 -8191
 -8156
 -8050
 -7877
 -7634
 -7328
 -6959
 -6530
 -6046
 -5510
 -4925
 -4300
 -3638
 -2945
 -2227
 -1490
  -737
    16
   772
  1521
  2257
  2974
  3669
  4329
  4952
  5534
  6067
  6549
  6977
  7343
  7647
  7885
  8056
  8159
  8191
  8153
  8046
  7870
  7627
  7317
  6946
  6516
  6030
  5493
  4909
  4280
  3617
  2923
  2204
  1467
   717
   -42
  -798
 -1547
 -2283
 -2999
 -3690
 -4352
 -4974
 -5553
 -6085
 -6565
 -6991
 -7355
 -7656
 -7892
 -8061
 -8161
 -8191
 -8151
 -8041
 -7863
 -7617
 -7307
 -6932
 -6500
 -6012
 -5473
 -4887
 -4260
 -3593
 -2898
 -2179
 -1441
  -690
    63
   822
  1570
  2306
  3021
  3711
  4372
  4992
  5570
  6101
  6579
  7002
  7365
  7665
  7899
  8065
  8163
  8191
  8148
  8036
  7856
  7609
  7296
  6921
  6486
  5996
  5455
  4868
  4240
  3575
  2876
  2156
  1417
   667
   -90
  -848
 -1597
 -2331
 -3046
 -3735
 -4392
 -5014
 -5590
 -6119
 -6595
 -7015
 -7376
 -7674
 -7906
 -8070
 -8165
 -8190
 -8146
 -8031
 -7848
 -7599
 -7284
 -6907
 -6471
 -5978
 -5436
 -4847
 -4217
 -3551
 -2851
 -2130
 -1391
  -640
   113
   869
  1620
  2354
  3068
  3756
  4412
  5030
  5607
  6134
  6609
  7028
  7386
  7681
  7912
  8074
  8167
  8190
  8143
  8027
  7842
  7590
  7273
  6894
  6457
  5962
  5418
  4828
  4196
  3529
  2832
  2107
  1368
   617
  -140
  -895
 -1643
 -2379
 -3093
 -3779
 -4434
 -5051
 -5624
 -6152
 -6625
 -7041
 -7397
 -7690
 -7918
 -8078
 -8169
 -8190
 -8140
 -8022
 -7834
 -7580
 -7261
 -6880
 -6440
 -5946
 -5398
 -4806
 -4173
 -3505
 -2807
 -2085
 -1342
  -590
   163
   918
  1666
  2399
  3114
  3800
  4454
  5069
  5641
  6165
  6639
  7053
  7408
  7699
  7924
  8082
  8170
  8189
  8138
  8017
  7828
  7571
  7250
  6867
  6426
  5929
  5382
  4787
  4153
  3484
  2785
  2062
  1321
   567
  -190
  -945
 -1692
 -2424
 -3136
 -3824
 -4476
 -5090
 -5661
 -6183
 -6654
 -7067
 -7419
 -7708
 -7931
 -8086
 -8172
 -8188
 -8135
 -8012
 -7820
 -7562
 -7237
 -6852
 -6409
 -5911
 -5362
 -4768
 -4130
 -3460
 -2760
 -2036
 -1295
  -543
   214
   968
  1715
  2447
  3158
  3845
  4496
  5109
  5678
  6198
  6666
  7079
  7429
  7716
  7936
  8090
  8174
  8188
  8132
  8007
  7813
  7553
  7228
  6839
  6394
  5895
  5344
  4749
  4110
  3438
  2737
  2013
  1272
   520
  -240
  -995
 -1741
 -2472
 -3183
 -3866
 -4518
 -5130
 -5697
 -6216
 -6682
 -7090
 -7440
 -7724
 -7943
 -8094
 -8175
 -8187
 -8129
 -8001
 -7805
 -7542
 -7215
 -6825
 -6378
 -5876
 -5324
 -4727
 -4089
 -3414
 -2712
 -1987
 -1245
  -493
   261
  1018
  1764
  2495
  3204
  3886
  4535
  5148
  5714
  6231
  6695
  7102
  7449
  7732
  7949
  8097
  8177
  8186
  8126
  7996
  7798
  7533
  7204
  6813
  6363
  5860
  5306
  4708
  4069
  3395
  2690
  1964
  1222
   469
  -287
 -1042
 -1790
 -2520
 -3229
 -3910
 -4557
 -5166
 -5733
 -6249
 -6711
 -7116
 -7460
 -7741
 -7955
 -8101
 -8178
 -8185
 -8123
 -7990
 -7790
 -7522
 -7191
 -6799
 -6348
 -5841
 -5286
 -4686
 -4046
 -3371
 -2668
 -1939
 -1196
  -443
   311
  1065
  1810
  2543
  3250
  3931
  4577
  5184
  5750
  6264
  6724
  7127
  7469
  7748
  7961
  8105
  8180
  8185
  8120
  7986
  7782
  7513
  7180
  6785
  6333
  5827
  5268
  4666
  4025
  3350
  2645
  1919
  1172
   419
  -338
 -1092
 -1836
 -2568
 -3275
 -3954
 -4599
 -5205
 -5767
 -6281
 -6739
 -7140
 -7480
 -7756
 -7966
 -8109
 -8181
 -8183
 -8116
 -7980
 -7775
 -7502
 -7167
 -6770
 -6316
 -5808
 -5250
 -4645
 -4002
 -3325
 -2620
 -1893
 -1146
  -393
   361
  1115
  1859
  2587
  3297
  3975
  4619
  5223
  5783
  6294
  6753
  7152
  7490
  7764
  7972
  8111
  8182
  8182
  8113
  7974
  7767
  7494
  7156
  6757
  6301
  5791
  5232
  4625
  3981
  3304
  2598
  1870
  1126
   369
  -388
 -1141
 -1885
 -2613
 -3318
 -3998
 -4641
 -5244
 -5802
 -6311
 -6766
 -7165
 -7501
 -7772
 -7978
 -8115
 -8183
 -8181
 -8109
 -7968
 -7759
 -7483
 -7143
 -6742
 -6284
 -5772
 -5211
 -4606
 -3958
 -3279
 -2573
 -1844
 -1099
  -345
   411
  1165
  1908
  2635
  3340
  4016
  4660
  5262
  5819
  6326
  6779
  7175
  7510
  7780
  7983
  8118
  8184
  8180
  8106
  7963
  7751
  7474
  7133
  6729
  6269
  5755
  5193
  4586
  3940
  3258
  2550
  1821
  1076
   322
  -435
 -1191
 -1934
 -2660
 -3364
 -4039
 -4679
 -5282
 -5838
 -6343
 -6794
 -7187
 -7521
 -7788
 -7989
 -8122
 -8185
 -8179
 -8102
 -7956
 -7743
 -7463
 -7119
 -6715
 -6252
 -5736
 -5172
 -4564
 -3917
 -3236
 -2525
 -1795
 -1049
  -295
   458
  1211
  1957
  2683
  3385
  4059
  4699
  5300
  5854
  6358
  6807
  7199
  7529
  7795
  7994
  8125
  8186
  8177
  8099
  7951
  7735
  7453
  7108
  6702
  6238
  5720
  5154
  4544
  3896
  3214
  2505
  1772
  1026
   272
  -485
 -1238
 -1983
 -2708
 -3410
 -4083
 -4721
 -5318
 -5873
 -6375
 -6822
 -7211
 -7539
 -7803
 -8000
 -8128
 -8187
 -8176
 -8095
 -7945
 -7726
 -7442
 -7094
 -6686
 -6221
 -5703
 -5133
 -4522
 -3873
 -3190
 -2480
 -1746
 -1000
  -245
   509
  1261
  2003
  2730
  3431
  4103
  4740
  5336
  5887
  6389
  6835
  7223
  7548
  7810
  8004
  8131
  8188
  8174
  8091
  7939
  7719
  7432
  7083
  6673
  6206
  5686
  5115
  4502
  3852
  3168
  2457
  1726
   976
   221
  -535
 -1287
 -2028
 -2752
 -3455
 -4126
 -4762
 -5356
 -5905
 -6404
 -6850
 -7235
 -7559
 -7818
 -8010
 -8134
 -8188
 -8173
 -8087
 -7933
 -7710
 -7421
 -7069
 -6657
 -6188
 -5666
 -5096
 -4480
 -3828
 -3143
 -2432
 -1700
  -953
  -195
   559
  1311
  2051
  2774
  3474
  4146
  4781
  5374
  5922
  6419
  6861
  7246
  7568
  7825
  8015
  8137
  8189
  8171
  8083
  7927
  7702
  7412
  7057
  6643
  6173
  5649
  5078
  4463
  3807
  3122
  2409
  1677
   929
   174
  -585
 -1337
 -2077
 -2800
 -3498
 -4167
 -4802
 -5394
 -5940
 -6435
 -6876
 -7259
 -7578
 -7833
 -8020
 -8140
 -8189
 -8169
 -8079
 -7920
 -7693
 -7401
 -7045
 -6628
 -6155
 -5630
 -5057
 -4441
 -3786
 -3097
 -2384
 -1650
  -903
  -148
   609
  1360
  2100
  2822
  3519
  4187
  4821
  5412
  5956
  6450
  6888
  7268
  7587
  7839
  8025
  8142
  8190
  8168
  8075
  7914
  7685
  7391
  7033
  6616
  6140
  5613
  5038
  4421
  3766
  3075
  2361
  1627
   879
   124
  -632
 -1387
 -2126
 -2847
 -3543
 -4210
 -4840
 -5432
 -5975
 -6466
 -6903
 -7280
 -7596
 -7847
 -8030
 -8145
 -8190
 -8166
 -8071
 -7907
 -7676
 -7379
 -7019
 -6600
 -6122
 -5593
 -5017
 -4398
 -3742
 -3053
 -2336
 -1601
  -853
   -97
   656
  1407
  2148
  2869
  3565
  4230
  4859
  5447
  5991
  6481
  6915
  7291
  7604
  7853
  8035
  8148
  8191
  8164
  8067
  7901
  7668
  7369
  7007
  6586
  6108
  5576
  4999
  4378
  3721
  3031
  2316
  1578
   829
    74
  -682
 -1433
 -2171
 -2894
 -3589
 -4253
 -4881
 -5467
 -6007
 -6497
 -6930
 -7303
 -7614
 -7860
 -8040
 -8150
 -8191
 -8161
 -8062
 -7894
 -7658
 -7357
 -6993
 -6570
 -6090
 -5559
 -4977
 -4356
 -3697
 -3007
 -2291
 -1555
  -803
   -47
   706
  1456
  2194
  2913
  3610
  4273
  4900
  5485
  6023
  6511
  6942
  7314
  7623
  7867
  8044
  8153
  8191
  8159
  8058
  7888
  7651
  7347
  6981
  6556
  6075
  5542
  4961
  4336
  3676
  2985
  2268
  1532
   783
    24
  -733
 -1482
 -2220
 -2938
 -3634
 -4296
 -4921
 -5505
 -6041
 -6526
 -6956
 -7326
 -7633
 -7874
 -8049
 -8155
 -8191
 -8157
 -8053
 -7881
 -7641
 -7336
 -6967
 -6540
 -6057
 -5522
 -4940
 -4316
 -3652
 -2960
 -2242
 -1506
  -756
     0
   756
  1506
  2242
  2960
  3652
  4316
  4940
  5522
  6057
  6540
  6967
  7336
  7641
  7881
  8053
  8157
  8191
  8155
  8049
  7874
  7633
  7326
  6956
  6526
  6041
  5505
  4921
  4296
  3631
  2938
  2220
  1482
   733
   -24
  -783
 -1532
 -2268
 -2985
 -3676
 -4336
 -4961
 -5542
 -6075
 -6556
 -6981
 -7347
 -7651
 -7888
 -8058
 -8159
 -8191
 -8153
 -8044
 -7867
 -7623
 -7314
 -6942
 -6509
 -6023
 -5485
 -4900
 -4273
 -3610
 -2913
 -2194
 -1456
  -706
    47
   803
  1555
  2291
  3007
  3697
  4356
  4977
  5559
  6090
  6570
  6993
  7357
  7658
  7894
  8062
  8161
  8191
  8150
  8040
  7860
  7614
  7303
  6930
  6497
  6007
  5467
  4881
  4253
  3589
  2894
  2171
  1433
   682
   -74
  -829
 -1578
 -2316
 -3031
 -3721
 -4378
 -4999
 -5576
 -6108
 -6586
 -7007
 -7369
 -7668
 -7902
 -8067
 -8164
 -8191
 -8148
 -8035
 -7853
 -7604
 -7291
 -6915
 -6481
 -5991
 -5447
 -4859
 -4230
 -3565
 -2869
 -2148
 -1407
  -656
    97
   853
  1601
  2336
  3053
  3742
  4398
  5017
  5593
  6124
  6600
  7019
  7379
  7676
  7907
  8071
  8166
  8190
  8145
  8030
  7847
  7596
  7280
  6903
  6466
  5975
  5432
  4840
  4210
  3543
  2847
  2126
  1387
   632
  -124
  -879
 -1627
 -2361
 -3078
 -3766
 -4421
 -5038
 -5613
 -6140
 -6616
 -7033
 -7391
 -7685
 -7914
 -8075
 -8168
 -8190
 -8142
 -8025
 -7839
 -7587
 -7268
 -6888
 -6450
 -5956
 -5412
 -4821
 -4187
 -3519
 -2822
 -2100
 -1360
  -606
   148
   903
  1650
  2384
  3097
  3786
  4441
  5057
  5630
  6155
  6628
  7045
  7401
  7693
  7920
  8079
  8169
  8189
  8140
  8020
  7833
  7578
  7259
  6876
  6435
  5940
  5394
  4802
  4167
  3498
  2800
  2077
  1337
   585
  -174
  -929
 -1677
 -2409
 -3122
 -3807
 -4463
 -5078
 -5649
 -6173
 -6643
 -7057
 -7412
 -7702
 -7927
 -8083
 -8171
 -8189
 -8137
 -8015
 -7825
 -7568
 -7246
 -6861
 -6419
 -5922
 -5374
 -4781
 -4146
 -3474
 -2774
 -2051
 -1311
  -559
   195
   953
  1700
  2432
  3143
  3828
  4480
  5096
  5666
  6188
  6657
  7069
  7421
  7710
  7933
  8087
  8173
  8188
  8134
  8010
  7818
  7559
  7235
  6850
  6404
  5905
  5356
  4762
  4126
  3455
  2752
  2028
  1287
   535
  -221
  -976
 -1726
 -2457
 -3168
 -3852
 -4502
 -5117
 -5686
 -6206
 -6673
 -7083
 -7432
 -7719
 -7939
 -8091
 -8174
 -8188
 -8131
 -8004
 -7810
 -7548
 -7223
 -6835
 -6389
 -5887
 -5336
 -4740
 -4103
 -3431
 -2730
 -2003
 -1261
  -509
   245
  1000
  1749
  2480
  3190
  3873
  4522
  5133
  5703
  6221
  6686
  7094
  7442
  7726
  7945
  8095
  8176
  8187
  8128
  8000
  7803
  7539
  7211
  6822
  6375
  5873
  5318
  4721
  4083
  3410
  2708
  1980
  1238
   485
  -272
 -1026
 -1772
 -2505
 -3214
 -3896
 -4544
 -5154
 -5720
 -6238
 -6702
 -7108
 -7453
 -7735
 -7951
 -8099
 -8177
 -8186
 -8125
 -7994
 -7795
 -7529
 -7199
 -6807
 -6358
 -5854
 -5298
 -4699
 -4059
 -3385
 -2683
 -1957
 -1211
  -458
   295
  1049
  1795
  2525
  3236
  3917
  4564
  5172
  5736
  6252
  6715
  7119
  7463
  7743
  7956
  8102
  8179
  8185
  8122
  7989
  7788
  7519
  7187
  6794
  6343
  5838
  5282
  4679
  4039
  3364
  2660
  1934
  1191
   435
  -322
 -1076
 -1821
 -2550
 -3258
 -3940
 -4586
 -5193
 -5755
 -6269
 -6729
 -7133
 -7474
 -7751
 -7963
 -8106
 -8180
 -8184
 -8118
 -7983
 -7780
 -7510
 -7175
 -6779
 -6326
 -5819
 -5262
 -4660
 -4016
 -3340
 -2635
 -1908
 -1165
  -411
   345
  1099
  1844
  2573
  3279
  3958
  4606
  5211
  5772
  6284
  6742
  7144
  7483
  7759
  7968
  8109
  8181
  8183
  8115
  7978
  7772
  7501
  7165
  6766
  6311
  5802
  5244
  4641
  3998
  3318
  2613
  1885
  1141
   388
  -369
 -1126
 -1870
 -2598
 -3304
 -3981
 -4628
 -5232
 -5791
 -6301
 -6757
 -7156
 -7494
 -7767
 -7974
 -8113
 -8182
 -8182
 -8111
 -7972
 -7764
 -7490
 -7152
 -6753
 -6294
 -5783
 -5223
 -4619
 -3975
 -3297
 -2587
 -1859
 -1115
  -361
   393
  1149
  1893
  2620
  3325
  4002
  4645
  5250
  5808
  6316
  6770
  7167
  7502
  7775
  7980
  8116
  8183
  8181
  8109
  7966
  7756
  7480
  7140
  6739
  6281
  5767
  5205
  4599
  3954
  3275
  2565
  1836
  1092
   338
  -419
 -1172
 -1919
 -2645
 -3350
 -4025
 -4666
 -5268
 -5827
 -6333
 -6785
 -7180
 -7513
 -7782
 -7986
 -8120
 -8185
 -8180
 -8105
 -7961
 -7748
 -7469
 -7127
 -6724
 -6264
 -5748
 -5184
 -4577
 -3931
 -3250
 -2543
 -1810
 -1065
  -311
   443
  1196
  1939
  2668
  3371
  4046
  4686
  5286
  5841
  6348
  6799
  7191
  7522
  7790
  7990
  8123
  8185
  8178
  8101
  7955
  7740
  7460
  7116
  6711
  6249
  5733
  5166
  4557
  3910
  3229
  2520
  1790
  1042
   287
  -469
 -1222
 -1964
 -2690
 -3395
 -4069
 -4708
 -5306
 -5860
 -6363
 -6813
 -7204
 -7533
 -7798
 -7996
 -8126
 -8186
 -8177
 -8097
 -7949
 -7732
 -7449
 -7102
 -6695
 -6231
 -5714
 -5148
 -4535
 -3886
 -3204
 -2495
 -1764
 -1018
  -261
   493
  1245
  1987
  2712
  3414
  4089
  4727
  5324
  5876
  6378
  6827
  7215
  7542
  7805
  8001
  8129
  8187
  8175
  8094
  7943
  7724
  7440
  7090
  6682
  6216
  5697
  5130
  4518
  3866
  3183
  2472
  1741
   995
   240
  -520
 -1272
 -2013
 -2737
 -3438
 -4112
 -4749
 -5344
 -5895
 -6394
 -6839
 -7228
 -7553
 -7813
 -8007
 -8132
 -8188
 -8174
 -8090
 -7936
 -7716
 -7429
 -7079
 -6666
 -6198
 -5678
 -5109
 -4496
 -3845
 -3158
 -2447
 -1715
  -968
  -214
   543
  1295
  2036
  2760
  3460
  4130
  4768
  5362
  5911
  6409
  6852
  7237
  7562
  7820
  8012
  8135
  8188
  8172
  8086
  7931
  7708
  7419
  7067
  6654
  6183
  5661
  5090
  4476
  3824
  3136
  2424
  1692
   945
   190
  -567
 -1321
 -2062
 -2785
 -3484
 -4153
 -4787
 -5382
 -5929
 -6426
 -6867
 -7250
 -7571
 -7828
 -8017
 -8138
 -8189
 -8170
 -8082
 -7924
 -7699
 -7408
 -7053
 -6639
 -6165
 -5641
 -5069
 -4454
 -3800
 -3114
 -2399
 -1666
  -918
  -163
   590
  1342
  2085
  2807
  3505
  4173
  4806
  5398
  5946
  6440
  6880
  7261
  7580
  7835
  8022
  8140
  8190
  8169
  8078
  7918
  7690
  7397
  7041
  6625
  6152
  5624
  5051
  4434
  3779
  3093
  2379
  1643
   895
   140
  -617
 -1368
 -2107
 -2832
 -3529
 -4196
 -4828
 -5418
 -5964
 -6457
 -6894
 -7273
 -7590
 -7842
 -8027
 -8143
 -8190
 -8167
 -8074
 -7912
 -7681
 -7386
 -7028
 -6609
 -6134
 -5607
 -5030
 -4412
 -3756
 -3068
 -2354
 -1620
  -869
  -113
   640
  1391
  2130
  2854
  3551
  4217
  4847
  5436
  5978
  6471
  6907
  7284
  7599
  7848
  8031
  8146
  8190
  8165
  8070
  7906
  7674
  7376
  7015
  6595
  6119
  5590
  5014
  4392
  3735
  3046
  2331
  1597
   845
    90
  -667
 -1417
 -2156
 -2876
 -3575
 -4240
 -4868
 -5455
 -5996
 -6486
 -6921
 -7296
 -7609
 -7856
 -8036
 -8148
 -8191
 -8163
 -8065
 -7899
 -7665
 -7365
 -7002
 -6579
 -6101
 -5570
 -4992
 -4369
 -3711
 -3021
 -2306
 -1570
  -822
   -63
   690
  1441
  2179
  2898
  3593
  4260
  4887
  5473
  6012
  6500
  6932
  7307
  7617
  7863
  8041
  8151
  8191
  8161
  8061
  7892
  7656
  7355
  6989
  6565
  6085
  5553
  4974
  4352
  3690
  2999
  2283
  1547
   798
    42
  -717
 -1467
 -2204
 -2923
 -3617
 -4280
 -4909
 -5493
 -6030
 -6516
 -6946
 -7317
 -7627
 -7870
 -8046
 -8153
 -8191
 -8158
 -8056
 -7885
 -7647
 -7343
 -6977
 -6549
 -6067
 -5534
 -4952
 -4329
 -3669
 -2974
 -2257
 -1521
  -772
   -16
   737
  1490
  2227
  2945
  3638
  4300
  4925
  5510
  6046
  6530
  6959
  7328
  7636
  7877
  8050
  8156
  8191
  8157
  8052
  7879
  7638
  7333
  6965
  6537
  6051
  5516
  4934
  4309
  3648
  2955
  2235
  1498
   748
    -8
  -764
 -1513
 -2253
 -2970
 -3662
 -4323
 -4946
 -5530
 -6064
 -6546
 -6973
 -7340
 -7644
 -7884
 -8055
 -8158
 -8191
 -8154
 -8048
 -7871
 -7629
 -7321
 -6951
 -6521
 -6036
 -5496
 -4912
 -4286
 -3624
 -2930
 -2212
 -1472
  -722
    31
   787
  1536
  2275
  2992
  3683
  4343
  4965
  5545
  6080
  6561
  6985
  7350
  7652
  7889
  8060
  8160
  8191
  8152
  8043
  7866
  7620
  7310
  6938
  6507
  6020
  5481
  4893
  4266
  3603
  2908
  2189
  1448
   698
   -58
  -814
 -1563
 -2298
 -3017
 -3707
 -4365
 -4986
 -5565
 -6096
 -6577
 -6999
 -7362
 -7662
 -7897
 -8064
 -8162
 -8191
 -8149
 -8038
 -7858
 -7611
 -7298
 -6924
 -6490
 -6001
 -5461
 -4872
 -4244
 -3579
 -2883
 -2164
 -1425
  -672
    82
   837
  1586
  2321
  3036
  3728
  4385
  5005
  5582
  6111
  6589
  7011
  7372
  7670
  7903
  8068
  8164
  8190
  8147
  8033
  7852
  7603
  7287
  6911
  6476
  5985
  5444
  4856
  4223
  3558
  2861
  2141
  1402
   651
  -108
  -864
 -1612
 -2346
 -3061
 -3749
 -4408
 -5026
 -5601
 -6129
 -6605
 -7023
 -7384
 -7680
 -7910
 -8072
 -8166
 -8190
 -8144
 -8028
 -7844
 -7593
 -7277
 -6897
 -6460
 -5967
 -5424
 -4834
 -4203
 -3534
 -2836
 -2115
 -1376
  -625
   129
   887
  1635
  2369
  3082
  3770
  4425
  5045
  5619
  6145
  6618
  7036
  7394
  7688
  7916
  8076
  8168
  8190
  8141
  8023
  7837
  7584
  7266
  6886
  6445
  5951
  5406
  4815
  4183
  3515
  2814
  2092
  1352
   601
  -155
  -911
 -1661
 -2394
 -3107
 -3793
 -4447
 -5066
 -5638
 -6162
 -6634
 -7049
 -7404
 -7697
 -7923
 -8081
 -8170
 -8189
 -8139
 -8018
 -7829
 -7574
 -7253
 -6871
 -6430
 -5933
 -5386
 -4793
 -4160
 -3491
 -2792
 -2066
 -1326
  -574
   179
   934
  1684
  2417
  3129
  3814
  4467
  5082
  5655
  6178
  6648
  7061
  7414
  7704
  7929
  8085
  8172
  8189
  8136
  8014
  7822
  7565
  7242
  6858
  6416
  5916
  5368
  4774
  4140
  3470
  2770
  2044
  1303
   551
  -206
  -961
 -1707
 -2442
 -3154
 -3838
 -4489
 -5103
 -5672
 -6195
 -6663
 -7075
 -7426
 -7713
 -7934
 -8089
 -8173
 -8188
 -8133
 -8008
 -7814
 -7554
 -7230
 -6844
 -6399
 -5900
 -5348
 -4753
 -4117
 -3445
 -2745
 -2021
 -1276
  -524
   229
   984
  1730
  2462
  3175
  3859
  4509
  5121
  5689
  6209
  6677
  7087
  7435
  7721
  7940
  8093
  8175
  8187
  8130
  8003
  7808
  7545
  7219
  6831
  6384
  5884
  5333
  4733
  4096
  3424
  2723
  1998
  1256
   501
  -256
 -1011
 -1756
 -2487
 -3197
 -3882
 -4531
 -5142
 -5708
 -6226
 -6693
 -7100
 -7447
 -7730
 -7947
 -8096
 -8176
 -8187
 -8127
 -7998
 -7800
 -7536
 -7206
 -6816
 -6368
 -5865
 -5312
 -4714
 -4073
 -3400
 -2697
 -1972
 -1230
  -477
   280
  1034
  1779
  2510
  3219
  3903
  4551
  5160
  5725
  6241
  6704
  7112
  7456
  7737
  7953
  8100
  8178
  8186
  8124
  7992
  7793
  7527
  7196
  6803
  6353
  5849
  5294
  4695
  4055
  3378
  2675
  1949
  1207
   454
  -306
 -1060
 -1805
 -2535
 -3243
 -3924
 -4573
 -5181
 -5744
 -6259
 -6720
 -7123
 -7467
 -7746
 -7959
 -8104
 -8179
 -8185
 -8120
 -7987
 -7785
 -7516
 -7184
 -6790
 -6336
 -5830
 -5274
 -4673
 -4032
 -3354
 -2650
 -1923
