 -5545
 -5545
     0
     0
  1595
  3129
  4543
  5783
  6802
  7562
  8030
  8191
  8038
  7578
  6827
  5813
  4578
  3168
  1637
    42
 -1556
 -3093
 -4510
 -5755
 -6780
 -7545
 -8022
 -8191
 -8046
 -7593
 -6849
 -5841
 -4611
 -3204
 -1675
   -82
  1512
  3053
  4475
  5725
  6756
  7529
  8014
  8190
  8054
  7609
  6872
  5873
  4646
  3243
  1717
   124
 -1473
 -3017
 -4442
 -5697
 -6734
 -7513
 -8005
 -8190
 -8061
 -7623
 -6893
 -5900
 -4678
 -3279
 -1755
  -163
  1431
  2974
  4406
  5666
  6710
  7496
  7996
  8189
  8068
  7638
  6916
  5929
  4715
  3318
  1796
   206
 -1393
 -2938
 -4373
 -5638
 -6687
 -7480
 -7987
 -8188
 -8075
 -7652
 -6937
 -5956
 -4747
 -3357
 -1835
  -245
  1351
  2898
  4335
  5607
  6663
  7463
  7977
  8187
  8082
  7668
  6960
  5985
  4782
  3395
  1876
   287
 -1312
 -2861
 -4301
 -5576
 -6640
 -7447
 -7968
 -8185
 -8089
 -7681
 -6980
 -6012
 -4814
 -3431
 -1917
  -327
  1270
  2822
  4265
  5545
  6615
  7429
  7958
  8183
  8095
  7697
  7002
  6041
  4848
  3470
  1958
   369
 -1231
 -2785
 -4231
 -5516
 -6590
 -7412
 -7949
 -8182
 -8101
 -7710
 -7023
 -6067
 -4880
 -3505
 -1996
  -411
  1190
  2745
  4195
  5485
  6564
  7394
  7939
  8180
  8107
  7724
  7046
  6096
  4914
  3543
  2038
   454
 -1151
 -2708
 -4161
 -5455
 -6541
 -7376
 -7929
 -8177
 -8113
 -7737
 -7066
 -6124
 -4945
 -3579
 -2076
  -493
  1106
  2668
  4125
  5424
  6515
  7357
  7917
  8175
  8118
  7751
  7087
  6152
  4979
  3617
  2117
   535
 -1067
 -2628
 -4091
 -5394
 -6491
 -7340
 -7907
 -8172
 -8124
 -7764
 -7107
 -6178
 -5012
 -3652
 -2154
  -574
  1025
  2587
  4054
  5362
  6465
  7321
  7896
  8169
  8129
  7777
  7128
  6206
  5046
  3690
  2195
   617
  -986
 -2550
 -4017
 -5333
 -6441
 -7303
 -7886
 -8166
 -8134
 -7790
 -7147
 -6231
 -5077
 -3728
 -2233
  -656
   943
  2510
  3980
  5300
  6415
  7284
  7874
  8163
  8139
  7803
  7168
  6259
  5110
  3766
  2277
   698
  -904
 -2472
 -3946
 -5268
 -6390
 -7266
 -7863
 -8159
 -8143
 -7815
 -7187
 -6284
 -5141
 -3800
 -2315
  -737
   862
  2432
  3908
  5235
  6362
  7246
  7851
  8156
  8148
  7828
  7207
  6311
  5173
  3838
  2355
   783
  -823
 -2394
 -3874
 -5205
 -6337
 -7228
 -7840
 -8152
 -8152
 -7839
 -7227
 -6336
 -5204
 -3873
 -2393
  -822
   781
  2354
  3836
  5172
  6310
  7206
  7827
  8148
  8156
  7852
  7247
  6363
  5237
  3910
  2433
   864
  -739
 -2316
 -3802
 -5142
 -6285
 -7187
 -7816
 -8143
 -8159
 -7863
 -7265
 -6389
 -5267
 -3944
 -2471
  -903
   697
  2275
  3764
  5109
  6258
  7167
  7802
  8139
  8163
  7874
  7285
  6416
  5301
  3981
  2511
   945
  -657
 -2235
 -3729
 -5078
 -6232
 -7148
 -7790
 -8134
 -8166
 -7885
 -7302
 -6440
 -5331
 -4016
 -2549
  -984
   615
  2194
  3689
  5045
  6205
  7127
  7777
  8129
  8169
  7897
  7322
  6466
  5363
  4055
  2589
  1026
  -576
 -2156
 -3653
 -5014
 -6179
 -7108
 -7764
 -8124
 -8172
 -7907
 -7339
 -6490
 -5393
 -4089
 -2626
 -1065
   534
  2115
  3615
  4977
  6151
  7087
  7751
  8118
  8175
  7918
  7358
  6516
  5425
  4126
  2669
  1107
  -494
 -2077
 -3580
 -4946
 -6125
 -7067
 -7738
 -8113
 -8177
 -7929
 -7375
 -6540
 -5454
 -4160
 -2706
 -1149
   452
  2036
  3542
  4912
  6095
  7045
  7724
  8107
  8180
  7939
  7395
  6565
  5486
  4196
  2746
  1191
  -413
 -1998
 -3507
 -4881
 -6068
 -7023
 -7711
 -8101
 -8182
 -7949
 -7412
 -6589
 -5515
 -4230
 -2783
 -1230
   367
  1957
  3468
  4847
  6040
  7002
  7696
  8095
  8184
  7959
  7429
  6616
  5546
  4266
  2823
  1272
  -328
 -1919
 -3433
 -4815
 -6013
 -6981
 -7682
 -8089
 -8185
 -7968
 -7446
 -6639
 -5575
 -4300
 -2860
 -1311
   286
  1874
  3394
  4781
  5984
  6959
  7667
  8082
  8187
  7978
  7463
  6663
  5608
  4336
  2900
  1352
  -247
 -1836
 -3358
 -4749
 -5957
 -6938
 -7653
 -8075
 -8188
 -7987
 -7480
 -6686
 -5637
 -4372
 -2936
 -1391
   204
  1795
  3317
  4714
  5928
  6915
  7638
  8068
  8189
  7996
  7497
  6711
  5668
  4408
  2976
  1433
  -165
 -1756
 -3281
 -4679
 -5901
 -6894
 -7624
 -8061
 -8190
 -8004
 -7513
 -6733
 -5696
 -4441
 -3015
 -1472
   123
  1715
  3242
  4645
  5872
  6871
  7608
  8053
  8190
  8014
  7529
  6757
  5726
  4476
  3055
  1513
   -83
 -1677
 -3206
 -4612
 -5842
 -6850
 -7593
 -8046
 -8191
 -8022
 -7545
 -6779
 -5754
 -4509
 -3091
 -1555
    41
  1635
  3167
  4577
  5812
  6827
  7577
  8038
  8191
  8030
  7562
  6803
  5784
  4544
  3130
  1597
    -2
 -1597
 -3130
 -4544
 -5784
 -6803
 -7562
 -8030
 -8191
 -8038
 -7577
 -6827
 -5812
 -4577
 -3167
 -1635
   -41
  1555
  3091
  4509
  5754
  6779
  7545
  8022
  8191
  8046
  7593
  6850
  5842
  4612
  3206
  1677
    83
 -1513
 -3055
 -4476
 -5726
 -6757
 -7529
 -8014
 -8190
 -8053
 -7608
 -6871
 -5872
 -4645
 -3242
 -1715
  -123
  1472
  3015
  4441
  5696
  6733
  7513
  8004
  8190
  8061
  7624
  6894
  5901
  4679
  3281
  1756
   165
 -1433
 -2976
 -4408
 -5668
 -6711
 -7497
 -7996
 -8189
 -8068
 -7638
 -6915
 -5928
 -4714
 -3317
 -1795
  -204
  1391
  2936
  4372
  5637
  6686
  7480
  7987
  8188
  8075
  7653
  6938
  5957
  4749
  3358
  1836
   247
 -1352
 -2900
 -4336
 -5608
 -6663
 -7463
 -7978
 -8187
 -8082
 -7667
 -6959
 -5984
 -4781
 -3394
 -1874
  -286
  1311
  2860
  4300
  5575
  6639
  7446
  7968
  8185
  8089
  7682
  6981
  6013
  4815
  3433
  1919
   328
 -1272
 -2823
 -4266
 -5546
 -6616
 -7429
 -7959
 -8184
 -8095
 -7696
 -7002
 -6040
 -4847
 -3468
 -1957
  -367
  1230
  2783
  4230
  5515
  6589
  7412
  7949
  8182
  8101
  7711
  7023
  6068
  4881
  3507
  1998
   413
 -1191
 -2746
 -4196
 -5486
 -6565
 -7395
 -7939
 -8180
 -8107
 -7724
 -7045
 -6095
 -4912
 -3542
 -2036
  -452
  1149
  2706
  4160
  5454
  6540
  7375
  7929
  8177
  8113
  7738
  7067
  6125
  4946
  3580
  2077
   494
 -1107
 -2669
 -4126
 -5425
 -6516
 -7358
 -7918
 -8175
 -8118
 -7751
 -7087
 -6151
 -4977
 -3615
 -2115
  -534
  1065
  2626
  4089
  5393
  6490
  7339
  7907
  8172
  8124
  7764
  7108
  6179
  5014
  3653
  2156
   576
 -1026
 -2589
 -4055
 -5363
 -6466
 -7322
 -7897
 -8169
 -8129
 -7777
 -7127
 -6205
 -5045
 -3689
 -2194
  -615
   984
  2549
  4016
  5331
  6440
  7302
  7885
  8166
  8134
  7790
  7148
  6232
  5078
  3729
  2235
   657
  -945
 -2511
 -3981
 -5301
 -6416
 -7285
 -7874
 -8163
 -8139
 -7802
 -7167
 -6258
 -5109
 -3764
 -2275
  -697
   903
  2471
  3944
  5267
  6389
  7265
  7863
  8159
  8143
  7816
  7187
  6285
  5142
  3802
  2316
   739
  -864
 -2433
 -3910
 -5237
 -6363
 -7247
 -7852
 -8156
 -8148
 -7827
 -7206
 -6310
 -5172
 -3836
 -2354
  -781
   822
  2393
  3873
  5204
  6336
  7227
  7839
  8152
  8152
  7840
  7228
  6337
  5205
  3874
  2394
   823
  -783
 -2355
 -3838
 -5173
 -6311
 -7207
 -7828
 -8148
 -8156
 -7851
 -7246
 -6362
 -5235
 -3908
 -2432
  -862
   737
  2315
  3800
  5141
  6284
  7187
  7815
  8143
  8159
  7863
  7266
  6390
  5268
  3946
  2472
   904
  -698
 -2277
 -3766
 -5110
 -6259
 -7168
 -7803
 -8139
 -8163
 -7874
 -7284
 -6415
 -5300
 -3980
 -2510
  -943
   656
  2233
  3728
  5077
  6231
  7147
  7790
  8134
  8166
  7886
  7303
  6441
  5333
  4017
  2550
   986
  -617
 -2195
 -3690
 -5046
 -6206
 -7128
 -7777
 -8129
 -8169
 -7896
 -7321
 -6465
 -5362
 -4054
 -2587
 -1025
   574
  2154
  3652
  5012
  6178
  7107
  7764
  8124
  8172
  7907
  7340
  6491
  5394
  4091
  2628
  1067
  -535
 -2117
 -3617
 -4979
 -6152
 -7087
 -7751
 -8118
 -8175
 -7917
 -7357
 -6515
 -5424
 -4125
 -2668
 -1106
   493
  2076
  3579
  4945
  6124
  7066
  7737
  8113
  8177
  7929
  7376
  6541
  5455
  4161
  2708
  1151
  -454
 -2038
 -3543
 -4914
 -6096
 -7046
 -7724
 -8107
 -8180
 -7939
 -7394
 -6564
 -5485
 -4195
 -2745
 -1190
   411
  1996
  3505
  4880
  6067
  7023
  7710
  8101
  8182
  7949
  7412
  6590
  5516
  4231
  2785
  1231
  -369
 -1958
 -3470
 -4848
 -6041
 -7002
 -7697
 -8095
 -8183
 -7958
 -7429
 -6615
 -5545
 -4265
 -2822
 -1270
   327
  1917
  3431
  4814
  6012
  6980
  7681
  8089
  8185
  7968
  7447
  6640
  5576
  4301
  2861
  1312
  -287
 -1876
 -3395
 -4782
 -5985
 -6960
 -7668
 -8082
 -8187
 -7977
 -7463
 -6663
 -5607
 -4335
 -2898
 -1351
   245
  1835
  3357
  4747
  5956
  6937
  7652
  8075
  8188
  7987
  7480
  6687
  5638
  4373
  2938
  1393
  -206
 -1796
 -3318
 -4715
 -5929
 -6916
 -7638
 -8068
 -8189
 -7996
 -7496
 -6710
 -5666
 -4406
 -2974
 -1431
   163
  1755
  3279
  4678
  5900
  6893
  7623
  8061
  8190
  8005
  7513
  6734
  5697
  4442
  3017
  1473
  -124
 -1717
 -3243
 -4646
 -5873
 -6872
 -7609
 -8054
 -8190
 -8014
 -7529
 -6756
 -5725
 -4475
 -3053
 -1512
    82
  1675
  3204
  4611
  5841
  6849
  7593
  8046
  8191
  8022
  7545
  6780
  5755
  4510
  3093
  1556
   -42
 -1637
 -3168
 -4578
 -5813
 -6827
 -7578
 -8038
 -8191
 -8030
 -7562
 -6802
 -5783
 -4543
 -3129
 -1595
     0
  1595
  3129
  4543
  5783
  6802
  7562
  8030
  8191
  8038
  7578
  6827
  5813
  4578
  3168
  1637
    42
 -1556
 -3093
 -4510
 -5755
 -6780
 -7545
 -8022
 -8191
 -8046
 -7593
 -6849
 -5841
 -4611
 -3204
 -1675
   -82
  1512
  3053
  4475
  5725
  6756
  7529
  8014
  8190
  8054
  7609
  6872
  5873
  4646
  3243
  1717
   124
 -1473
 -3017
 -4442
 -5697
 -6734
 -7513
 -8005
 -8190
 -8061
 -7623
 -6893
 -5900
 -4678
 -3279
 -1755
  -163
  1431
  2974
  4406
  5666
  6710
  7496
  7996
  8189
  8068
  7638
  6916
  5929
  4715
  3318
  1796
   206
 -1393
 -2938
 -4373
 -5638
 -6687
 -7480
 -7987
 -8188
 -8075
 -7652
 -6937
 -5956
 -4747
 -3357
 -1835
  -245
  1351
  2898
  4335
  5607
  6663
  7463
  7977
  8187
  8082
  7668
  6960
  5985
  4782
  3395
  1876
   287
 -1312
 -2861
 -4301
 -5576
 -6640
 -7447
 -7968
 -8185
 -8089
 -7681
 -6980
 -6012
 -4814
 -3431
 -1917
  -327
  1270
  2822
  4265
  5545
  6615
  7429
  7958
  8183
  8095
  7697
  7002
  6041
  4848
  3470
  1958
   369
 -1231
 -2785
 -4231
 -5516
 -6590
 -7412
 -7949
 -8182
 -8101
 -7710
 -7023
 -6067
 -4880
 -3505
 -1996
  -411
  1190
  2745
  4195
  5485
  6564
  7394
  7939
  8180
  8107
  7724
  7046
  6096
  4914
  3543
  2038
   454
 -1151
 -2708
 -4161
 -5455
 -6541
 -7376
 -7929
 -8177
 -8113
 -7737
 -7066
 -6124
 -4945
 -3579
 -2076
  -493
  1106
  2668
  4125
  5424
  6515
  7357
  7917
  8175
  8118
  7751
  7087
  6152
  4979
  3617
  2117
   535
 -1067
 -2628
 -4091
 -5394
 -6491
 -7340
 -7907
 -8172
 -8124
 -7764
 -7107
 -6178
 -5012
 -3652
 -2154
  -574
  1025
  2587
  4054
  5362
  6465
  7321
  7896
  8169
  8129
  7777
  7128
  6206
  5046
  3690
  2195
   617
  -986
 -2550
 -4017
 -5333
 -6441
 -7303
 -7886
 -8166
 -8134
 -7790
 -7147
 -6231
 -5077
 -3728
 -2233
  -656
   943
  2510
  3980
  5300
  6415
  7284
  7874
  8163
  8139
  7803
  7168
  6259
  5110
  3766
  2277
   698
  -904
 -2472
 -3946
 -5268
 -6390
 -7266
 -7863
 -8159
 -8143
 -7815
 -7187
 -6284
 -5141
 -3800
 -2315
  -737
   862
  2432
  3908
  5235
  6362
  7246
  7851
  8156
  8148
  7828
  7207
  6311
  5173
  3838
  2355
   783
  -823
 -2394
 -3874
 -5205
 -6337
 -7228
 -7840
 -8152
 -8152
 -7839
 -7227
 -6336
 -5204
 -3873
 -2393
  -822
   781
  2354
  3836
  5172
  6310
  7206
  7827
  8148
  8156
  7852
  7247
  6363
  5237
  3910
  2433
   864
  -739
 -2316
 -3802
 -5142
 -6285
 -7187
 -7816
 -8143
 -8159
 -7863
 -7265
 -6389
 -5267
 -3944
 -2471
  -903
   697
  2275
  3764
  5109
  6258
  7167
  7802
  8139
  8163
  7874
  7285
  6416
  5301
  3981
  2511
   945
  -657
 -2235
 -3729
 -5078
 -6232
 -7148
 -7790
 -8134
 -8166
 -7885
 -7302
 -6440
 -5331
 -4016
 -2549
  -984
   615
  2194
  3689
  5045
  6205
  7127
  7777
  8129
  8169
  7897
  7322
  6466
  5363
  4055
  2589
  1026
  -576
 -2156
 -3653
 -5014
 -6179
 -7108
 -7764
 -8124
 -8172
 -7907
 -7339
 -6490
 -5393
 -4089
 -2626
 -1065
   534
  2115
  3615
  4977
  6151
  7087
  7751
  8118
  8175
  7918
  7358
  6516
  5425
  4126
  2669
  1107
  -494
 -2077
 -3580
 -4946
 -6125
 -7067
 -7738
 -8113
 -8177
 -7929
 -7375
 -6540
 -5454
 -4160
 -2706
 -1146
   452
  2036
  3542
  4912
  6095
  7045
  7724
  8107
  8180
  7939
  7395
  6565
  5486
  4196
  2746
  1191
  -413
 -1998
 -3507
 -4881
 -6068
 -7023
 -7711
 -8101
 -8182
 -7949
 -7412
 -6589
 -5515
 -4230
 -2783
 -1230
   367
  1957
  3468
  4847
  6040
  7002
  7696
  8095
  8184
  7959
  7429
  6616
  5546
  4266
  2823
  1272
  -328
 -1919
 -3433
 -4815
 -6013
 -6981
 -7682
 -8089
 -8185
 -7968
 -7446
 -6639
 -5575
 -4300
 -2860
 -1311
   286
  1874
  3394
  4781
  5984
  6959
  7667
  8082
  8187
  7978
  7463
  6663
  5608
  4336
  2900
  1352
  -247
 -1836
 -3358
 -4749
 -5957
 -6938
 -7653
 -8075
 -8188
 -7987
 -7480
 -6686
 -5637
 -4372
 -2936
 -1391
   204
  1795
  3317
  4714
  5928
  6915
  7638
  8068
  8189
  7996
  7497
  6711
  5668
  4408
  2976
  1433
  -165
 -1756
 -3281
 -4679
 -5901
 -6894
 -7624
 -8061
 -8190
 -8004
 -7513
 -6733
 -5696
 -4441
 -3015
 -1472
   123
  1715
  3242
  4645
  5872
  6871
  7608
  8053
  8190
  8014
  7529
  6757
  5726
  4476
  3055
  1513
   -83
 -1677
 -3206
 -4612
 -5842
 -6850
 -7593
 -8046
 -8191
 -8022
 -7545
 -6779
 -5754
 -4509
 -3091
 -1555
    41
  1635
  3167
  4577
  5812
  6827
  7577
  8038
  8191
  8030
  7562
  6803
  5784
  4544
  3130
  1597
    -2
 -1597
 -3130
 -4544
 -5784
 -6803
 -7562
 -8030
 -8191
 -8038
 -7577
 -6827
 -5812
 -4577
 -3167
 -1635
   -41
  1555
  3091
  4509
  5754
  6779
  7545
  8022
  8191
  8046
  7593
  6850
  5842
  4612
  3206
  1677
    83
 -1513
 -3055
 -4476
 -5726
 -6757
 -7529
 -8014
 -8190
 -8053
 -7608
 -6871
 -5872
 -4645
 -3242
 -1715
  -123
  1472
  3015
  4441
  5696
  6733
  7513
  8004
  8190
  8061
  7624
  6894
  5901
  4679
  3281
  1756
   165
 -1433
 -2976
 -4408
 -5668
 -6711
 -7497
 -7996
 -8189
 -8068
 -7638
 -6915
 -5928
 -4714
 -3317
 -1795
  -204
  1391
  2936
  4372
  5637
  6686
  7480
  7987
  8188
  8075
  7653
  6938
  5957
  4749
  3358
  1836
   247
 -1352
 -2900
 -4336
 -5608
 -6663
 -7463
 -7978
 -8187
 -8082
 -7667
 -6959
 -5984
 -4781
 -3394
 -1874
  -286
  1311
  2860
  4300
  5575
  6639
  7446
  7968
  8185
  8089
  7682
  6981
  6013
  4815
  3433
  1919
   328
 -1272
 -2823
 -4266
 -5546
 -6616
 -7429
 -7959
 -8184
 -8095
 -7696
 -7002
 -6040
 -4847
 -3468
 -1957
  -367
  1230
  2783
  4230
  5515
  6589
  7412
  7949
  8182
  8101
  7711
  7023
  6068
  4881
  3507
  1998
   413
 -1191
 -2746
 -4196
 -5486
 -6565
 -7395
 -7939
 -8180
 -8107
 -7724
 -7045
 -6095
 -4912
 -3542
 -2036
  -452
  1149
  2706
  4160
  5454
  6540
  7375
  7929
  8177
  8113
  7738
  7067
  6125
  4946
  3580
  2077
   494
 -1107
 -2669
 -4126
 -5425
 -6516
 -7358
 -7918
 -8175
 -8118
 -7751
 -7087
 -6151
 -4977
 -3615
 -2115
  -534
  1065
  2626
  4089
  5393
  6490
  7339
  7907
  8172
  8124
  7764
  7108
  6179
  5014
  3653
  2156
   576
 -1026
 -2589
 -4055
 -5363
 -6466
 -7322
 -7897
 -8169
 -8129
 -7777
 -7127
 -6205
 -5045
 -3689
 -2194
  -615
   984
  2549
  4016
  5331
  6440
  7302
  7885
  8166
  8134
  7790
  7148
  6232
  5078
  3729
  2235
   657
  -945
 -2511
 -3981
 -5301
 -6416
 -7285
 -7874
 -8163
 -8139
 -7802
 -7167
 -6258
 -5109
 -3764
 -2275
  -697
   903
  2471
  3944
  5267
  6389
  7265
  7863
  8159
  8143
  7816
  7187
  6285
  5142
  3802
  2316
   739
  -864
 -2433
 -3910
 -5237
 -6363
 -7247
 -7852
 -8156
 -8148
 -7827
 -7206
 -6310
 -5172
 -3836
 -2354
  -781
   822
  2393
  3873
  5204
  6336
  7227
  7839
  8152
  8152
  7840
  7228
  6337
  5205
  3874
  2394
   823
  -783
 -2355
 -3838
 -5173
 -6311
 -7207
 -7828
 -8148
 -8156
 -7851
 -7246
 -6362
 -5235
 -3908
 -2432
  -862
   737
  2315
  3800
  5141
  6284
  7187
  7815
  8143
  8159
  7863
  7266
  6390
  5268
  3946
  2472
   904
  -698
 -2277
 -3766
 -5110
 -6259
 -7168
 -7803
 -8139
 -8163
 -7874
 -7284
 -6415
 -5300
 -3980
 -2510
  -943
   656
  2233
  3728
  5077
  6231
  7147
  7790
  8134
  8166
  7886
  7303
  6441
  5333
  4017
  2550
   986
  -617
 -2195
 -3690
 -5046
 -6206
 -7128
 -7777
 -8129
 -8169
 -7896
 -7321
 -6465
 -5362
 -4054
 -2587
 -1025
   574
  2154
  3652
  5012
  6178
  7107
  7764
  8124
  8172
  7907
  7340
  6491
  5394
  4091
  2628
  1067
  -535
 -2117
 -3617
 -4979
 -6152
 -7087
 -7751
 -8118
 -8175
 -7917
 -7357
 -6515
 -5424
 -4125
 -2668
 -1106
   493
  2076
  3579
  4945
  6124
  7066
  7737
  8113
  8177
  7929
  7376
  6541
  5455
  4161
  2708
  1148
  -454
 -2038
 -3543
 -4914
 -6096
 -7046
 -7724
 -8107
 -8180
 -7939
 -7394
 -6564
 -5485
 -4195
 -2745
 -1190
   411
  1996
  3505
  4880
  6067
  7023
  7710
  8101
  8182
  7949
  7412
  6590
  5516
  4231
  2785
  1231
  -369
 -1958
 -3470
 -4848
 -6041
 -7002
 -7697
 -8095
 -8183
 -7958
 -7429
 -6615
 -5545
 -4265
 -2822
 -1270
   327
  1917
  3431
  4814
  6012
  6980
  7681
  8089
  8185
  7968
  7447
  6640
  5576
  4301
  2861
  1312
  -287
 -1876
 -3395
 -4782
 -5985
 -6960
 -7668
 -8082
 -8187
 -7977
 -7463
 -6663
 -5607
 -4335
 -2898
 -1351
   245
  1835
  3357
  4747
  5956
  6937
  7652
  8075
  8188
  7987
  7480
  6687
  5638
  4373
  2938
  1393
  -206
 -1796
 -3318
 -4715
 -5929
 -6916
 -7638
 -8068
 -8189
 -7996
 -7496
 -6710
 -5666
 -4406
 -2974
 -1431
   163
  1755
  3279
  4678
  5900
  6893
  7623
  8061
  8190
  8005
  7513
  6734
  5697
  4442
  3017
  1473
  -124
 -1717
 -3243
 -4646
 -5873
 -6872
 -7609
 -8054
 -8190
 -8014
 -7529
 -6756
 -5725
 -4475
 -3053
 -1512
    82
  1675
  3204
  4611
  5841
  6849
  7593
  8046
  8191
  8022
  7545
  6780
  5755
  4510
  3093
  1556
   -42
 -1637
 -3168
 -4578
 -5813
 -6827
 -7578
 -8038
 -8191
 -8030
 -7562
 -6802
 -5783
 -4543
 -3129
 -1595
     0
  1595
  3129
  4543
  5783
  6802
  7562
  8030
  8191
  8038
  7578
  6827
  5813
  4578
  3168
  1637
    42
 -1556
 -3093
 -4510
 -5755
 -6780
 -7545
 -8022
 -8191
 -8046
 -7593
 -6849
 -5841
 -4611
 -3204
 -1675
   -82
  1512
  3053
  4475
  5725
  6756
  7529
  8014
  8190
  8054
  7609
  6872
  5873
  4646
  3243
  1717
   124
 -1473
 -3017
 -4442
 -5697
 -6734
 -7513
 -8005
 -8190
 -8061
 -7623
 -6893
 -5900
 -4678
 -3279
 -1755
  -163
  1431
  2974
  4406
  5666
  6710
  7496
  7996
  8189
  8068
  7638
  6916
  5929
  4715
  3318
  1796
   206
 -1393
 -2938
 -4373
 -5638
 -6687
 -7480
 -7987
 -8188
 -8075
 -7652
 -6937
 -5956
 -4747
 -3357
 -1835
  -245
  1351
  2898
  4335
  5607
  6663
  7463
  7977
  8187
  8082
  7668
  6960
  5985
  4782
  3395
  1876
   287
 -1312
 -2861
 -4301
 -5576
 -6640
 -7447
 -7968
 -8185
 -8089
 -7681
 -6980
 -6012
 -4814
 -3431
 -1917
  -327
  1270
  2822
  4265
  5545
  6615
  7429
  7958
  8183
  8095
  7697
  7002
  6041
  4848
  3470
  1958
   369
 -1231
 -2785
 -4231
 -5516
 -6590
 -7412
 -7949
 -8182
 -8101
 -7710
 -7023
 -6067
 -4880
 -3505
 -1996
  -411
  1190
  2745
  4195
  5485
  6564
  7394
  7939
  8180
  8107
  7724
  7046
  6096
  4914
  3543
  2038
   454
 -1151
 -2708
 -4161
 -5455
 -6541
 -7376
 -7929
 -8177
 -8113
 -7737
 -7066
 -6124
 -4945
 -3579
 -2076
  -493
  1106
  2668
  4125
  5424
  6515
  7357
  7917
  8175
  8118
  7751
  7087
  6152
  4979
  3617
  2117
   535
 -1067
 -2628
 -4091
 -5394
 -6491
 -7340
 -7907
 -8172
 -8124
 -7764
 -7107
 -6178
 -5012
 -3652
 -2154
  -574
  1025
  2587
  4054
  5362
  6465
  7321
  7896
  8169
  8129
  7777
  7128
  6206
  5046
  3690
  2195
   617
  -986
 -2550
 -4017
 -5333
 -6441
 -7303
 -7886
 -8166
 -8134
 -7790
 -7147
 -6231
 -5077
 -3728
 -2233
  -656
   943
  2510
  3980
  5300
  6415
  7284
  7874
  8163
  8139
  7803
  7168
  6259
  5110
  3766
  2274
   698
  -904
 -2472
 -3946
 -5268
 -6390
 -7266
 -7863
 -8159
 -8143
 -7815
 -7187
 -6284
 -5141
 -3800
 -2315
  -737
   862
  2432
  3908
  5235
  6362
  7246
  7851
  8156
  8148
  7828
  7207
  6311
  5173
  3838
  2355
   783
  -823
 -2394
 -3874
 -5205
 -6337
 -7228
 -7840
 -8152
 -8152
 -7839
 -7227
 -6336
 -5204
 -3873
 -2393
  -822
   781
  2354
  3836
  5172
  6310
  7206
  7827
  8148
  8156
  7852
  7247
  6363
  5237
  3910
  2433
   864
  -739
 -2316
 -3802
 -5142
 -6285
 -7187
 -7816
 -8143
 -8159
 -7863
 -7265
 -6389
 -5267
 -3944
 -2471
  -903
   697
  2275
  3764
  5109
  6258
  7167
  7802
  8139
  8163
  7874
  7285
  6416
  5301
  3981
  2511
   945
  -657
 -2235
 -3729
 -5078
 -6232
 -7148
 -7790
 -8134
 -8166
 -7885
 -7302
 -6440
 -5331
 -4016
 -2549
  -984
   615
  2194
  3689
  5045
  6205
  7127
  7777
  8129
  8169
  7897
  7322
  6466
  5363
  4055
  2589
  1026
  -576
 -2156
 -3653
 -5014
 -6179
 -7108
 -7764
 -8124
 -8172
 -7907
 -7339
 -6490
 -5393
 -4089
 -2626
 -1065
   534
  2115
  3615
  4977
  6151
  7087
  7751
  8118
  8175
  7918
  7358
  6516
  5425
  4126
  2669
  1107
  -494
 -2077
 -3580
 -4946
 -6125
 -7067
 -7738
 -8113
 -8177
 -7929
 -7375
 -6540
 -5454
 -4160
 -2706
 -1146
   452
  2036
  3542
  4912
  6095
  7045
  7724
  8107
  8180
  7939
  7395
  6565
  5486
  4196
  2746
  1191
  -413
 -1998
 -3507
 -4881
 -6068
 -7023
 -7711
 -8101
 -8182
 -7949
 -7412
 -6589
 -5515
 -4230
 -2783
 -1230
   367
  1957
  3468
  4847
  6040
  7002
  7696
  8095
  8184
  7959
  7429
  6616
  5546
  4266
  2823
  1272
  -328
 -1919
 -3433
 -4815
 -6013
 -6981
 -7682
 -8089
 -8185
 -7968
 -7446
 -6639
 -5575
 -4300
 -2860
 -1311
   286
  1874
  3394
  4781
  5984
  6959
  7667
  8082
  8187
  7978
  7463
  6663
  5608
  4336
  2900
  1352
  -247
 -1836
 -3358
 -4749
 -5957
 -6938
 -7653
 -8075
 -8188
 -7987
 -7480
 -6686
 -5637
 -4372
 -2936
 -1391
   204
  1795
  3317
  4714
  5928
  6915
  7638
  8068
  8189
  7996
  7497
  6711
  5668
  4408
  2976
  1433
  -165
 -1756
 -3281
 -4679
 -5901
 -6894
 -7624
 -8061
 -8190
 -8004
 -7513
 -6733
 -5696
 -4441
 -3015
 -1472
   123
  1715
  3242
  4645
  5872
  6871
  7608
  8053
  8190
  8014
  7529
  6757
  5726
  4476
  3055
  1513
   -83
 -1677
 -3206
 -4612
 -5842
 -6850
 -7593
 -8046
 -8191
 -8022
 -7545
 -6779
 -5754
 -4509
 -3091
 -1555
    41
  1635
  3167
  4577
  5812
  6827
  7577
  8038
  8191
  8030
  7562
  6803
  5784
  4544
  3130
  1597
    -2
 -1597
 -3130
 -4544
 -5784
 -6803
 -7562
 -8030
 -8191
 -8038
 -7577
 -6827
 -5812
 -4577
 -3167
 -1635
   -41
  1555
  3091
  4509
  5754
  6779
  7545
  8022
  8191
  8046
  7593
  6850
  5842
  4612
  3206
  1677
    83
 -1513
 -3055
 -4476
 -5726
 -6757
 -7529
 -8014
 -8190
 -8053
 -7608
 -6871
 -5872
 -4645
 -3242
 -1715
  -123
  1472
  3015
  4441
  5696
  6733
  7513
  8004
  8190
  8061
  7624
  6894
  5901
  4679
  3281
  1756
   165
 -1433
 -2976
 -4408
 -5668
 -6711
 -7497
 -7996
 -8189
 -8068
 -7638
 -6915
 -5928
 -4714
 -3317
 -1795
  -204
  1391
  2936
  4372
  5637
  6686
  7480
  7987
  8188
  8075
  7653
  6938
  5957
  4749
  3358
  1836
   247
 -1352
 -2900
 -4336
 -5608
 -6663
 -7463
 -7978
 -8187
 -8082
 -7667
 -6959
 -5984
 -4781
 -3394
 -1874
  -286
  1311
  2860
  4300
  5575
  6639
  7446
  7968
  8185
  8089
  7682
  6981
  6013
  4815
  3433
  1919
   328
 -1272
 -2823
 -4266
 -5546
 -6616
 -7429
 -7959
 -8184
 -8095
 -7696
 -7002
 -6040
 -4847
 -3468
 -1957
  -367
  1230
  2783
  4230
  5515
  6589
  7412
  7949
  8182
  8101
  7711
  7023
  6068
  4881
  3507
  1998
   413
 -1191
 -2746
 -4196
 -5486
 -6565
 -7395
 -7939
 -8180
 -8107
 -7724
 -7045
 -6095
 -4912
 -3542
 -2036
  -452
  1149
  2706
  4160
  5454
  6540
  7375
  7929
  8177
  8113
  7738
  7067
  6125
  4946
  3580
  2077
   494
 -1107
 -2669
 -4126
 -5425
 -6516
 -7358
 -7918
 -8175
 -8118
 -7751
 -7087
 -6151
 -4977
 -3615
 -2115
  -534
  1065
  2626
  4089
  5393
  6490
  7339
  7907
  8172
  8124
  7764
  7108
  6179
  5014
  3653
  2156
   576
 -1026
 -2589
 -4055
 -5363
 -6466
 -7322
 -7897
 -8169
 -8129
 -7777
 -7127
 -6205
 -5045
 -3689
 -2194
  -615
   984
  2549
  4016
  5331
  6440
  7302
  7885
  8166
  8134
  7790
  7148
  6232
  5078
  3729
  2235
   657
  -945
 -2511
 -3981
 -5301
 -6416
 -7285
 -7874
 -8163
 -8139
 -7802
 -7167
 -6258
 -5109
 -3764
 -2272
  -697
   903
  2471
  3944
  5267
  6389
  7265
  7863
  8159
  8143
  7816
  7187
  6285
  5142
  3802
  2316
   739
  -864
 -2433
 -3910
 -5237
 -6363
 -7247
 -7852
 -8156
 -8148
 -7827
 -7206
 -6310
 -5172
 -3836
 -2354
  -781
   822
  2393
  3873
  5204
  6336
  7227
  7839
  8152
  8152
  7840
  7228
  6337
  5205
  3874
  2394
   823
  -783
 -2355
 -3838
 -5173
 -6311
 -7207
 -7828
 -8148
 -8156
 -7851
 -7246
 -6362
 -5235
 -3908
 -2432
  -862
   737
  2315
  3800
  5141
  6284
  7187
  7815
  8143
  8159
  7863
  7266
  6390
  5268
  3946
  2472
   904
  -698
 -2277
 -3766
 -5110
 -6259
 -7168
 -7803
 -8139
 -8163
 -7874
 -7284
 -6415
 -5300
 -3980
 -2510
  -943
   656
  2233
  3728
  5077
  6231
  7147
  7790
  8134
  8166
  7886
  7303
  6441
  5333
  4017
  2550
   986
  -617
 -2195
 -3690
 -5046
 -6206
 -7128
 -7777
 -8129
 -8169
 -7896
 -7321
 -6465
 -5362
 -4054
 -2587
 -1025
   574
  2154
  3652
  5012
  6178
  7107
  7764
  8124
  8172
  7907
  7340
  6491
  5394
  4091
  2628
  1067
  -535
 -2117
 -3617
 -4979
 -6152
 -7087
 -7751
 -8118
 -8175
 -7917
 -7357
 -6515
 -5424
 -4125
 -2668
 -1106
   493
  2076
  3579
  4945
  6124
  7066
  7737
  8113
  8177
  7929
  7376
  6541
  5455
  4161
  2708
  1148
  -454
 -2038
 -3543
 -4914
 -6096
 -7046
 -7724
 -8107
 -8180
 -7939
 -7394
 -6564
 -5485
 -4195
 -2745
 -1190
   411
  1996
  3505
  4880
  6067
  7023
  7710
  8101
  8182
  7949
  7412
  6590
  5516
  4231
  2785
  1231
  -369
 -1958
 -3470
 -4848
 -6041
 -7002
 -7697
 -8095
 -8183
 -7958
 -7429
 -6615
 -5545
 -4265
 -2822
 -1270
   327
  1917
  3431
  4814
  6012
  6980
  7681
  8089
  8185
  7968
  7447
  6640
  5576
  4301
  2861
  1312
  -287
 -1876
 -3395
 -4782
 -5985
 -6960
 -7668
 -8082
 -8187
 -7977
 -7463
 -6663
 -5607
 -4335
 -2898
 -1351
   245
  1835
  3357
  4747
  5956
  6937
  7652
  8075
  8188
  7987
  7480
  6687
  5638
  4373
  2938
  1393
  -206
 -1796
 -3318
 -4715
 -5929
 -6916
 -7638
 -8068
 -8189
 -7996
 -7496
 -6710
 -5666
 -4406
 -2974
 -1431
   163
  1755
  3279
  4678
  5900
  6893
  7623
  8061
  8190
  8005
  7513
  6734
  5697
  4442
  3017
  1473
  -124
 -1717
 -3243
 -4646
 -5873
 -6872
 -7609
 -8054
 -8190
 -8014
 -7529
 -6756
 -5725
 -4475
 -3053
 -1512
    82
  1675
  3204
  4611
  5841
  6849
  7593
  8046
  8191
  8022
  7545
  6780
  5755
  4510
  3093
  1556
   -42
 -1637
 -3168
 -4578
 -5813
 -6827
 -7578
 -8038
 -8191
 -8030
 -7562
 -6802
 -5783
 -4543
 -3129
 -1595
     0
  1595
  3129
  4543
  5783
  6802
  7562
  8030
  8191
  8038
  7578
  6827
  5813
  4578
  3168
  1637
    42
 -1556
 -3093
 -4510
 -5755
 -6780
 -7545
 -8022
 -8191
 -8046
 -7593
 -6849
 -5841
 -4611
 -3204
 -1675
   -82
  1512
  3053
  4475
  5725
  6756
  7529
  8014
  8190
  8054
  7609
  6872
  5873
  4646
  3243
  1717
   124
 -1473
 -3017
 -4442
 -5697
 -6734
 -7513
 -8005
 -8190
 -8061
 -7623
 -6893
 -5900
 -4678
 -3279
 -1755
  -163
  1431
  2974
  4406
  5666
  6710
  7496
  7996
  8189
  8068
  7638
  6916
  5929
  4715
  3318
  1796
   206
 -1393
 -2938
 -4373
 -5638
 -6687
 -7480
 -7987
 -8188
 -8075
 -7652
 -6937
 -5956
 -4747
 -3354
 -1835
  -245
  1351
  2898
  4335
  5607
  6663
  7463
  7977
  8187
  8082
  7668
  6960
  5985
  4782
  3395
  1876
   287
 -1312
 -2861
 -4301
 -5576
 -6640
 -7447
 -7968
 -8185
 -8089
 -7681
 -6980
 -6012
 -4814
 -3431
 -1917
  -327
  1270
  2822
  4265
  5545
  6615
  7429
  7958
  8183
  8095
  7697
  7002
  6041
  4848
  3470
  1958
   369
 -1231
 -2785
 -4231
 -5516
 -6590
 -7412
 -7949
 -8182
 -8101
 -7710
 -7023
 -6067
 -4880
 -3505
 -1996
  -411
  1190
  2745
  4195
  5485
  6564
  7394
  7939
  8180
  8107
  7724
  7046
  6096
  4914
  3543
  2038
   454
 -1151
 -2708
 -4161
 -5455
 -6541
 -7376
 -7929
 -8177
 -8113
 -7737
 -7066
 -6124
 -4945
 -3579
 -2076
  -493
  1106
  2668
  4125
  5424
  6515
  7357
  7917
  8175
  8118
  7751
  7087
  6152
  4979
  3617
  2117
   535
 -1067
 -2628
 -4091
 -5394
 -6491
 -7340
 -7907
 -8172
 -8124
 -7764
 -7107
 -6178
 -5012
 -3652
 -2154
  -574
  1025
  2587
  4054
  5362
  6465
  7321
  7896
  8169
  8129
  7777
  7128
  6206
  5046
  3690
  2195
   617
  -986
 -2550
 -4017
 -5333
 -6441
 -7303
 -7886
 -8166
 -8134
 -7790
 -7147
 -6231
 -5077
 -3728
 -2233
  -656
   943
  2510
  3980
  5300
  6415
  7284
  7874
  8163
  8139
  7803
  7168
  6259
  5110
  3766
  2274
   698
  -904
 -2472
 -3946
 -5268
 -6390
 -7266
 -7863
 -8159
 -8143
 -7815
 -7187
 -6284
 -5141
 -3800
 -2315
  -737
   862
  2432
  3908
  5235
  6362
  7246
  7851
  8156
  8148
  7828
  7207
  6311
  5173
  3838
  2355
   783
  -823
 -2394
 -3874
 -5205
 -6337
 -7228
 -7840
 -8152
 -8152
 -7839
 -7227
 -6336
 -5204
 -3873
 -2393
  -822
   781
  2354
  3836
  5172
  6310
  7206
  7827
  8148
  8156
  7852
  7247
  6363
  5237
  3910
  2433
   864
  -739
 -2316
 -3802
 -5142
 -6285
 -7187
 -7816
 -8143
 -8159
 -7863
 -7265
 -6389
 -5267
 -3944
 -2471
  -903
   697
  2275
  3764
  5109
  6258
  7167
  7802
  8139
  8163
  7874
  7285
  6416
  5301
  3981
  2511
   945
  -657
 -2235
 -3729
 -5078
 -6232
 -7148
 -7790
 -8134
 -8166
 -7885
 -7302
 -6440
 -5331
 -4016
 -2549
  -984
   615
  2194
  3689
  5045
  6205
  7127
  7777
  8129
  8169
  7897
  7322
  6466
  5363
  4055
  2589
  1026
  -576
 -2156
 -3653
 -5014
 -6179
 -7108
 -7764
 -8124
 -8172
 -7907
 -7339
 -6490
 -5393
 -4089
 -2626
 -1065
   534
  2115
  3615
  4977
  6151
  7087
  7751
  8118
  8175
  7918
  7358
  6516
  5425
  4126
  2669
  1107
  -494
 -2077
 -3580
 -4946
 -6125
 -7067
 -7738
 -8113
 -8177
 -7929
 -7375
 -6540
 -5454
 -4160
 -2706
 -1146
   452
  2036
  3542
  4912
  6095
  7045
  7724
  8107
  8180
  7939
  7395
  6565
  5486
  4196
  2746
  1191
  -413
 -1998
 -3507
 -4881
 -6068
 -7023
 -7711
 -8101
 -8182
 -7949
 -7412
 -6589
 -5515
 -4230
 -2783
 -1230
   367
  1957
  3468
  4847
  6040
  7002
  7696
  8095
  8184
  7959
  7429
  6616
  5546
  4266
  2823
  1272
  -328
 -1919
 -3433
 -4815
 -6013
 -6981
 -7682
 -8089
 -8185
 -7968
 -7446
 -6639
 -5575
 -4300
 -2860
 -1311
   286
  1874
  3394
  4781
  5984
  6959
  7667
  8082
  8187
  7978
  7463
  6663
  5608
  4336
  2900
  1352
  -247
 -1836
 -3358
 -4749
 -5957
 -6938
 -7653
 -8075
 -8188
 -7987
 -7480
 -6686
 -5637
 -4372
 -2936
 -1391
   204
  1795
  3317
  4714
  5928
  6915
  7638
  8068
  8189
  7996
  7497
  6711
  5668
  4408
  2976
  1433
  -165
 -1756
 -3281
 -4679
 -5901
 -6894
 -7624
 -8061
 -8190
 -8004
 -7513
 -6733
 -5696
 -4441
 -3015
 -1472
   123
  1715
  3242
  4645
  5872
  6871
  7608
  8053
  8190
  8014
  7529
  6757
  5726
  4476
  3055
  1513
   -83
 -1677
 -3206
 -4612
 -5842
 -6850
 -7593
 -8046
 -8191
 -8022
 -7545
 -6779
 -5754
 -4509
 -3091
 -1555
    41
  1635
  3167
  4577
  5812
  6827
  7577
  8038
  8191
  8030
  7562
  6803
  5784
  4544
  3130
  1597
    -2
 -1597
 -3130
 -4544
 -5784
 -6803
 -7562
 -8030
 -8191
 -8038
 -7577
 -6827
 -5812
 -4577
 -3167
 -1635
   -41
  1555
  3091
  4509
  5754
  6779
  7545
  8022
  8191
  8046
  7593
  6850
  5842
  4612
  3206
  1677
    83
 -1513
 -3055
 -4476
 -5726
 -6757
 -7529
 -8014
 -8190
 -8053
 -7608
 -6871
 -5872
 -4645
 -3242
 -1715
  -123
  1472
  3015
  4441
  5696
  6733
  7513
  8004
  8190
  8061
  7624
  6894
  5901
  4679
  3281
  1756
   165
 -1433
 -2976
 -4408
 -5668
 -6711
 -7497
 -7996
 -8189
 -8068
 -7638
 -6915
 -5928
 -4714
 -3317
 -1795
  -204
  1391
  2936
  4372
  5637
  6686
  7480
  7987
  8188
  8075
  7653
  6938
  5957
  4749
  3355
  1836
   247
 -1352
 -2900
 -4336
 -5608
 -6663
 -7463
 -7978
 -8187
 -8082
 -7667
 -6959
 -5984
 -4781
 -3394
 -1874
  -286
  1311
  2860
  4300
  5575
  6639
  7446
  7968
  8185
  8089
  7682
  6981
  6013
  4815
  3433
  1919
   328
 -1272
 -2823
 -4266
 -5546
 -6616
 -7429
 -7959
 -8184
 -8095
 -7696
 -7002
 -6040
 -4847
 -3468
 -1957
  -367
  1230
  2783
  4230
  5515
  6589
  7412
  7949
  8182
  8101
  7711
  7023
  6068
  4881
  3507
  1998
   413
 -1191
 -2746
 -4196
 -5486
 -6565
 -7395
 -7939
 -8180
 -8107
 -7724
 -7045
 -6095
 -4912
 -3542
 -2036
  -452
  1149
  2706
  4160
  5454
  6540
  7375
  7929
  8177
  8113
  7738
  7067
  6125
  4946
  3580
  2077
   494
 -1107
 -2669
 -4126
 -5425
 -6516
 -7358
 -7918
 -8175
 -8118
 -7751
 -7087
 -6151
 -4977
 -3615
 -2115
  -534
  1065
  2626
  4089
  5393
  6490
  7339
  7907
  8172
  8124
  7764
  7108
  6179
  5014
  3653
  2156
   576
 -1026
 -2589
 -4055
 -5363
 -6466
 -7322
 -7897
 -8169
 -8129
 -7777
 -7127
 -6205
 -5045
 -3689
 -2194
  -615
   984
  2549
  4016
  5331
  6440
  7302
  7885
  8166
  8134
  7790
  7148
  6232
  5078
  3729
  2235
   657
  -945
 -2511
 -3981
 -5301
 -6416
 -7285
 -7874
 -8163
 -8139
 -7802
 -7167
 -6258
 -5109
 -3764
 -2272
  -697
   903
  2471
  3944
  5267
  6389
  7265
  7863
  8159
  8143
  7816
  7187
  6285
  5142
  3802
  2316
   739
  -864
 -2433
 -3910
 -5237
 -6363
 -7247
 -7852
 -8156
 -8148
 -7827
 -7206
 -6310
 -5172
 -3836
 -2354
  -781
   822
  2393
  3873
  5204
  6336
  7227
  7839
  8152
  8152
  7840
  7228
  6337
  5205
  3874
  2394
   823
  -783
 -2355
 -3838
 -5173
 -6311
 -7207
 -7828
 -8148
 -8156
 -7851
 -7246
 -6362
 -5235
 -3908
 -2432
  -862
   737
  2315
  3800
  5141
  6284
  7187
  7815
  8143
  8159
  7863
  7266
  6390
  5268
  3946
  2472
   904
  -698
 -2277
 -3766
 -5110
 -6259
 -7168
 -7803
 -8139
 -8163
 -7874
 -7284
 -6415
 -5300
 -3980
 -2510
  -943
   656
  2233
  3728
  5077
  6231
  7147
  7790
  8134
  8166
  7886
  7303
  6441
  5333
  4017
  2550
   986
  -617
 -2195
 -3690
 -5046
 -6206
 -7128
 -7777
 -8129
 -8169
 -7896
 -7321
 -6465
 -5362
 -4054
 -2587
 -1025
   574
  2154
  3652
  5012
  6178
  7107
  7764
  8124
  8172
  7907
  7340
  6491
  5394
  4091
  2628
  1067
  -535
 -2117
 -3617
 -4979
 -6152
 -7087
 -7751
 -8118
 -8175
 -7917
 -7357
 -6515
 -5424
 -4125
 -2668
 -1106
   493
  2076
  3579
  4945
  6124
  7066
  7737
  8113
  8177
  7929
  7376
  6541
  5455
  4161
  2708
  1148
  -454
 -2038
 -3543
 -4914
 -6096
 -7046
 -7724
 -8107
 -8180
 -7939
 -7394
 -6564
 -5485
 -4195
 -2745
 -1190
   411
  1996
  3505
  4880
  6067
  7023
  7710
  8101
  8182
  7949
  7412
  6590
  5516
  4231
  2785
  1231
  -369
 -1958
 -3470
 -4848
 -6041
 -7002
 -7697
 -8095
 -8183
 -7958
 -7429
 -6615
 -5545
 -4265
 -2822
 -1270
   327
  1917
  3431
  4814
  6012
  6980
  7681
  8089
  8185
  7968
  7447
  6640
  5576
  4301
  2861
  1312
  -287
 -1876
 -3395
 -4782
 -5985
 -6960
 -7668
 -8082
 -8187
 -7977
 -7463
 -6663
 -5607
 -4335
 -2898
 -1351
   245
  1835
  3357
  4747
  5956
  6937
  7652
  8075
  8188
  7987
  7480
  6687
  5638
  4370
  2938
  1393
  -206
 -1796
 -3318
 -4715
 -5929
 -6916
 -7638
 -8068
 -8189
 -7996
 -7496
 -6710
 -5666
 -4406
 -2974
 -1431
   163
  1755
  3279
  4678
  5900
  6893
  7623
  8061
  8190
  8005
  7513
  6734
  5697
  4442
  3017
  1473
  -124
 -1717
 -3243
 -4646
 -5873
 -6872
 -7609
 -8054
 -8190
 -8014
 -7529
 -6756
 -5725
 -4475
 -3053
 -1512
    82
  1675
  3204
  4611
  5841
  6849
  7593
  8046
  8191
  8022
  7545
  6780
  5755
  4510
  3093
  1556
   -42
 -1637
 -3168
 -4578
 -5813
 -6827
 -7578
 -8038
 -8191
 -8030
 -7562
 -6802
 -5783
 -4543
 -3129
 -1595
     0
  1595
  3129
  4543
  5783
  6802
  7562
  8030
  8191
  8038
  7578
  6827
  5813
  4578
  3168
  1637
    42
 -1556
 -3093
 -4510
 -5755
 -6780
 -7545
 -8022
 -8191
 -8046
 -7593
 -6849
 -5841
 -4611
 -3204
 -1675
   -82
  1512
  3053
  4475
  5725
  6756
  7529
  8014
  8190
  8054
  7609
  6872
  5873
  4646
  3243
  1717
   124
 -1473
 -3017
 -4442
 -5697
 -6734
 -7513
 -8005
 -8190
 -8061
 -7623
 -6893
 -5900
 -4678
 -3279
 -1755
  -163
  1431
  2974
  4406
  5666
  6710
  7496
  7996
  8189
  8068
  7638
  6916
  5929
  4715
  3318
  1796
   206
 -1393
 -2938
 -4373
 -5638
 -6687
 -7480
 -7987
 -8188
 -8075
 -7652
 -6937
 -5956
 -4747
 -3354
 -1835
  -245
  1351
  2898
  4335
  5607
  6663
  7463
  7977
  8187
  8082
  7668
  6960
  5985
  4782
  3395
  1876
   287
 -1312
 -2861
 -4301
 -5576
 -6640
 -7447
 -7968
 -8185
 -8089
 -7681
 -6980
 -6012
 -4814
