 -3243
 -3243
     0
     0
  7681
  5333
 -3981
 -8095
 -1635
  6959
  6466
 -2472
 -8182
 -3204
  5956
  7340
  -864
 -7939
 -4645
  4714
  7918
   783
 -7376
 -5900
  3279
  8177
  2394
 -6516
 -6915
  1715
  8107
  3910
 -5394
 -7652
    82
  7710
  5268
 -4055
 -8082
 -1555
  7002
  6416
 -2550
 -8185
 -3129
  6012
  7303
  -945
 -7959
 -4577
  4781
  7897
   698
 -7412
 -5841
  3357
  8172
  2316
 -6565
 -6871
  1795
  8118
  3838
 -5455
 -7623
   163
  7737
  5205
 -4126
 -8068
 -1472
  7045
  6363
 -2628
 -8188
 -3053
  6067
  7266
 -1026
 -7978
 -4509
  4847
  7874
   617
 -7447
 -5783
  3431
  8166
  2235
 -6616
 -6827
  1874
  8129
  3766
 -5516
 -7593
   245
  7764
  5142
 -4196
 -8053
 -1391
  7087
  6311
 -2708
 -8190
 -2974
  6124
  7228
 -1107
 -7996
 -4441
  4912
  7852
   535
 -7480
 -5725
  3505
  8159
  2156
 -6663
 -6779
  1957
  8139
  3690
 -5576
 -7562
   327
  7790
  5078
 -4266
 -8038
 -1311
  7127
  6259
 -2785
 -8191
 -2898
  6178
  7187
 -1191
 -8014
 -4372
  4977
  7828
   454
 -7513
 -5666
  3579
  8152
  2077
 -6711
 -6733
  2036
  8148
  3617
 -5638
 -7529
   411
  7815
  5014
 -4336
 -8022
 -1230
  7167
  6206
 -2861
 -8191
 -2822
  6231
  7148
 -1272
 -8030
 -4300
  5045
  7803
   369
 -7545
 -5607
  3652
  8143
  1998
 -6757
 -6686
  2115
  8156
  3543
 -5697
 -7496
   493
  7839
  4946
 -4408
 -8004
 -1149
  7206
  6152
 -2938
 -8190
 -2745
  6284
  7108
 -1352
 -8046
 -4230
  5109
  7777
   287
 -7578
 -5545
  3728
  8134
  1919
 -6803
 -6639
  2194
  8163
  3470
 -5755
 -7463
   574
  7863
  4881
 -4476
 -7987
 -1065
  7246
  6096
 -3017
 -8189
 -2668
  6336
  7067
 -1433
 -8061
 -4160
  5172
  7751
   206
 -7609
 -5485
  3800
  8124
  1836
 -6850
 -6589
  2275
  8169
  3395
 -5813
 -7429
   656
  7885
  4815
 -4544
 -7968
  -984
  7284
  6041
 -3093
 -8187
 -2587
  6389
  7023
 -1513
 -8075
 -4089
  5235
  7724
   124
 -7638
 -5424
  3873
  8113
  1756
 -6894
 -6540
  2354
  8175
  3318
 -5873
 -7394
   737
  7907
  4749
 -4612
 -7949
  -903
  7321
  5985
 -3168
 -8183
 -2510
  6440
  6981
 -1597
 -8089
 -4016
  5300
  7697
    42
 -7668
 -5362
  3944
  8101
  1677
 -6938
 -6490
  2432
  8180
  3243
 -5929
 -7357
   822
  7929
  4679
 -4679
 -7929
  -822
  7357
  5929
 -3243
 -8180
 -2432
  6490
  6938
 -1677
 -8101
 -3944
  5362
  7668
   -42
 -7697
 -5300
  4016
  8089
  1597
 -6981
 -6440
  2510
  8183
  3168
 -5985
 -7321
   903
  7949
  4612
 -4749
 -7907
  -737
  7394
  5873
 -3318
 -8175
 -2354
  6540
  6894
 -1756
 -8113
 -3873
  5424
  7638
  -124
 -7724
 -5235
  4089
  8075
  1513
 -7023
 -6389
  2587
  8187
  3093
 -6041
 -7284
   984
  7968
  4544
 -4815
 -7885
  -656
  7429
  5813
 -3395
 -8169
 -2275
  6589
  6850
 -1836
 -8124
 -3800
  5485
  7609
  -206
 -7751
 -5172
  4160
  8061
  1433
 -7067
 -6336
  2668
  8189
  3017
 -6096
 -7246
  1065
  7987
  4476
 -4881
 -7863
  -574
  7463
  5755
 -3470
 -8163
 -2194
  6639
  6803
 -1919
 -8134
 -3728
  5545
  7578
  -287
 -7777
 -5109
  4230
  8046
  1352
 -7108
 -6284
  2745
  8190
  2938
 -6152
 -7206
  1149
  8004
  4408
 -4946
 -7839
  -493
  7496
  5697
 -3543
 -8156
 -2115
  6686
  6757
 -1998
 -8143
 -3652
  5607
  7545
  -369
 -7803
 -5045
  4300
  8030
  1272
 -7148
 -6231
  2822
  8191
  2861
 -6206
 -7167
  1230
  8022
  4336
 -5014
 -7815
  -411
  7529
  5638
 -3617
 -8148
 -2036
  6733
  6711
 -2077
 -8152
 -3579
  5666
  7513
  -454
 -7828
 -4977
  4372
  8014
  1191
 -7187
 -6178
  2898
  8191
  2785
 -6259
 -7127
  1311
  8038
  4266
 -5078
 -7790
  -327
  7562
  5576
 -3690
 -8139
 -1957
  6779
  6663
 -2156
 -8159
 -3505
  5725
  7480
  -535
 -7852
 -4912
  4441
  7996
  1107
 -7228
 -6124
  2974
  8190
  2708
 -6311
 -7087
  1391
  8053
  4196
 -5142
 -7764
  -245
  7593
  5516
 -3766
 -8129
 -1874
  6827
  6616
 -2235
 -8166
 -3431
  5783
  7447
  -617
 -7874
 -4847
  4509
  7978
  1026
 -7266
 -6067
  3053
  8188
  2628
 -6363
 -7045
  1472
  8068
  4126
 -5205
 -7737
  -163
  7623
  5455
 -3838
 -8118
 -1795
  6871
  6565
 -2316
 -8172
 -3357
  5841
  7412
  -698
 -7897
 -4781
  4577
  7959
   945
 -7303
 -6012
  3129
  8185
  2550
 -6416
 -7002
  1555
  8082
  4055
 -5268
 -7710
   -82
  7652
  5394
 -3910
 -8107
 -1715
  6915
  6516
 -2394
 -8177
 -3279
  5900
  7376
  -783
 -7918
 -4714
  4645
  7939
   864
 -7340
 -5956
  3204
  8182
  2472
 -6466
 -6959
  1635
  8095
  3981
 -5333
 -7681
     0
  7681
  5333
 -3981
 -8095
 -1635
  6959
  6466
 -2472
 -8182
 -3204
  5956
  7340
  -864
 -7939
 -4645
  4714
  7918
   783
 -7376
 -5900
  3279
  8177
  2394
 -6516
 -6915
  1715
  8107
  3910
 -5394
 -7652
    82
  7710
  5268
 -4055
 -8082
 -1555
  7002
  6416
 -2550
 -8185
 -3129
  6012
  7303
  -945
 -7959
 -4577
  4781
  7897
   698
 -7412
 -5841
  3357
  8172
  2316
 -6565
 -6871
  1795
  8118
  3838
 -5455
 -7623
   163
  7737
  5205
 -4126
 -8068
 -1472
  7045
  6363
 -2628
 -8188
 -3053
  6067
  7266
 -1026
 -7978
 -4509
  4847
  7874
   617
 -7447
 -5783
  3431
  8166
  2235
 -6616
 -6827
  1874
  8129
  3766
 -5516
 -7593
   245
  7764
  5142
 -4196
 -8053
 -1391
  7087
  6311
 -2708
 -8190
 -2974
  6124
  7228
 -1107
 -7996
 -4441
  4912
  7852
   535
 -7480
 -5725
  3505
  8159
  2156
 -6663
 -6779
  1957
  8139
  3690
 -5576
 -7562
   327
  7790
  5078
 -4266
 -8038
 -1311
  7127
  6259
 -2785
 -8191
 -2898
  6178
  7187
 -1191
 -8014
 -4372
  4977
  7828
   454
 -7513
 -5666
  3579
  8152
  2077
 -6711
 -6733
  2036
  8148
  3617
 -5638
 -7529
   411
  7815
  5014
 -4336
 -8022
 -1230
  7167
  6206
 -2861
 -8191
 -2822
  6231
  7148
 -1272
 -8030
 -4300
  5045
  7803
   369
 -7545
 -5607
  3652
  8143
  1998
 -6757
 -6686
  2115
  8156
  3543
 -5697
 -7496
   493
  7839
  4946
 -4408
 -8004
 -1149
  7206
  6152
 -2938
 -8190
 -2745
  6284
  7108
