 -1352
 -1352
     0
     0
  7187
  6894
  -576
 -7447
 -6564
  1149
  7667
  6206
 -1717
 -7852
 -5812
  2275
  7996
  5394
 -2823
 -8101
 -4945
  3357
  8166
  4476
 -3874
 -8191
 -3980
  4372
  8175
  3470
 -4848
 -8118
 -2936
  5300
  8022
  2394
 -5726
 -7885
 -1835
  6124
  7711
  1272
 -6491
 -7496
  -697
  6827
  7247
   124
 -7128
 -6959
   452
  7394
  6640
 -1026
 -7624
 -6284
  1595
  7815
  5901
 -2156
 -7968
 -5485
  2706
  8082
  5046
 -3243
 -8156
 -4577
  3764
  8189
  4091
 -4266
 -8182
 -3579
  4747
  8134
  3055
 -5205
 -8046
 -2510
  5637
  7918
  1958
 -6041
 -7751
 -1391
  6415
  7545
   823
 -6757
 -7302
  -245
  7066
  7023
  -328
 -7340
 -6710
   903
  7577
  6363
 -1473
 -7777
 -5984
  2036
  7939
  5576
 -2589
 -8061
 -5141
  3129
  8143
  4679
 -3653
 -8185
 -4195
  4160
  8187
  3690
 -4646
 -8148
 -3167
  5109
  8068
  2628
 -5546
 -7949
 -2076
  5956
  7790
  1513
 -6337
 -7593
  -943
  6686
  7358
   369
 -7002
 -7087
   204
  7284
  6780
  -783
 -7529
 -6440
  1351
  7737
  6068
 -1919
 -7907
 -5666
  2471
  8038
  5237
 -3017
 -8129
 -4781
  3542
  8180
  4301
 -4055
 -8190
 -3800
  4543
  8159
  3281
 -5014
 -8089
 -2745
  5454
  7978
  2195
 -5873
 -7827
 -1635
  6258
  7638
  1067
 -6616
 -7412
  -493
  6937
  7148
   -83
 -7228
 -6849
   656
  7480
  6516
 -1231
 -7697
 -6151
  1795
  7874
  5755
 -2355
 -8014
 -5331
  2898
  8113
  4881
 -3433
 -8172
 -4406
  3944
  8191
  3910
 -4442
 -8169
 -3394
  4912
  8107
  2861
 -5363
 -8004
 -2315
  5783
  7863
  1756
 -6179
 -7681
 -1190
  6540
  7463
   617
 -6872
 -7206
   -41
  7167
  6916
  -535
 -7429
 -6589
  1106
  7652
  6232
 -1677
 -7840
 -5841
  2233
  7987
  5425
 -2785
 -8095
 -4977
  3317
  8163
  4510
 -3838
 -8190
 -4016
  4335
  8177
  3507
 -4815
 -8124
 -2974
  5267
  8030
  2433
 -5697
 -7896
 -1874
  6095
  7724
  1312
 -6466
 -7513
  -737
  6802
  7266
   165
 -7108
 -6980
   411
  7375
  6663
  -986
 -7609
 -6310
  1555
  7802
  5929
 -2117
 -7959
 -5515
  2668
  8075
  5078
 -3206
 -8152
 -4611
  3728
  8188
  4126
 -4231
 -8183
 -3615
  4714
  8139
  3093
 -5173
 -8053
 -2549
  5607
  7929
  1998
 -6013
 -7764
 -1431
  6389
  7562
   864
 -6734
 -7321
  -286
  7045
  7046
  -287
 -7322
 -6733
   862
  7562
  6390
 -1433
 -7764
 -6012
  1996
  7929
  5608
 -2550
 -8054
 -5172
  3091
  8139
  4715
 -3617
 -8184
 -4230
  4125
  8188
  3729
 -4612
 -8152
 -3204
  5077
  8075
  2669
 -5516
 -7958
 -2115
  5928
  7803
  1556
 -6311
 -7608
  -984
  6663
  7376
   413
 -6981
 -7107
   163
  7265
  6803
  -739
 -7513
 -6465
  1311
  7724
  6096
 -1876
 -7897
 -5696
  2432
  8030
  5268
 -2976
 -8124
 -4814
  3505
  8177
  4336
 -4017
 -8190
 -3836
  4509
  8163
  3318
 -4979
 -8095
 -2783
  5424
  7987
  2235
 -5842
 -7839
 -1675
  6231
  7653
  1107
 -6590
 -7429
  -534
  6915
  7168
   -42
 -7207
 -6871
   615
  7463
  6541
 -1191
 -7682
 -6178
  1755
  7863
  5784
 -2316
 -8005
 -5362
  2860
  8107
  4914
 -3395
 -8169
 -4441
  3908
  8191
  3946
 -4408
 -8172
 -3431
  4880
  8113
  2900
 -5333
 -8014
 -2354
  5754
  7874
  1796
 -6152
 -7696
 -1230
  6515
  7480
   657
 -6850
 -7227
   -82
  7147
  6938
  -494
 -7412
 -6615
  1065
  7638
  6259
 -1637
 -7828
 -5872
  2194
  7977
  5455
 -2746
 -8089
 -5012
  3279
  8159
  4544
 -3802
 -8190
 -4054
  4300
  8180
  3543
 -4782
 -8129
 -3015
  5235
  8038
  2472
 -5668
 -7907
 -1917
  6067
  7738
  1352
 -6441
 -7529
  -781
  6779
  7285
   206
 -7087
 -7002
   367
  7357
  6687
  -945
 -7593
 -6336
  1512
  7790
  5957
 -2077
 -7949
 -5545
  2626
  8068
  5110
 -3168
 -8148
 -4645
  3689
  8187
  4161
 -4196
 -8185
 -3652
  4678
  8143
  3130
 -5142
 -8061
 -2587
  5575
  7939
  2038
 -5985
 -7777
 -1472
  6362
  7578
   904
 -6711
 -7339
  -327
  7023
  7067
  -247
 -7303
 -6756
   822
  7545
  6416
 -1393
 -7751
 -6040
  1957
  7917
  5638
 -2511
 -8046
 -5204
  3053
  8134
  4749
 -3580
 -8182
 -4265
  4089
  8189
  3766
 -4578
 -8156
 -3242
  5045
  8082
  2708
 -5486
 -7968
 -2154
  5900
  7816
  1597
 -6285
 -7623
 -1025
  6639
  7395
   454
 -6960
 -7127
   123
  7246
  6827
  -698
 -7497
 -6490
  1270
  7710
  6125
 -1836
 -7886
 -5725
  2393
  8022
  5301
 -2938
 -8118
 -4847
  3468
  8175
  4373
 -3981
 -8191
 -3873
  4475
  8166
  3358
 -4946
 -8101
 -2822
  5393
  7996
  2277
 -5813
 -7851
 -1715
  6205
  7668
  1151
 -6565
 -7446
  -574
  6893
  7187
     2
 -7187
 -6893
   574
  7446
  6565
 -1151
 -7668
 -6205
  1715
  7851
  5813
 -2277
 -7996
 -5393
  2822
  8101
  4946
 -3358
 -8166
 -4475
  3873
  8191
  3981
 -4373
 -8175
 -3468
  4847
  8118
  2938
 -5301
 -8022
 -2393
  5725
  7886
  1836
 -6125
 -7710
 -1270
  6490
  7497
   698
 -6827
 -7246
  -123
  7127
  6960
  -454
 -7395
 -6639
  1025
  7623
  6285
 -1597
 -7816
 -5900
  2154
  7968
  5486
 -2708
 -8082
 -5045
  3242
  8156
  4578
 -3766
 -8189
 -4089
  4265
  8182
  3580
 -4749
 -8134
 -3053
  5204
  8046
  2511
 -5638
 -7917
 -1957
  6040
  7751
  1393
 -6416
 -7545
  -822
  6756
  7303
   247
 -7067
 -7023
   327
  7339
  6711
  -904
 -7578
 -6362
  1472
  7777
  5985
 -2038
 -7939
 -5575
  2587
  8061
  5142
 -3130
 -8143
 -4678
  3652
  8185
  4196
 -4161
 -8187
 -3689
  4645
  8148
  3168
 -5110
 -8068
 -2626
  5545
  7949
  2077
 -5957
 -7790
 -1512
  6336
  7593
   945
 -6687
 -7357
  -367
  7002
  7087
  -206
 -7285
 -6779
   781
  7529
  6441
 -1352
 -7738
 -6067
  1917
  7907
  5668
 -2472
 -8038
 -5235
  3015
  8129
  4782
 -3543
 -8180
 -4300
  4054
  8190
  3802
 -4544
 -8159
 -3279
  5012
  8089
  2746
 -5455
 -7977
 -2194
  5872
  7828
  1637
 -6259
 -7638
 -1065
  6615
  7412
   494
 -6938
 -7147
    82
  7227
  6850
  -657
 -7480
 -6515
  1230
  7696
  6152
 -1796
 -7874
 -5754
  2354
  8014
  5333
 -2900
 -8113
 -4880
  3431
  8172
  4408
 -3946
 -8191
 -3908
  4441
  8169
  3395
 -4914
 -8107
 -2860
  5362
  8005
  2316
 -5784
 -7863
 -1755
  6178
  7682
  1191
 -6541
 -7463
  -615
  6871
  7207
    42
 -7168
 -6915
   534
  7429
  6590
 -1107
 -7653
 -6231
  1675
  7839
  5842
 -2235
 -7987
 -5424
  2783
  8095
  4979
 -3318
 -8163
 -4509
  3836
  8190
  4017
 -4336
 -8177
 -3505
  4814
  8124
  2976
 -5268
 -8030
 -2432
  5696
  7897
  1876
 -6096
 -7724
 -1311
  6465
  7513
   739
 -6803
 -7265
  -163
  7107
  6981
  -413
 -7376
 -6663
   984
  7608
  6311
 -1556
 -7803
 -5928
  2115
  7958
  5516
 -2669
 -8075
 -5077
  3204
  8152
  4612
 -3729
 -8188
 -4125
  4230
  8184
  3617
 -4715
 -8139
 -3091
  5172
  8054
  2550
 -5608
 -7929
 -1996
  6012
  7764
  1433
 -6390
 -7562
  -862
  6733
  7322
   287
