 -7046
 -7046
     0
     0
  6540
  7874
  2938
 -4336
 -8159
 -5485
  1555
  7357
  7303
  1433
 -5576
 -8148
 -4230
  3053
  7907
  6466
  -124
 -6616
 -7839
 -2822
  4441
  8169
  5394
 -1677
 -7412
 -7246
 -1311
  5666
  8134
  4126
 -3168
 -7939
 -6389
   245
  6686
  7803
  2708
 -4544
 -8177
 -5300
  1795
  7463
  7187
  1191
 -5755
 -8118
 -4016
  3279
  7968
  6311
  -369
 -6757
 -7764
 -2587
  4645
  8183
  5205
 -1919
 -7513
 -7127
 -1065
  5841
  8101
  3910
 -3395
 -7996
 -6231
   493
  6827
  7724
  2472
 -4749
 -8188
 -5109
  2036
  7562
  7067
   945
 -5929
 -8082
 -3800
  3505
  8022
  6152
  -617
 -6894
 -7681
 -2354
  4847
  8190
  5014
 -2156
 -7609
 -7002
  -822
  6012
  8061
  3690
 -3617
 -8046
 -6067
   737
  6959
  7638
  2235
 -4946
 -8191
 -4912
  2275
  7652
  6938
   698
 -6096
 -8038
 -3579
  3728
  8068
  5985
  -864
 -7023
 -7593
 -2115
  5045
  8190
  4815
 -2394
 -7697
 -6871
  -574
  6178
  8014
  3470
 -3838
 -8089
 -5900
   984
  7087
  7545
  1998
 -5142
 -8187
 -4714
  2510
  7737
  6803
   454
 -6259
 -7987
 -3357
  3944
  8107
  5813
 -1107
 -7148
 -7496
 -1874
  5235
  8182
  4612
 -2628
 -7777
 -6733
  -327
  6336
  7959
  3243
 -4055
 -8124
 -5725
  1230
  7206
  7447
  1756
 -5333
 -8175
 -4509
  2745
  7815
  6663
   206
 -6416
 -7929
 -3129
  4160
  8139
  5638
 -1352
 -7266
 -7394
 -1635
  5424
  8166
  4408
 -2861
 -7852
 -6589
   -82
  6490
  7897
  3017
 -4266
 -8152
 -5545
  1472
  7321
  7340
  1513
 -5516
 -8156
 -4300
  2974
  7885
  6516
   -42
 -6565
 -7863
 -2898
  4372
  8163
  5455
 -1597
 -7376
 -7284
 -1391
  5607
  8143
  4196
 -3093
 -7918
 -6440
   163
  6639
  7828
  2785
 -4476
 -8172
 -5362
  1715
  7429
  7228
  1272
 -5697
 -8129
 -4089
  3204
  7949
  6363
  -287
 -6711
 -7790
 -2668
  4577
  8180
  5268
 -1836
 -7480
 -7167
 -1149
  5783
  8113
  3981
 -3318
 -7978
 -6284
   411
  6779
  7751
  2550
 -4679
 -8185
 -5172
  1957
  7529
  7108
  1026
 -5873
 -8095
 -3873
  3431
  8004
  6206
  -535
 -6850
 -7710
 -2432
  4781
  8189
  5078
 -2077
 -7578
 -7045
  -903
  5956
  8075
  3766
 -3543
 -8030
 -6124
   656
  6915
  7668
  2316
 -4881
 -8191
 -4977
  2194
  7623
  6981
   783
 -6041
 -8053
 -3652
  3652
  8053
  6041
  -783
 -6981
 -7623
 -2194
  4977
  8191
  4881
 -2316
 -7668
 -6915
  -656
  6124
  8030
  3543
 -3766
 -8075
 -5956
   903
  7045
  7578
  2077
 -5078
 -8189
 -4781
  2432
  7710
  6850
   535
 -6206
 -8004
 -3431
  3873
  8095
  5873
 -1026
 -7108
 -7529
 -1957
  5172
  8185
  4679
 -2550
 -7751
 -6779
  -411
  6284
  7978
  3318
 -3981
 -8113
 -5783
  1149
  7167
  7480
  1836
 -5268
 -8180
 -4577
  2668
  7790
  6711
   287
 -6363
 -7949
 -3204
  4089
  8129
  5697
 -1272
 -7228
 -7429
 -1715
  5362
  8172
  4476
 -2785
 -7828
 -6639
  -163
  6440
  7918
  3093
 -4196
 -8143
 -5607
  1391
  7284
  7376
  1597
 -5455
 -8163
 -4372
  2898
  7863
  6565
    42
 -6516
 -7885
 -2974
  4300
  8156
  5516
 -1513
 -7340
 -7321
 -1472
  5545
  8152
  4266
 -3017
 -7897
 -6490
    82
  6589
  7852
  2861
 -4408
 -8166
 -5424
  1635
  7394
  7266
  1352
 -5638
 -8139
 -4160
  3129
  7929
  6416
  -206
 -6663
 -7815
 -2745
  4509
  8175
  5333
 -1756
 -7447
 -7206
 -1230
  5725
  8124
  4055
 -3243
 -7959
 -6336
   327
  6733
  7777
  2628
 -4612
 -8182
 -5235
  1874
  7496
  7148
  1107
 -5813
 -8107
 -3944
  3357
  7987
  6259
  -454
 -6803
 -7737
 -2510
  4714
  8187
  5142
 -1998
 -7545
 -7087
  -984
  5900
  8089
  3838
 -3470
 -8014
 -6178
   574
  6871
  7697
  2394
 -4815
 -8190
 -5045
  2115
  7593
  7023
   864
 -5985
 -8068
 -3728
  3579
  8038
  6096
  -698
 -6938
 -7652
 -2275
  4912
  8191
  4946
 -2235
 -7638
 -6959
  -737
  6067
  8046
  3617
 -3690
 -8061
 -6012
   822
  7002
  7609
  2156
 -5014
 -8190
 -4847
  2354
  7681
  6894
   617
 -6152
 -8022
 -3505
  3800
  8082
  5929
  -945
 -7067
 -7562
 -2036
  5109
  8188
  4749
 -2472
 -7724
 -6827
  -493
  6231
  7996
  3395
 -3910
 -8101
 -5841
  1065
  7127
  7513
  1919
 -5205
 -8183
 -4645
  2587
  7764
  6757
   369
 -6311
 -7968
 -3279
  4016
  8118
  5755
 -1191
 -7187
 -7463
 -1795
  5300
  8177
  4544
 -2708
 -7803
 -6686
  -245
  6389
  7939
  3168
 -4126
 -8134
 -5666
  1311
  7246
  7412
  1677
 -5394
 -8169
 -4441
  2822
  7839
  6616
   124
 -6466
 -7907
 -3053
  4230
  8148
  5576
 -1433
 -7303
 -7357
 -1555
  5485
  8159
  4336
 -2938
 -7874
 -6540
     0
  6540
  7874
  2938
 -4336
 -8159
 -5485
  1555
  7357
  7303
  1433
 -5576
 -8148
 -4230
  3053
  7907
  6466
  -124
 -6616
 -7839
 -2822
  4441
  8169
  5394
 -1677
 -7412
 -7246
 -1311
  5666
  8134
  4126
 -3168
 -7939
 -6389
   245
  6686
  7803
  2708
 -4544
 -8177
 -5300
  1795
  7463
  7187
  1191
 -5755
 -8118
 -4016
  3279
  7968
  6311
  -369
 -6757
 -7764
 -2587
  4645
  8183
  5205
 -1919
 -7513
 -7127
 -1065
  5841
  8101
  3910
 -3395
 -7996
 -6231
   493
  6827
  7724
  2472
 -4749
 -8188
 -5109
  2036
  7562
  7067
   945
 -5929
 -8082
 -3800
  3505
  8022
  6152
  -617
 -6894
 -7681
 -2354
  4847
  8190
  5014
 -2156
 -7609
 -7002
  -822
  6012
  8061
  3690
 -3617
 -8046
 -6067
   737
  6959
  7638
  2235
 -4946
 -8191
 -4912
  2275
  7652
  6938
   698
 -6096
 -8038
 -3579
  3728
  8068
  5985
  -864
 -7023
 -7593
 -2115
  5045
  8190
  4815
 -2394
 -7697
 -6871
  -574
  6178
  8014
  3470
 -3838
 -8089
 -5900
   984
  7087
  7545
  1998
 -5142
 -8187
 -4714
  2510
  7737
  6803
   454
 -6259
 -7987
 -3357
  3944
  8107
  5813
 -1107
 -7148
 -7496
 -1874
  5235
  8182
  4612
 -2628
 -7777
 -6733
  -327
  6336
  7959
  3243
 -4055
 -8124
 -5725
  1230
  7206
  7447
  1756
 -5333
 -8175
 -4509
  2745
  7815
  6663
   206
 -6416
 -7929
 -3129
  4160
  8139
  5638
 -1352
 -7266
 -7394
 -1635
  5424
  8166
  4408
 -2861
 -7852
 -6589
   -82
  6490
  7897
  3017
 -4266
 -8152
 -5545
  1472
  7321
  7340
  1513
 -5516
 -8156
 -4300
  2974
  7885
  6516
   -42
 -6565
 -7863
 -2898
  4372
  8163
  5455
 -1597
 -7376
 -7284
 -1391
  5607
  8143
  4196
 -3093
 -7918
 -6440
   163
  6639
  7828
  2785
 -4476
 -8172
 -5362
  1715
  7429
  7228
  1272
 -5697
 -8129
 -4089
  3204
  7949
  6363
  -287
 -6711
 -7790
 -2668
  4577
  8180
  5268
 -1836
 -7480
 -7167
 -1149
  5783
  8113
  3981
 -3318
 -7978
 -6284
   411
  6779
  7751
  2550
 -4679
 -8185
 -5172
  1957
  7529
  7108
  1026
 -5873
 -8095
 -3873
  3431
  8004
  6206
  -535
 -6850
 -7710
 -2432
  4781
  8189
  5078
 -2077
 -7578
 -7045
  -903
  5956
  8075
  3766
 -3543
 -8030
 -6124
   656
  6915
  7668
  2316
 -4881
 -8191
 -4977
  2194
  7623
  6981
   783
 -6041
 -8053
 -3652
  3652
  8053
  6041
  -783
 -6981
 -7623
 -2194
  4977
  8191
  4881
 -2316
 -7668
 -6915
  -656
  6124
  8030
  3543
 -3766
 -8075
 -5956
   903
  7045
  7578
  2077
 -5078
 -8189
 -4781
  2432
  7710
  6850
   535
 -6206
 -8004
 -3431
  3873
  8095
  5873
 -1026
 -7108
 -7529
 -1957
  5172
  8185
  4679
 -2550
 -7751
 -6779
  -411
  6284
  7978
  3318
 -3981
 -8113
 -5783
  1149
  7167
  7480
  1836
 -5268
 -8180
 -4577
  2668
  7790
  6711
   287
 -6363
 -7949
 -3204
  4089
  8129
  5697
 -1272
 -7228
 -7429
 -1715
  5362
  8172
  4476
 -2785
 -7828
 -6639
  -163
  6440
  7918
  3093
 -4196
 -8143
 -5607
  1391
  7284
  7376
  1597
 -5455
 -8163
 -4372
  2898
  7863
  6565
    42
 -6516
 -7885
 -2974
  4300
  8156
  5516
 -1513
 -7340
 -7321
 -1472
  5545
  8152
  4266
 -3017
 -7897
 -6490
    82
  6589
  7852
  2861
 -4408
 -8166
 -5424
  1635
  7394
  7266
  1352
 -5638
 -8139
 -4160
  3129
  7929
  6416
  -206
 -6663
 -7815
 -2745
  4509
  8175
  5333
 -1756
 -7447
 -7206
 -1230
  5725
  8124
  4055
 -3243
