 -4815
 -4815
     0
     0
  8014
  3318
 -6640
 -6067
  4125
  7777
  -904
 -8152
 -2471
  7127
  5425
 -4881
 -7446
  1795
  8190
  1597
 -7529
 -4714
  5575
  7023
 -2669
 -8129
  -697
  7839
  3946
 -6206
 -6515
  3505
  7968
  -206
 -8054
 -3129
  6756
  5929
 -4301
 -7710
  1106
  8169
  2277
 -7228
 -5267
  5045
  7358
 -1998
 -8185
 -1391
  7608
  4544
 -5726
 -6915
  2860
  8101
   494
 -7897
 -3764
  6336
  6390
 -3690
 -7917
   411
  8089
  2938
 -6872
 -5783
  4475
  7638
 -1312
 -8182
 -2076
  7321
  5110
 -5205
 -7265
  2194
  8175
  1191
 -7682
 -4372
  5872
  6803
 -3055
 -8068
  -286
  7949
  3580
 -6466
 -6258
  3873
  7863
  -617
 -8118
 -2745
  6980
  5638
 -4646
 -7562
  1512
  8189
  1876
 -7412
 -4945
  5362
  7168
 -2394
 -8159
  -984
  7751
  4196
 -6013
 -6686
  3242
  8030
    83
 -7996
 -3394
  6589
  6125
 -4055
 -7802
   822
  8143
  2550
 -7087
 -5485
  4814
  7480
 -1717
 -8191
 -1675
  7496
  4782
 -5516
 -7066
  2587
  8139
   783
 -7816
 -4016
  6151
  6565
 -3433
 -7987
   123
  8038
  3206
 -6711
 -5984
  4230
  7738
 -1026
 -8163
 -2354
  7187
  5333
 -4979
 -7394
  1917
  8188
  1473
 -7578
 -4611
  5666
  6960
 -2785
 -8113
  -574
  7874
  3838
 -6285
 -6440
  3615
  7939
  -328
 -8075
 -3015
  6827
  5842
 -4408
 -7667
  1230
  8177
  2156
 -7285
 -5172
  5141
  7303
 -2117
 -8180
 -1270
  7652
  4442
 -5813
 -6849
  2974
  8082
   369
 -7929
 -3652
  6415
  6311
 -3802
 -7885
   534
  8107
  2823
 -6938
 -5696
  4577
  7593
 -1433
 -8187
 -1957
  7375
  5014
 -5301
 -7206
  2315
  8166
  1067
 -7724
 -4265
  5956
  6734
 -3168
 -8046
  -163
  7977
  3470
 -6541
 -6178
  3980
  7828
  -739
 -8134
 -2626
  7045
  5546
 -4749
 -7513
  1635
  8191
  1756
 -7463
 -4847
  5454
  7108
 -2511
 -8148
  -862
  7790
  4091
 -6096
 -6615
  3357
  8005
   -42
 -8022
 -3279
  6663
  6041
 -4161
 -7764
   943
  8156
  2433
 -7148
 -5393
  4912
  7429
 -1836
 -8190
 -1555
  7545
  4679
 -5608
 -7002
  2706
  8124
   657
 -7852
 -3908
  6231
  6491
 -3543
 -7958
   245
  8061
  3093
 -6780
 -5900
  4335
  7697
 -1151
 -8172
 -2233
  7246
  5237
 -5078
 -7339
  2036
  8184
  1352
 -7624
 -4509
  5754
  6894
 -2900
 -8095
  -452
  7907
  3729
 -6363
 -6362
  3728
  7907
  -454
 -8095
 -2898
  6893
  5755
 -4510
 -7623
  1351
  8183
  2038
 -7340
 -5077
  5235
  7247
 -2235
 -8172
 -1149
  7696
  4336
 -5901
 -6779
  3091
  8061
   247
 -7959
 -3542
  6490
  6232
 -3910
 -7851
   656
  8124
  2708
 -7002
 -5607
  4678
  7545
 -1556
 -8190
 -1835
  7429
  4914
 -5394
 -7147
  2432
  8156
   945
 -7764
 -4160
  6040
  6663
 -3281
 -8022
   -41
  8004
  3358
 -6616
 -6095
  4089
  7790
  -864
 -8148
 -2510
  7107
  5455
 -4848
 -7463
  1755
  8191
  1637
 -7513
 -4747
  5545
  7046
 -2628
 -8134
  -737
  7827
  3981
 -6179
 -6540
  3468
  7978
  -165
 -8046
 -3167
  6733
  5957
 -4266
 -7724
  1065
  8166
  2316
 -7207
 -5300
  5012
  7376
 -1958
 -8187
 -1431
  7593
  4578
 -5697
 -6937
  2822
  8107
   535
 -7886
 -3800
  6310
  6416
 -3653
 -7929
   367
  8082
  2976
 -6850
 -5812
  4441
  7653
 -1272
 -8180
 -2115
  7302
  5142
 -5173
 -7284
  2154
  8177
  1231
 -7668
 -4406
  5841
  6827
 -3017
 -8075
  -327
  7939
  3617
 -6441
 -6284
  3836
  7874
  -576
 -8113
 -2783
  6959
  5668
 -4612
 -7577
  1472
  8188
  1919
 -7395
 -4977
  5331
  7187
 -2355
 -8163
 -1025
  7737
  4231
 -5985
 -6710
  3204
  8038
   124
 -7987
 -3431
  6564
  6152
 -4017
 -7815
   781
  8139
  2589
 -7067
 -5515
  4781
  7497
 -1677
 -8191
 -1715
  7480
  4815
 -5486
 -7087
  2549
  8143
   823
 -7803
 -4054
  6124
  6590
 -3395
 -7996
    82
  8030
  3243
 -6687
 -6012
  4195
  7751
  -986
 -8159
 -2393
  7167
  5363
 -4946
 -7412
  1874
  8189
  1513
 -7562
 -4645
  5637
  6981
 -2746
 -8118
  -615
  7863
  3874
 -6259
 -6465
  3579
  7949
  -287
 -8068
 -3053
  6802
  5873
 -4373
 -7681
  1190
  8175
  2195
 -7266
 -5204
  5109
  7322
 -2077
 -8182
 -1311
  7638
  4476
 -5784
 -6871
  2936
  8089
   413
 -7918
 -3689
  6389
  6337
 -3766
 -7896
   493
  8101
  2861
 -6916
 -5725
  4543
  7609
 -1393
 -8185
 -1996
  7357
  5046
 -5268
 -7227
  2275
  8169
  1107
 -7711
 -4300
  5928
  6757
 -3130
 -8053
  -204
  7968
  3507
 -6516
 -6205
  3944
  7840
  -698
 -8129
 -2668
  7023
  5576
 -4715
 -7529
  1595
  8190
  1796
 -7447
 -4880
  5424
  7128
 -2472
 -8152
  -903
  7777
  4126
 -6068
 -6639
  3317
  8014
    -2
 -8014
 -3317
  6639
  6068
 -4126
 -7777
   903
  8152
  2472
 -7128
 -5424
  4880
  7447
 -1796
 -8190
 -1595
  7529
  4715
 -5576
 -7023
  2668
  8129
   698
 -7840
 -3944
  6205
  6516
 -3507
 -7968
   204
  8053
  3130
 -6757
 -5928
  4300
  7711
 -1107
 -8169
 -2275
  7227
  5268
 -5046
 -7357
  1996
  8185
  1393
 -7609
 -4543
  5725
  6916
 -2861
 -8101
  -493
  7896
  3766
 -6337
 -6389
  3689
  7918
  -413
 -8089
 -2936
  6871
  5784
 -4476
 -7638
  1311
  8182
  2077
 -7322
 -5109
  5204
  7266
 -2195
 -8175
 -1190
  7681
  4373
 -5873
 -6802
  3053
  8068
   287
 -7949
 -3579
  6465
  6259
 -3874
 -7863
   615
  8118
  2746
 -6981
 -5637
  4645
  7562
 -1513
 -8189
 -1874
  7412
  4946
 -5363
 -7167
  2393
  8159
   986
 -7751
 -4195
  6012
  6687
