 -6440
 -6440
     0
     0
  2745
  5172
  7002
  8022
  8113
  7266
  5576
  3243
   535
 -2235
 -4749
 -6711
 -7897
 -8169
 -7496
 -5956
 -3728
 -1065
  1715
  4300
  6389
  7737
  8191
  7697
  6311
  4196
  1597
 -1191
 -3838
 -6041
 -7545
 -8177
 -7863
 -6639
 -4645
 -2115
   656
  3357
  5666
  7321
  8129
  7996
  6938
  5078
  2628
  -124
 -2861
 -5268
 -7067
 -8046
 -8095
 -7206
 -5485
 -3129
  -411
  2354
  4847
  6779
  7929
  8159
  7447
  5873
  3617
   945
 -1836
 -4408
 -6466
 -7777
 -8189
 -7652
 -6231
 -4089
 -1472
  1311
  3944
  6124
  7593
  8183
  7828
  6565
  4544
  1998
  -783
 -3470
 -5755
 -7376
 -8143
 -7968
 -6871
 -4977
 -2510
   245
  2974
  5362
  7127
  8068
  8075
  7148
  5394
  3017
   287
 -2472
 -4946
 -6850
 -7959
 -8148
 -7394
 -5783
 -3505
  -822
  1957
  4509
  6540
  7815
  8185
  7609
  6152
  3981
  1352
 -1433
 -4055
 -6206
 -7638
 -8188
 -7790
 -6490
 -4441
 -1874
   903
  3579
  5841
  7429
  8156
  7939
  6803
  4881
  2394
  -369
 -3093
 -5455
 -7187
 -8089
 -8053
 -7087
 -5300
 -2898
  -163
  2587
  5045
  6915
  7987
  8134
  7340
  5697
  3395
   698
 -2077
 -4612
 -6616
 -7852
 -8180
 -7562
 -6067
 -3873
 -1230
  1555
  4160
  6284
  7681
  8190
  7751
  6416
  4336
  1756
 -1026
 -3690
 -5929
 -7480
 -8166
 -7907
 -6733
 -4781
 -2275
   493
  3204
  5545
  7246
  8107
  8030
  7023
  5205
  2785
    42
 -2708
 -5142
 -6981
 -8014
 -8118
 -7284
 -5607
 -3279
  -574
  2194
  4714
  6686
  7885
  8172
  7513
  5985
  3766
  1107
 -1677
 -4266
 -6363
 -7724
 -8191
 -7710
 -6336
 -4230
 -1635
  1149
  3800
  6012
  7529
  8175
  7874
  6663
  4679
  2156
  -617
 -3318
 -5638
 -7303
 -8124
 -8004
 -6959
 -5109
 -2668
    82
  2822
  5235
  7045
  8038
  8101
  7228
  5516
  3168
   454
 -2316
 -4815
 -6757
 -7918
 -8163
 -7463
 -5900
 -3652
  -984
  1795
  4372
  6440
  7764
  8190
  7668
  6259
  4126
  1513
 -1272
 -3910
 -6096
 -7578
 -8182
 -7839
 -6589
 -4577
 -2036
   737
  3431
  5725
  7357
  8139
  7978
  6894
  5014
  2550
  -206
 -2938
 -5333
 -7108
 -8061
 -8082
 -7167
 -5424
 -3053
  -327
  2432
  4912
  6827
  7949
  8152
  7412
  5813
  3543
   864
 -1919
 -4476
 -6516
 -7803
 -8187
 -7623
 -6178
 -4016
 -1391
  1391
  4016
  6178
  7623
  8187
  7803
  6516
  4476
  1919
  -864
 -3543
 -5813
 -7412
 -8152
 -7949
 -6827
 -4912
 -2432
   327
  3053
  5424
  7167
  8082
  8061
  7108
  5333
  2938
   206
 -2550
 -5014
 -6894
 -7978
 -8139
 -7357
 -5725
 -3431
  -737
  2036
  4577
  6589
  7839
  8182
  7578
  6096
  3910
  1272
 -1513
 -4126
 -6259
 -7668
 -8190
 -7764
 -6440
 -4372
 -1795
   984
  3652
  5900
  7463
  8163
  7918
  6757
  4815
  2316
  -454
 -3168
 -5516
 -7228
 -8101
 -8038
 -7045
 -5235
 -2822
   -82
  2668
  5109
  6959
  8004
  8124
  7303
  5638
  3318
   617
 -2156
 -4679
 -6663
 -7874
 -8175
 -7529
 -6012
 -3800
 -1149
  1635
  4230
  6336
  7710
  8191
  7724
  6363
  4266
  1677
 -1107
 -3766
 -5985
 -7513
 -8172
 -7885
 -6686
 -4714
 -2194
   574
  3279
  5607
  7284
  8118
  8014
  6981
  5142
  2708
   -42
 -2785
 -5205
 -7023
 -8030
 -8107
 -7246
 -5545
 -3204
  -493
  2275
  4781
  6733
  7907
  8166
  7480
  5929
  3690
  1026
 -1756
 -4336
 -6416
 -7751
 -8190
 -7681
 -6284
 -4160
 -1555
  1230
  3873
  6067
  7562
  8180
  7852
  6616
  4612
  2077
  -698
 -3395
 -5697
 -7340
 -8134
 -7987
 -6915
 -5045
 -2587
   163
  2898
  5300
  7087
  8053
  8089
  7187
  5455
  3093
   369
 -2394
 -4881
 -6803
 -7939
 -8156
 -7429
 -5841
 -3579
  -903
  1874
  4441
  6490
  7790
  8188
  7638
  6206
  4055
  1433
 -1352
 -3981
 -6152
 -7609
 -8185
 -7815
 -6540
 -4509
 -1957
   822
  3505
  5783
  7394
  8148
  7959
  6850
  4946
  2472
  -287
 -3017
 -5394
 -7148
 -8075
 -8068
 -7127
 -5362
 -2974
  -245
  2510
  4977
  6871
  7968
  8143
  7376
  5755
  3470
   783
 -1998
 -4544
 -6565
 -7828
 -8183
 -7593
 -6124
 -3944
 -1311
  1472
  4089
  6231
  7652
  8189
  7777
  6466
  4408
  1836
  -945
 -3617
 -5873
 -7447
 -8159
 -7929
 -6779
 -4847
 -2354
   411
  3129
  5485
  7206
  8095
  8046
  7067
  5268
  2861
   124
 -2628
 -5078
 -6938
 -7996
 -8129
 -7321
 -5666
 -3357
  -656
  2115
  4645
  6639
  7863
  8177
  7545
  6041
  3838
  1191
 -1597
 -4196
 -6311
 -7697
 -8191
 -7737
 -6389
 -4300
 -1715
  1065
  3728
  5956
  7496
  8169
  7897
  6711
  4749
  2235
  -535
 -3243
 -5576
 -7266
 -8113
 -8022
 -7002
 -5172
 -2745
     0
  2745
  5172
  7002
  8022
  8113
  7266
  5576
  3243
   535
 -2235
 -4749
 -6711
 -7897
 -8169
 -7496
 -5956
 -3728
 -1065
  1715
  4300
  6389
  7737
  8191
  7697
  6311
  4196
  1597
 -1191
 -3838
 -6041
 -7545
 -8177
 -7863
 -6639
 -4645
 -2115
   656
  3357
  5666
  7321
  8129
  7996
  6938
  5078
  2628
  -124
 -2861
 -5268
 -7067
 -8046
 -8095
 -7206
 -5485
 -3129
  -411
  2354
  4847
  6779
  7929
  8159
  7447
  5873
  3617
   945
 -1836
 -4408
 -6466
 -7777
 -8189
 -7652
 -6231
 -4089
 -1472
  1311
  3944
  6124
  7593
  8183
  7828
  6565
  4544
  1998
  -783
 -3470
 -5755
 -7376
 -8143
 -7968
 -6871
 -4977
 -2510
   245
  2974
  5362
  7127
  8068
  8075
  7148
  5394
  3017
   287
 -2472
 -4946
 -6850
 -7959
 -8148
 -7394
 -5783
 -3505
  -822
  1957
  4509
  6540
  7815
  8185
  7609
  6152
  3981
  1352
 -1433
 -4055
 -6206
 -7638
 -8188
 -7790
 -6490
 -4441
 -1874
   903
  3579
  5841
  7429
  8156
  7939
  6803
  4881
  2394
  -369
 -3093
 -5455
 -7187
 -8089
 -8053
 -7087
 -5300
 -2898
  -163
  2587
  5045
  6915
  7987
  8134
  7340
  5697
  3395
   698
 -2077
 -4612
 -6616
 -7852
 -8180
 -7562
 -6067
 -3873
 -1230
  1555
  4160
  6284
  7681
  8190
  7751
  6416
  4336
  1756
 -1026
 -3690
 -5929
 -7480
 -8166
 -7907
 -6733
 -4781
 -2275
   493
  3204
  5545
  7246
  8107
  8030
  7023
  5205
  2785
    42
 -2708
 -5142
 -6981
 -8014
 -8118
 -7284
 -5607
 -3279
  -574
  2194
  4714
  6686
  7885
  8172
  7513
  5985
  3766
  1107
 -1677
 -4266
 -6363
 -7724
 -8191
 -7710
 -6336
 -4230
 -1635
  1149
  3800
  6012
  7529
  8175
  7874
  6663
  4679
  2156
  -617
 -3318
 -5638
 -7303
 -8124
 -8004
 -6959
 -5109
 -2668
    82
  2822
  5235
  7045
  8038
  8101
  7228
  5516
  3168
   454
 -2316
 -4815
 -6757
 -7918
 -8163
 -7463
 -5900
 -3652
  -984
  1795
  4372
  6440
  7764
  8190
  7668
  6259
  4126
  1513
 -1272
 -3910
 -6096
 -7578
 -8182
 -7839
 -6589
 -4577
 -2036
   737
  3431
  5725
  7357
  8139
  7978
  6894
  5014
  2550
  -206
 -2938
 -5333
 -7108
 -8061
 -8082
 -7167
 -5424
 -3053
  -327
  2432
  4912
  6827
  7949
  8152
  7412
  5813
  3543
   864
 -1919
 -4476
 -6516
 -7803
 -8187
 -7623
 -6178
 -4016
 -1391
  1391
  4016
  6178
  7623
  8187
  7803
  6516
  4476
  1919
  -864
 -3543
 -5813
 -7412
 -8152
 -7949
 -6827
 -4912
 -2432
   327
  3053
  5424
  7167
  8082
  8061
  7108
  5333
  2938
   206
 -2550
 -5014
 -6894
 -7978
 -8139
 -7357
 -5725
 -3431
  -737
  2036
  4577
  6589
  7839
  8182
  7578
  6096
  3910
  1272
 -1513
 -4126
 -6259
 -7668
 -8190
 -7764
 -6440
 -4372
 -1795
   984
  3652
  5900
  7463
  8163
  7918
  6757
  4815
  2316
  -454
 -3168
 -5516
 -7228
 -8101
 -8038
 -7045
 -5235
 -2822
   -82
  2668
  5109
  6959
  8004
  8124
  7303
  5638
  3318
   617
 -2156
 -4679
 -6663
 -7874
 -8175
 -7529
 -6012
 -3800
 -1149
  1635
  4230
  6336
  7710
  8191
  7724
  6363
  4266
  1677
 -1107
 -3766
 -5985
 -7513
 -8172
 -7885
 -6686
 -4714
 -2194
   574
  3279
  5607
  7284
  8118
  8014
  6981
  5142
  2708
   -42
 -2785
 -5205
 -7023
 -8030
 -8107
 -7246
 -5545
 -3204
  -493
  2275
  4781
  6733
  7907
  8166
  7480
  5929
  3690
  1026
 -1756
 -4336
 -6416
 -7751
 -8190
 -7681
 -6284
 -4160
 -1555
  1230
  3873
  6067
  7562
  8180
  7852
  6616
  4612
  2077
  -698
 -3395
 -5697
 -7340
 -8134
 -7987
 -6915
 -5045
 -2587
   163
  2898
  5300
  7087
  8053
  8089
  7187
  5455
  3093
   369
 -2394
 -4881
 -6803
 -7939
 -8156
 -7429
 -5841
 -3579
  -903
  1874
  4441
  6490
  7790
  8188
  7638
  6206
  4055
  1433
 -1352
 -3981
 -6152
 -7609
 -8185
 -7815
 -6540
 -4509
 -1957
   822
  3505
  5783
  7394
  8148
  7959
  6850
  4946
  2472
  -287
 -3017
 -5394
 -7148
 -8075
 -8068
 -7127
 -5362
 -2974
  -245
  2510
  4977
  6871
  7968
  8143
  7376
  5755
  3470
   783
 -1998
 -4544
 -6565
 -7828
 -8183
 -7593
 -6124
 -3944
 -1311
  1472
  4089
  6231
  7652
  8189
  7777
  6466
  4408
  1836
  -945
 -3617
 -5873
 -7447
 -8159
 -7929
 -6779
 -4847
 -2354
   411
  3129
  5485
  7206
  8095
  8046
  7067
  5268
  2861
   124
 -2628
 -5078
 -6938
 -7996
 -8129
 -7321
 -5666
 -3357
  -656
  2115
  4645
  6639
  7863
  8177
  7545
  6041
  3838
  1191
 -1597
 -4196
 -6311
 -7697
 -8191
 -7737
 -6389
 -4300
 -1715
  1065
  3728
  5956
  7496
  8169
  7897
  6711
  4749
  2235
  -535
 -3243
 -5576
 -7266
 -8113
 -8022
 -7002
 -5172
 -2745
     0
  2745
  5172
  7002
  8022
  8113
  7266
  5576
  3243
   535
 -2235
 -4749
 -6711
 -7897
 -8169
 -7496
 -5956
 -3728
 -1065
  1715
  4300
  6389
  7737
  8191
  7697
  6311
  4196
  1597
 -1191
 -3838
 -6041
 -7545
 -8177
 -7863
 -6639
 -4645
 -2115
   656
  3357
  5666
  7321
  8129
  7996
  6938
  5078
  2628
  -124
 -2861
 -5268
 -7067
 -8046
 -8095
 -7206
 -5485
 -3129
  -411
  2354
  4847
  6779
  7929
  8159
  7447
  5873
  3617
   945
 -1836
 -4408
 -6466
 -7777
 -8189
 -7652
 -6231
 -4089
 -1472
  1311
  3944
  6124
  7593
  8183
  7828
  6565
  4544
  1998
  -783
 -3470
 -5755
 -7376
 -8143
 -7968
 -6871
 -4977
 -2510
   245
  2974
  5362
  7127
  8068
  8075
  7148
  5394
  3017
   287
 -2472
 -4946
 -6850
 -7959
 -8148
 -7394
 -5783
 -3505
  -822
  1957
  4509
  6540
  7815
  8185
  7609
  6152
  3981
  1352
 -1433
 -4055
 -6206
 -7638
 -8188
 -7790
 -6490
 -4441
 -1874
   903
  3579
  5841
  7429
  8156
  7939
  6803
  4881
  2394
  -369
 -3093
 -5455
 -7187
 -8089
 -8053
 -7087
 -5300
 -2898
  -163
  2587
  5045
  6915
  7987
  8134
  7340
  5697
  3395
   698
 -2077
 -4612
 -6616
 -7852
 -8180
 -7562
 -6067
 -3873
 -1230
  1555
  4160
  6284
  7681
  8190
  7751
  6416
  4336
  1756
 -1026
 -3690
 -5929
 -7480
 -8166
 -7907
 -6733
 -4781
 -2275
   493
  3204
  5545
  7246
  8107
  8030
  7023
  5205
  2785
    42
 -2708
 -5142
 -6981
 -8014
 -8118
 -7284
 -5607
 -3279
  -574
  2194
  4714
  6686
  7885
  8172
  7513
  5985
  3766
  1107
 -1677
 -4266
 -6363
 -7724
 -8191
 -7710
 -6336
 -4230
 -1635
  1149
  3800
  6012
  7529
  8175
  7874
  6663
  4679
  2156
  -617
 -3318
 -5638
 -7303
 -8124
 -8004
 -6959
 -5109
 -2668
    82
  2822
  5235
  7045
  8038
  8101
  7228
  5516
  3168
   454
 -2316
 -4815
 -6757
 -7918
 -8163
 -7463
 -5900
 -3652
  -984
  1795
  4372
  6440
  7764
  8190
  7668
  6259
  4126
  1513
 -1272
 -3910
 -6096
 -7578
 -8182
 -7839
 -6589
 -4577
 -2036
   737
  3431
  5725
  7357
  8139
  7978
  6894
  5014
  2550
  -206
 -2938
 -5333
 -7108
 -8061
 -8082
 -7167
 -5424
 -3053
  -327
  2432
  4912
  6827
  7949
  8152
  7412
  5813
  3543
   864
 -1919
 -4476
 -6516
 -7803
 -8187
 -7623
 -6178
 -4016
 -1391
  1391
  4016
  6178
  7623
  8187
  7803
  6516
  4476
  1919
  -864
 -3543
 -5813
 -7412
 -8152
 -7949
 -6827
 -4912
 -2432
   327
  3053
  5424
  7167
  8082
  8061
  7108
  5333
  2938
   206
 -2550
 -5014
 -6894
 -7978
 -8139
 -7357
 -5725
 -3431
  -737
  2036
  4577
  6589
  7839
  8182
  7578
  6096
  3910
  1272
 -1513
 -4126
 -6259
 -7668
 -8190
 -7764
 -6440
 -4372
 -1795
   984
  3652
  5900
  7463
  8163
  7918
  6757
  4815
  2316
  -454
 -3168
 -5516
 -7228
 -8101
 -8038
 -7045
 -5235
 -2822
   -82
  2668
  5109
  6959
  8004
  8124
  7303
  5638
  3318
   617
 -2156
 -4679
 -6663
 -7874
 -8175
 -7529
 -6012
 -3800
 -1149
  1635
  4230
  6336
  7710
  8191
  7724
  6363
  4266
  1677
 -1107
 -3766
 -5985
 -7513
 -8172
 -7885
 -6686
 -4714
 -2194
   574
  3279
  5607
  7284
  8118
  8014
  6981
  5142
  2708
   -42
 -2785
 -5205
 -7023
 -8030
 -8107
 -7246
 -5545
 -3204
  -493
  2275
  4781
  6733
  7907
  8166
  7480
  5929
  3690
  1026
 -1756
 -4336
 -6416
 -7751
 -8190
 -7681
 -6284
 -4160
 -1555
  1230
  3873
  6067
  7562
  8180
  7852
  6616
  4612
  2077
  -698
 -3395
 -5697
 -7340
 -8134
 -7987
 -6915
 -5045
 -2587
   163
  2898
  5300
  7087
  8053
  8089
  7187
  5455
  3093
   369
 -2394
 -4881
 -6803
 -7939
 -8156
 -7429
 -5841
 -3579
  -903
  1874
  4441
  6490
  7790
  8188
  7638
  6206
  4055
  1433
 -1352
 -3981
 -6152
 -7609
 -8185
 -7815
 -6540
 -4509
 -1957
   822
  3505
  5783
  7394
  8148
  7959
  6850
  4946
  2472
  -287
 -3017
 -5394
 -7148
 -8075
 -8068
 -7127
 -5362
 -2974
  -245
  2510
  4977
  6871
  7968
  8143
  7376
  5755
  3470
   783
 -1998
 -4544
 -6565
 -7828
 -8183
 -7593
 -6124
 -3944
 -1311
  1472
  4089
  6231
  7652
  8189
  7777
  6466
  4408
  1836
  -945
 -3617
 -5873
 -7447
 -8159
 -7929
 -6779
 -4847
 -2354
   411
  3129
  5485
  7206
  8095
  8046
  7067
  5268
  2861
   124
 -2628
 -5078
 -6938
 -7996
 -8129
 -7321
 -5666
 -3357
  -656
  2115
  4645
  6639
  7863
  8177
  7545
  6041
  3838
  1191
 -1597
 -4196
 -6311
 -7697
 -8191
 -7737
 -6389
 -4300
 -1715
  1065
  3728
  5956
  7496
  8169
  7897
  6711
  4749
  2235
  -535
 -3243
 -5576
 -7266
 -8113
 -8022
 -7002
 -5172
 -2745
     0
  2745
  5172
  7002
  8022
  8113
  7266
  5576
  3243
   535
 -2235
 -4749
 -6711
 -7897
 -8169
 -7496
 -5956
 -3728
 -1065
  1715
  4300
  6389
  7737
  8191
  7697
  6311
  4196
  1597
 -1191
 -3838
 -6041
 -7545
 -8177
 -7863
 -6639
 -4645
 -2115
   656
  3357
  5666
  7321
  8129
  7996
  6938
  5078
  2628
  -124
 -2861
 -5268
 -7067
 -8046
 -8095
 -7206
 -5485
 -3129
  -411
  2354
  4847
  6779
  7929
  8159
  7447
  5873
  3617
   945
 -1836
 -4408
 -6466
 -7777
 -8189
 -7652
 -6231
 -4089
 -1472
  1311
  3944
  6124
  7593
  8183
  7828
  6565
  4544
  1998
  -783
 -3470
 -5755
 -7376
 -8143
 -7968
 -6871
 -4977
 -2510
   245
  2974
  5362
  7127
  8068
  8075
  7148
  5394
  3017
   287
 -2472
 -4946
 -6850
 -7959
 -8148
 -7394
 -5783
 -3505
  -822
  1957
  4509
  6540
  7815
  8185
  7609
  6152
  3981
  1352
 -1433
 -4055
 -6206
 -7638
 -8188
 -7790
 -6490
 -4441
 -1874
   903
  3579
  5841
  7429
  8156
  7939
  6803
  4881
  2394
  -369
 -3093
 -5455
 -7187
 -8089
 -8053
 -7087
 -5300
 -2898
  -163
  2587
  5045
  6915
  7987
  8134
  7340
  5697
  3395
   698
 -2077
 -4612
 -6616
 -7852
 -8180
 -7562
 -6067
 -3873
 -1230
  1555
  4160
  6284
  7681
  8190
  7751
  6416
  4336
  1756
 -1026
 -3690
 -5929
 -7480
 -8166
 -7907
 -6733
 -4781
 -2275
   493
  3204
  5545
  7246
  8107
  8030
  7023
  5205
  2785
    42
 -2708
 -5142
 -6981
 -8014
 -8118
 -7284
 -5607
 -3279
  -574
  2194
  4714
  6686
  7885
  8172
  7513
  5985
  3766
  1107
 -1677
 -4266
 -6363
 -7724
 -8191
 -7710
 -6336
 -4230
 -1635
  1149
  3800
  6012
  7529
  8175
  7874
  6663
  4679
  2156
  -617
 -3318
 -5638
 -7303
 -8124
 -8004
 -6959
 -5109
 -2668
    82
  2822
  5235
  7045
  8038
  8101
  7228
  5516
  3168
   454
 -2316
 -4815
 -6757
 -7918
 -8163
 -7463
 -5900
 -3652
  -984
  1795
  4372
  6440
  7764
  8190
  7668
  6259
  4126
  1513
 -1272
 -3910
 -6096
 -7578
 -8182
 -7839
 -6589
 -4577
 -2036
   737
  3431
  5725
  7357
  8139
  7978
  6894
  5014
  2550
  -206
 -2938
 -5333
 -7108
 -8061
 -8082
 -7167
 -5424
 -3053
  -327
  2432
  4912
  6827
  7949
  8152
  7412
  5813
  3543
   864
 -1919
 -4476
 -6516
 -7803
 -8187
 -7623
 -6178
 -4016
 -1391
  1391
  4016
  6178
  7623
  8187
  7803
  6516
  4476
  1919
  -864
 -3543
 -5813
 -7412
 -8152
 -7949
 -6827
 -4912
 -2432
   327
  3053
  5424
  7167
  8082
  8061
  7108
  5333
  2938
   206
 -2550
 -5014
 -6894
 -7978
 -8139
 -7357
 -5725
 -3431
  -737
  2036
  4577
  6589
  7839
  8182
  7578
  6096
  3910
  1272
 -1513
 -4126
 -6259
 -7668
 -8190
 -7764
 -6440
 -4372
 -1795
   984
  3652
  5900
  7463
  8163
  7918
  6757
  4815
  2316
  -454
 -3168
 -5516
 -7228
 -8101
 -8038
 -7045
 -5235
 -2822
   -82
  2668
  5109
  6959
  8004
  8124
  7303
  5638
  3318
   617
 -2156
 -4679
 -6663
 -7874
 -8175
 -7529
 -6012
 -3800
 -1149
  1635
  4230
  6336
  7710
  8191
  7724
  6363
  4266
  1677
 -1107
 -3766
 -5985
 -7513
 -8172
 -7885
 -6686
 -4714
 -2194
   574
  3279
  5607
  7284
  8118
  8014
  6981
  5142
  2708
   -42
 -2785
 -5205
 -7023
 -8030
 -8107
 -7246
 -5545
 -3204
  -493
  2275
  4781
  6733
  7907
  8166
  7480
  5929
  3690
  1026
 -1756
 -4336
 -6416
 -7751
 -8190
 -7681
 -6284
 -4160
 -1555
  1230
  3873
  6067
  7562
  8180
  7852
  6616
  4612
  2077
  -698
 -3395
 -5697
 -7340
 -8134
 -7987
 -6915
 -5045
 -2587
   163
  2898
  5300
  7087
  8053
  8089
  7187
  5455
  3093
   369
 -2394
 -4881
 -6803
 -7939
 -8156
 -7429
 -5841
 -3579
  -903
  1874
  4441
  6490
  7790
  8188
  7638
  6206
  4055
  1433
 -1352
 -3981
 -6152
 -7609
 -8185
 -7815
 -6540
 -4509
 -1957
   822
  3505
  5783
  7394
  8148
  7959
  6850
  4946
  2472
  -287
 -3017
 -5394
 -7148
 -8075
 -8068
 -7127
 -5362
 -2974
  -245
  2510
  4977
  6871
  7968
  8143
  7376
  5755
  3470
   783
 -1998
 -4544
 -6565
 -7828
 -8183
 -7593
 -6124
 -3944
 -1311
  1472
  4089
  6231
  7652
  8189
  7777
  6466
  4408
  1836
  -945
 -3617
 -5873
 -7447
 -8159
 -7929
 -6779
 -4847
 -2354
   411
  3129
  5485
  7206
  8095
  8046
  7067
  5268
  2861
   124
 -2628
 -5078
 -6938
 -7996
 -8129
 -7321
 -5666
 -3357
  -656
  2115
  4645
  6639
  7863
  8177
  7545
  6041
  3838
  1191
 -1597
 -4196
 -6311
 -7697
 -8191
 -7737
 -6389
 -4300
 -1715
  1065
  3728
  5956
  7496
  8169
  7897
  6711
  4749
  2235
  -535
 -3243
 -5576
 -7266
 -8113
 -8022
 -7002
 -5172
 -2745
     0
  2745
  5172
  7002
  8022
  8113
  7266
  5576
  3243
   535
 -2235
 -4749
 -6711
 -7897
 -8169
 -7496
 -5956
 -3728
 -1065
  1715
  4300
  6389
  7737
  8191
  7697
  6311
  4196
  1597
 -1191
 -3838
 -6041
 -7545
 -8177
 -7863
 -6639
 -4645
 -2115
   656
  3357
  5666
  7321
  8129
  7996
  6938
  5078
  2628
  -124
 -2861
 -5268
 -7067
 -8046
 -8095
 -7206
 -5485
 -3129
  -411
  2354
  4847
  6779
  7929
  8159
  7447
  5873
  3617
   945
 -1836
 -4408
 -6466
 -7777
 -8189
 -7652
 -6231
 -4089
 -1472
  1311
  3944
  6124
  7593
  8183
  7828
  6565
  4544
  1998
  -783
 -3470
 -5755
 -7376
 -8143
 -7968
 -6871
 -4977
 -2510
   245
  2974
  5362
  7127
  8068
  8075
  7148
  5394
  3017
   287
 -2472
 -4946
 -6850
 -7959
 -8148
 -7394
 -5783
 -3505
  -822
  1957
  4509
  6540
  7815
  8185
  7609
  6152
  3981
  1352
 -1433
 -4055
 -6206
 -7638
 -8188
 -7790
 -6490
 -4441
 -1874
   903
  3579
  5841
  7429
  8156
  7939
  6803
  4881
  2394
  -369
 -3093
 -5455
 -7187
 -8089
 -8053
 -7087
 -5300
 -2898
  -163
  2587
  5045
  6915
  7987
  8134
  7340
  5697
  3395
   698
 -2077
 -4612
 -6616
 -7852
 -8180
 -7562
 -6067
 -3873
 -1230
  1555
  4160
  6284
  7681
  8190
  7751
  6416
  4336
  1756
 -1026
 -3690
 -5929
 -7480
 -8166
 -7907
 -6733
 -4781
 -2275
   493
  3204
  5545
  7246
  8107
  8030
  7023
  5205
  2785
    42
 -2708
 -5142
 -6981
 -8014
 -8118
 -7284
 -5607
 -3279
  -574
  2194
  4714
  6686
  7885
  8172
  7513
  5985
  3766
  1107
 -1677
 -4266
 -6363
 -7724
 -8191
 -7710
 -6336
 -4230
 -1635
  1149
  3800
  6012
  7529
  8175
  7874
  6663
  4679
  2156
  -617
 -3318
 -5638
 -7303
 -8124
 -8004
 -6959
 -5109
 -2668
    82
  2822
  5235
  7045
  8038
  8101
  7228
  5516
  3168
   454
 -2316
 -4815
 -6757
 -7918
 -8163
 -7463
 -5900
 -3652
  -984
  1795
  4372
  6440
  7764
  8190
  7668
  6259
  4126
  1513
 -1272
 -3910
 -6096
 -7578
 -8182
 -7839
 -6589
 -4577
 -2036
   737
  3431
  5725
  7357
  8139
  7978
  6894
  5014
  2550
  -206
 -2938
 -5333
 -7108
 -8061
 -8082
 -7167
 -5424
 -3053
  -327
  2432
  4912
  6827
  7949
  8152
  7412
  5813
  3543
   864
 -1919
 -4476
 -6516
 -7803
 -8187
 -7623
 -6178
 -4016
 -1391
  1391
  4016
  6178
  7623
  8187
  7803
  6516
  4476
  1919
  -864
 -3543
 -5813
 -7412
 -8152
 -7949
 -6827
 -4912
 -2432
   327
  3053
  5424
  7167
  8082
  8061
  7108
  5333
  2938
   206
 -2550
 -5014
 -6894
 -7978
 -8139
 -7357
 -5725
 -3431
  -737
  2036
  4577
  6589
  7839
  8182
  7578
  6096
  3910
  1272
 -1513
 -4126
 -6259
 -7668
 -8190
 -7764
 -6440
 -4372
 -1795
   984
  3652
  5900
  7463
  8163
  7918
  6757
  4815
  2316
  -454
 -3168
 -5516
 -7228
 -8101
 -8038
 -7045
 -5235
 -2822
   -82
  2668
  5109
  6959
  8004
  8124
  7303
  5638
  3318
   617
 -2156
 -4679
 -6663
 -7874
 -8175
 -7529
 -6012
 -3800
 -1149
  1635
  4230
  6336
  7710
  8191
  7724
  6363
  4266
  1677
 -1107
 -3766
 -5985
 -7513
 -8172
 -7885
 -6686
 -4714
 -2194
   574
  3279
  5607
  7284
  8118
  8014
  6981
  5142
  2708
   -42
 -2785
 -5205
 -7023
 -8030
 -8107
 -7246
