     x
     x
     0
     0
  8175
  1026
 -8046
 -2036
  7790
  3017
 -7412
 -3944
  6915
  4815
 -6311
 -5607
  5607
  6311
 -4815
 -6915
  3944
  7412
 -3017
 -7790
  2036
  8046
 -1026
 -8175
     0
  8175
  1026
 -8046
 -2036
  7790
  3017
 -7412
 -3944
  6915
  4815
 -6311
 -5607
  5607
  6311
 -4815
 -6915
  3944
  7412
 -3017
 -7790
  2036
  8046
 -1026
 -8175
     0
  8175
  1026
 -8046
 -2036
  7790
  3017
 -7412
 -3944
  6915
  4815
 -6311
 -5607
  5607
  6311
 -4815
 -6915
  3944
  7412
 -3017
 -7790
  2036
  8046
 -1026
 -8175
     0
  8175
  1026
 -8046
 -2036
  7790
  3017
 -7412
 -3944
  6915
  4815
 -6311
 -5607
  5607
  6311
 -4815
 -6915
  3944
  7412
 -3017
 -7790
  2036
  8046
 -1026
 -8175
     0
  8175
  1026
 -8046
 -2036
  7790
  3017
 -7412
 -3944
  6915
  4815
 -6311
 -5607
  5607
  6311
 -4815
 -6915
  3944
  7412
 -3017
 -7790
  2036
  8046
 -1026
 -8175
     0
  8175
  1026
 -8046
 -2036
  7790
  3017
 -7412
 -3944
  6915
  4815
 -6311
 -5607
  5607
  6311
 -4815
 -6915
  3944
  7412
 -3017
 -7790
  2036
  8046
 -1026
 -8175
     0
  8175
  1026
 -8046
 -2036
  7790
  3017
 -7412
 -3944
  6915
  4815
 -6311
 -5607
  5607
  6311
 -4815
 -6915
  3944
  7412
 -3017
 -7790
  2036
  8046
 -1026
 -8175
     0
  8175
  1026
 -8046
 -2036
  7790
  3017
 -7412
 -3944
  6915
  4815
 -6311
 -5607
  5607
  6311
 -4815
 -6915
  3944
  7412
 -3017
 -7790
  2036
  8046
 -1026
 -8175
     0
  8175
  1026
 -8046
 -2036
  7790
  3017
 -7412
 -3944
  6915
  4815
 -6311
 -5607
  5607
  6311
 -4815
 -6915
  3944
  7412
 -3017
 -7790
  2036
  8046
 -1026
 -8175
     0
  8175
  1026
 -8046
 -2036
  7790
  3017
 -7412
 -3944
  6915
  4815
 -6311
 -5607
  5607
  6311
 -4815
 -6915
  3944
  7412
 -3017
 -7790
  2036
  8046
 -1026
 -8175
     0
  8175
  1026
 -8046
 -2036
  7790
  3017
 -7412
 -3944
  6915
  4815
 -6311
 -5607
  5607
  6311
 -4815
 -6915
  3944
  7412
 -3017
 -7790
  2036
  8046
 -1026
 -8175
     0
  8175
  1026
 -8046
 -2036
  7790
  3017
 -7412
 -3944
  6915
  4815
 -6311
 -5607
  5607
  6311
 -4815
 -6915
  3944
  7412
 -3017
 -7790
  2036
  8046
 -1026
 -8175
     0
  8175
  1026
 -8046
 -2036
  7790
  3017
 -7412
 -3944
  6915
  4815
 -6311
 -5607
  5607
  6311
 -4815
 -6915
  3944
  7412
 -3017
 -7790
  2036
  8046
 -1026
 -8175
     0
  8175
  1026
 -8046
 -2036
  7790
  3017
 -7412
 -3944
  6915
  4815
 -6311
 -5607
  5607
  6311
 -4815
 -6915
  3944
  7412
 -3017
 -7790
  2036
  8046
 -1026
 -8175
     0
  8175
  1026
 -8046
 -2036
  7790
  3017
 -7412
 -3944
  6915
  4815
 -6311
 -5607
  5607
  6311
 -4815
 -6915
  3944
  7412
 -3017
 -7790
  2036
  8046
 -1026
 -8175
     0
  8175
  1026
 -8046
 -2036
  7790
  3017
 -7412
 -3944
  6915
  4815
 -6311
 -5607
  5607
  6311
 -4815
 -6915
  3944
  7412
 -3017
 -7790
  2036
  8046
 -1026
 -8175
     0
  8175
  1026
 -8046
 -2036
  7790
  3017
 -7412
 -3944
  6915
  4815
 -6311
 -5607
  5607
  6311
 -4815
 -6915
  3944
  7412
 -3017
 -7790
  2036
  8046
 -1026
 -8175
     0
  8175
  1026
 -8046
 -2036
  7790
  3017
 -7412
 -3944
  6915
  4815
 -6311
 -5607
  5607
  6311
 -4815
 -6915
  3944
  7412
 -3017
 -7790
  2036
  8046
 -1026
 -8175
     0
  8175
  1026
 -8046
 -2036
  7790
  3017
 -7412
 -3944
  6915
  4815
 -6311
 -5607
  5607
  6311
 -4815
 -6915
  3944
  7412
 -3017
 -7790
  2036
  8046
 -1026
 -8175
     0
  8175
  1026
 -8046
 -2036
  7790
  3017
 -7412
 -3944
  6915
  4815
 -6311
 -5607
  5607
  6311
 -4815
 -6915
  3944
  7412
 -3017
 -7790
  2036
  8046
 -1026
 -8175
     0
  8175
  1026
 -8046
 -2036
  7790
  3017
 -7412
 -3944
  6915
  4815
 -6311
 -5607
  5607
  6311
 -4815
 -6915
  3944
  7412
 -3017
 -7790
  2036
  8046
 -1026
 -8175
     0
  8175
  1026
 -8046
 -2036
  7790
  3017
 -7412
 -3944
  6915
  4815
 -6311
 -5607
  5607
  6311
 -4815
 -6915
  3944
  7412
 -3017
 -7790
  2036
  8046
 -1026
 -8175
     0
  8175
  1026
 -8046
 -2036
  7790
  3017
 -7412
 -3944
  6915
  4815
 -6311
 -5607
  5607
  6311
 -4815
 -6915
  3944
  7412
 -3017
 -7790
  2036
  8046
 -1026
 -8175
     0
  8175
  1026
 -8046
 -2036
  7790
  3017
 -7412
 -3944
  6915
  4815
 -6311
 -5607
  5607
  6311
 -4815
 -6915
  3944
  7412
 -3017
 -7790
  2036
  8046
 -1026
 -8175
     0
  8175
  1026
 -8046
 -2036
  7790
  3017
 -7412
 -3944
  6915
  4815
 -6311
 -5607
  5607
  6311
 -4815
 -6915
  3944
  7412
 -3017
 -7790
  2036
  8046
 -1026
 -8175
     0
  8175
  1026
 -8046
 -2036
  7790
  3017
 -7412
 -3944
  6915
  4815
 -6311
 -5607
  5607
  6311
 -4815
 -6915
  3944
  7412
 -3017
 -7790
  2036
  8046
 -1026
 -8175
     0
  8175
  1026
 -8046
 -2036
  7790
  3017
 -7412
 -3944
  6915
  4815
 -6311
 -5607
  5607
  6311
