 -2036
 -2036
     0
     0
  1112
  2203
  3253
  4244
  5158
  5974
  6679
  7261
  7708
  8014
  8170
  8174
  8028
  7733
  7293
  6720
  6022
  5212
  4307
  3318
  2271
  1182
    71
 -1042
 -2138
 -3191
 -4186
 -5103
 -5925
 -6640
 -7229
 -7685
 -7999
 -8164
 -8178
 -8041
 -7755
 -7325
 -6760
 -6067
 -5264
 -4364
 -3383
 -2336
 -1249
  -138
   972
  2066
  3126
  4125
  5047
  5876
  6596
  7196
  7660
  7983
  8158
  8182
  8054
  7777
  7356
  6799
  6117
  5318
  4423
  3447
  2406
  1321
   209
  -904
 -2001
 -3061
 -4063
 -4994
 -5829
 -6556
 -7162
 -7635
 -7968
 -8152
 -8185
 -8067
 -7798
 -7386
 -6837
 -6161
 -5372
 -4480
 -3508
 -2471
 -1388
  -280
   834
  1932
  2995
  4002
  4935
  5779
  6513
  7127
  7609
  7950
  8145
  8187
  8079
  7820
  7418
  6876
  6208
  5425
  4542
  3575
  2538
  1458
   350
  -764
 -1864
 -2932
 -3943
 -4881
 -5729
 -6472
 -7094
 -7584
 -7934
 -8137
 -8189
 -8090
 -7840
 -7446
 -6914
 -6252
 -5475
 -4598
 -3635
 -2605
 -1524
  -418
   693
  1795
  2863
  3881
  4824
  5678
  6427
  7056
  7557
  7916
  8128
  8190
  8101
  7860
  7475
  6951
  6299
  5530
  4656
  3698
  2672
  1597
   488
  -626
 -1729
 -2800
 -3818
 -4769
 -5629
 -6384
 -7022
 -7529
 -7898
 -8120
 -8191
 -8111
 -7880
 -7502
 -6987
 -6342
 -5580
 -4714
 -3759
 -2736
 -1663
  -559
   552
  1660
  2733
  3756
  4709
  5575
  6340
  6985
  7501
  7878
  8110
  8191
  8120
  7899
  7532
  7023
  6386
  5631
  4772
  3824
  2802
  1732
   629
  -485
 -1590
 -2669
 -3696
 -4654
 -5525
 -6295
 -6950
 -7474
 -7860
 -8100
 -8190
 -8129
 -7917
 -7558
 -7060
 -6430
 -5680
 -4826
 -3884
 -2869
 -1801
  -697
   414
  1521
  2599
  3630
  4595
  5473
  6250
  6910
  7445
  7839
  8089
  8189
  8137
  7934
  7585
  7095
  6474
  5733
  4883
  3946
  2935
  1870
   770
  -347
 -1455
 -2535
 -3569
 -4537
 -5423
 -6206
 -6874
 -7415
 -7819
 -8078
 -8187
 -8145
 -7952
 -7611
 -7129
 -6515
 -5781
 -4940
 -4007
 -2998
 -1935
  -837
   273
  1385
  2468
  3505
  4478
  5367
  6159
  6835
  7385
  7797
  8066
  8185
  8152
  7968
  7637
  7165
  6558
  5831
  4996
  4069
  3066
  2004
   908
  -206
 -1315
 -2400
 -3444
 -4421
 -5316
 -6112
 -6796
 -7355
 -7776
 -8054
 -8182
 -8159
 -7984
 -7661
 -7197
 -6600
 -5878
 -5050
 -4127
 -3129
 -2073
  -975
   135
  1245
  2333
  3377
  4361
  5262
  6065
  6756
  7322
  7754
  8040
  8178
  8165
  8000
  7686
  7231
  6641
  5929
  5107
  4188
  3194
  2141
  1048
   -64
 -1179
 -2268
 -3315
 -4301
 -5208
 -6020
 -6718
 -7292
 -7731
 -8027
 -8174
 -8170
 -8014
 -7710
 -7262
 -6681
 -5976
 -5160
 -4249
 -3256
 -2206
 -1115
    -3
  1106
  2200
  3250
  4241
  5153
  5969
  6677
  7259
  7707
  8012
  8169
  8175
  8028
  7734
  7296
  6723
  6024
  5215
  4309
  3324
  2277
  1185
    74
 -1039
 -2132
 -3188
 -4183
 -5100
 -5923
 -6636
 -7228
 -7684
 -7998
 -8164
 -8179
 -8042
 -7756
 -7327
 -6762
 -6072
 -5267
 -4366
 -3385
 -2342
 -1255
  -141
   968
  2063
  3120
  4119
  5045
  5874
  6594
  7193
  7658
  7982
  8158
  8182
  8055
  7779
  7358
  6801
  6119
  5323
  4426
  3450
  2409
  1325
   215
  -901
 -1998
 -3058
 -4061
 -4989
 -5827
 -6554
 -7160
 -7634
 -7966
 -8151
 -8185
 -8067
 -7800
 -7389
 -6839
 -6163
 -5374
 -4485
 -3514
 -2474
 -1391
  -283
   828
  1926
  2992
  3999
  4932
  5774
  6509
  7126
  7608
  7949
  8144
  8187
  8079
  7821
  7419
  6879
  6210
  5427
  4544
  3577
  2544
  1461
   353
  -761
 -1861
 -2926
 -3940
 -4878
 -5726
 -6468
 -7090
 -7583
 -7933
 -8136
 -8189
 -8091
 -7841
 -7447
 -6915
 -6256
 -5480
 -4600
 -3638
 -2608
 -1530
  -424
   690
  1792
  2860
  3875
  4821
  5676
  6425
  7055
  7554
  7915
  8128
  8190
  8101
  7862
  7476
  6953
  6301
  5532
  4661
  3701
  2675
  1600
   494
  -620
 -1726
 -2797
 -3816
 -4764
 -5624
 -6383
 -7020
 -7528
 -7897
 -8119
 -8191
 -8111
 -7881
 -7505
 -6990
 -6344
 -5582
 -4717
 -3764
 -2739
 -1666
  -562
   549
  1654
  2730
  3753
  4706
  5573
  6336
  6984
  7500
  7877
  8109
  8191
  8121
  7900
  7533
  7027
  6390
  5633
  4774
  3827
  2808
  1738
   632
  -482
 -1587
 -2663
 -3690
 -4651
 -5523
 -6293
 -6946
 -7471
 -7859
 -8099
 -8190
 -8129
 -7917
 -7559
 -7061
 -6432
 -5685
 -4829
 -3886
 -2872
 -1804
  -703
   411
  1518
  2596
  3627
  4590
  5471
  6247
  6909
  7442
  7838
  8089
  8189
  8138
  7936
  7587
  7097
  6476
  5735
  4888
  3951
  2938
  1873
   773
  -341
 -1448
 -2532
 -3566
 -4534
 -5418
 -6204
 -6872
 -7414
 -7818
 -8077
 -8187
 -8145
 -7953
 -7613
 -7132
 -6517
 -5783
 -4942
 -4010
 -3004
 -1939
  -840
   270
  1379
  2462
  3502
  4475
  5365
  6155
  6832
  7383
  7796
  8065
  8185
  8153
  7969
  7638
  7166
  6562
  5835
  4999
  4072
  3069
  2010
   911
  -203
 -1312
 -2397
 -3438
 -4418
 -5313
 -6110
 -6794
 -7352
 -7775
 -8053
 -8182
 -8159
 -7985
 -7663
 -7199
 -6602
 -5883
 -5054
 -4130
 -3132
 -2076
  -981
   129
  1242
  2330
  3374
  4356
  5257
  6063
  6754
  7321
  7752
  8039
  8178
  8165
  8001
  7688
  7232
  6643
  5932
  5110
  4194
  3197
  2144
  1051
   -61
 -1172
 -2265
 -3312
 -4298
 -5205
 -6015
 -6716
 -7290
 -7730
 -8026
 -8174
 -8170
 -8015
 -7711
 -7265
 -6684
 -5978
 -5163
 -4252
 -3262
 -2212
 -1118
    -6
  1102
  2194
  3245
  4238
  5150
  5967
  6674
  7258
  7706
  8012
  8169
  8175
  8029
  7735
  7297
  6725
  6028
  5217
  4312
  3327
  2280
  1191
    77
 -1035
 -2129
 -3183
 -4178
 -5098
 -5921
 -6634
 -7225
 -7682
 -7997
 -8164
 -8179
 -8043
 -7758
 -7328
 -6763
 -6074
 -5271
 -4372
 -3388
 -2345
 -1258
  -148
   965
  2060
  3117
  4117
  5040
  5872
  6592
  7191
  7657
  7981
  8158
  8182
  8056
  7780
  7361
  6803
  6121
  5325
  4431
  3455
  2412
  1328
   218
  -895
 -1992
 -3055
 -4058
 -4986
 -5822
 -6550
 -7159
 -7633
 -7965
 -8151
 -8185
 -8068
 -7801
 -7390
 -6842
 -6165
 -5377
 -4488
 -3516
 -2480
 -1394
  -286
   825
  1923
  2986
  3996
  4930
  5772
  6508
  7122
  7607
  7949
  8144
  8188
  8080
  7822
  7420
  6881
  6214
  5432
  4547
  3580
  2547
  1467
   360
  -758
 -1858
 -2923
 -3935
 -4873
 -5724
 -6466
 -7089
 -7580
 -7932
 -8136
 -8189
 -8091
 -7843
 -7449
 -6917
 -6258
 -5482
 -4606
 -3641
 -2611
 -1533
  -427
   684
  1789
  2857
  3873
  4816
  5671
  6423
  7053
  7553
  7913
  8127
  8190
  8102
  7863
  7479
  6956
  6303
  5535
  4664
  3707
  2681
  1603
   498
  -617
 -1720
 -2794
 -3813
 -4762
 -5622
 -6379
 -7019
 -7527
 -7896
 -8118
 -8191
 -8111
 -7882
 -7506
 -6992
 -6348
 -5584
 -4719
 -3767
 -2745
 -1672
  -565
   546
  1650
  2724
  3747
  4704
  5570
  6334
  6980
  7497
  7877
  8109
  8191
  8121
  7902
  7534
  7028
  6392
  5638
  4777
  3830
  2811
  1741
   639
  -479
 -1584
 -2660
 -3687
 -4646
 -5521
 -6291
 -6945
 -7470
 -7857
 -8099
 -8190
 -8130
 -7919
 -7562
 -7063
 -6434
 -5687
 -4834
 -3892
 -2875
 -1807
  -706
   405
  1512
  2593
  3624
  4587
  5466
  6243
  6907
  7441
  7837
  8088
  8189
  8138
  7937
  7589
  7100
  6478
  5738
  4891
  3954
  2944
  1876
   776
  -338
 -1445
 -2526
 -3563
 -4531
 -5416
 -6199
 -6869
 -7412
 -7817
 -8077
 -8187
 -8146
 -7953
 -7614
 -7133
 -6521
 -5788
 -4945
 -4013
 -3007
 -1945
  -847
   267
  1376
  2459
  3497
  4472
  5362
  6153
  6830
  7380
  7795
  8065
  8185
  8153
  7971
  7640
  7168
  6563
  5838
  5004
  4074
  3072
  2013
   917
  -196
 -1309
 -2394
 -3435
 -4413
 -5309
 -6108
 -6792
 -7351
 -7773
 -8052
 -8182
 -8159
 -7986
 -7665
 -7202
 -6604
 -5885
 -5057
 -4136
 -3135
 -2079
  -984
   126
  1236
  2327
  3371
  4353
  5255
  6059
  6753
  7319
  7751
  8039
  8178
  8165
  8001
  7689
  7235
  6647
  5934
  5112
  4196
  3203
  2150
  1054
   -58
 -1169
 -2259
 -3307
 -4296
 -5203
 -6013
 -6712
 -7287
 -7729
 -8025
 -8174
 -8170
 -8015
 -7712
 -7267
 -6686
 -5982
 -5165
 -4254
 -3265
 -2215
 -1124
    -9
  1099
  2191
  3242
  4233
  5148
  5965
  6672
  7255
  7704
  8011
  8169
  8175
  8030
  7737
  7299
  6727
  6030
  5222
  4317
  3330
  2283
  1194
    83
 -1029
 -2126
 -3180
 -4175
 -5093
 -5918
 -6632
 -7223
 -7681
 -7996
 -8163
 -8179
 -8043
 -7759
 -7331
 -6765
 -6076
 -5274
 -4374
 -3394
 -2348
 -1261
  -151
   959
  2054
  3114
  4114
  5037
  5867
  6589
  7190
  7656
  7980
  8157
  8183
  8056
  7781
  7362
  6806
  6125
  5328
  4434
  3458
  2418
  1331
   221
  -892
 -1989
 -3049
 -4055
 -4984
 -5820
 -6548
 -7156
 -7632
 -7965
 -8151
 -8185
 -8069
 -7802
 -7391
 -6844
 -6170
 -5381
 -4491
 -3519
 -2483
 -1400
  -292
   822
  1920
  2983
  3991
  4925
  5770
  6506
  7121
  7604
  7947
  8143
  8188
  8081
  7824
  7422
  6882
  6216
  5434
  4552
  3583
  2550
  1470
   363
  -751
 -1854
 -2920
 -3932
 -4871
 -5720
 -6464
 -7087
 -7579
 -7931
 -8135
 -8189
 -8092
 -7844
 -7451
 -6920
 -6260
 -5485
 -4608
 -3646
 -2617
 -1536
  -430
   681
  1783
  2851
  3870
  4814
  5669
  6419
  7052
  7552
  7913
  8127
  8191
  8102
  7864
  7480
  6958
  6307
  5537
  4666
  3710
  2684
  1609
   501
  -614
 -1717
 -2788
 -3807
 -4759
 -5620
 -6377
 -7015
 -7524
 -7895
 -8118
 -8191
 -8112
 -7883
 -7507
 -6993
 -6350
 -5589
 -4724
 -3770
 -2748
 -1675
  -571
   543
  1647
  2721
  3745
  4699
  5568
  6332
  6979
  7496
  7875
  8108
  8191
  8122
  7902
  7537
  7030
  6394
  5640
  4782
  3835
  2814
  1744
   642
  -473
 -1578
 -2657
 -3684
 -4643
 -5516
 -6287
 -6943
 -7469
 -7856
 -8098
 -8190
 -8130
 -7920
 -7563
 -7066
 -6436
 -5689
 -4837
 -3895
 -2881
 -1810
  -709
   402
  1509
  2587
  3621
  4585
  5464
  6241
  6904
  7439
  7836
  8087
  8189
  8139
  7938
  7590
  7101
  6482
  5742
  4893
  3957
  2947
  1882
   783
  -334
 -1442
 -2523
 -3558
 -4526
 -5413
 -6197
 -6867
 -7410
 -7816
 -8076
 -8187
 -8146
 -7955
 -7615
 -7135
 -6523
 -5790
 -4950
 -4016
 -3010
 -1948
  -850
   261
  1373
  2456
  3494
  4467
  5358
  6151
  6828
  7379
  7793
  8063
  8184
  8153
  7971
  7642
  7171
  6565
  5840
  5006
  4080
  3078
  2016
   920
  -193
 -1303
 -2391
 -3433
 -4410
 -5306
 -6104
 -6791
 -7350
 -7772
 -8051
 -8181
 -8159
 -7987
 -7666
 -7203
 -6607
 -5887
 -5059
 -4138
 -3141
 -2085
  -987
   123
  1233
  2321
  3365
  4351
  5252
  6057
  6749
  7317
  7750
  8038
  8177
  8166
  8003
  7690
  7237
  6649
  5938
  5115
  4199
  3206
  2153
  1060
   -55
 -1166
 -2256
 -3304
 -4290
 -5200
 -6011
 -6711
 -7286
 -7727
 -8025
 -8173
 -8171
 -8017
 -7715
 -7268
 -6688
 -5984
 -5170
 -4260
 -3268
 -2218
 -1127
   -16
  1093
  2188
  3239
  4230
  5143
  5961
  6670
  7253
  7703
  8010
  8168
  8175
  8031
  7738
  7302
  6729
  6032
  5224
  4320
  3335
  2286
  1197
    86
 -1026
 -2120
 -3177
 -4172
 -5090
 -5914
 -6629
 -7222
 -7680
 -7995
 -8163
 -8179
 -8044
 -7760
 -7332
 -6769
 -6080
 -5276
 -4377
 -3397
 -2354
 -1267
  -154
   956
  2051
  3109
  4111
  5035
  5865
  6587
  7187
  7655
  7980
  8157
  8183
  8058
  7782
  7363
  6808
  6127
  5333
  4437
  3461
  2421
  1337
   228
  -889
 -1986
 -3046
 -4050
 -4979
 -5818
 -6546
 -7154
 -7629
 -7963
 -8150
 -8186
 -8069
 -7804
 -7394
 -6846
 -6172
 -5384
 -4496
 -3522
 -2486
 -1404
  -295
   815
  1917
  2980
  3988
  4922
  5765
  6504
  7119
  7603
  7946
  8143
  8188
  8081
  7825
  7424
  6886
  6218
  5437
  4555
  3589
  2556
  1473
   366
  -748
 -1848
 -2914
 -3929
 -4868
 -5717
 -6461
 -7084
 -7578
 -7930
 -8135
 -8190
 -8092
 -7845
 -7452
 -6922
 -6264
 -5487
 -4611
 -3649
 -2620
 -1543
  -433
   678
  1779
  2848
  3864
  4811
  5666
  6417
  7048
  7550
  7912
  8126
  8191
  8103
  7866
  7482
  6960
  6309
  5542
  4672
  3712
  2687
  1612
   507
  -607
 -1713
 -2785
 -3805
 -4754
 -5618
 -6375
 -7014
 -7523
 -7893
 -8118
 -8191
 -8113
 -7884
 -7510
 -6995
 -6352
 -5591
 -4727
 -3775
 -2751
 -1678
  -574
   537
  1641
  2718
  3742
  4696
  5564
  6328
  6977
  7495
  7874
  8107
  8191
  8122
  7903
  7538
  7033
  6398
  5643
  4785
  3838
  2820
  1747
   645
  -469
 -1575
 -2651
 -3682
 -4641
 -5514
 -6285
 -6940
 -7467
 -7855
 -8098
 -8190
 -8131
 -7921
 -7564
 -7068
 -6440
 -5694
 -4839
 -3897
 -2883
 -1816
  -715
   399
  1506
  2584
  3615
  4580
  5461
  6239
  6902
  7437
  7834
  8087
  8189
  8139
  7939
  7591
  7103
  6484
  5744
  4899
  3959
  2950
  1885
   786
  -328
 -1439
 -2520
 -3555
 -4523
 -5408
 -6195
 -6865
 -7408
 -7814
 -8075
 -8187
 -8147
 -7956
 -7617
 -7138
 -6525
 -5792
 -4952
 -4021
 -3015
 -1951
  -853
   258
  1366
  2450
  3491
  4464
  5355
  6147
  6827
  7378
  7792
  8063
  8184
  8154
  7972
  7643
  7172
  6569
  5842
  5009
  4083
  3081
  2022
   923
  -190
 -1300
 -2385
 -3427
 -4408
 -5304
 -6102
 -6787
 -7347
 -7771
 -8051
 -8181
 -8160
 -7988
 -7667
 -7205
 -6609
 -5891
 -5064
 -4141
 -3143
 -2088
  -993
   119
  1230
  2318
  3363
  4345
  5250
  6055
  6747
  7315
  7748
  8037
  8177
  8166
  8003
  7693
  7238
  6651
  5940
  5120
  4205
  3209
  2156
  1063
   -49
 -1160
 -2253
 -3301
 -4288
 -5195
 -6007
 -6709
 -7285
 -7726
 -8023
 -8173
 -8171
 -8017
 -7716
 -7271
 -6690
 -5986
 -5172
 -4262
 -3274
 -2221
 -1130
   -19
  1090
  2182
  3236
  4227
  5141
  5959
  6666
  7252
  7702
  8009
  8168
  8176
  8032
  7739
  7303
  6732
  6037
  5227
  4323
  3338
  2292
  1203
    90
 -1023
 -2117
 -3171
 -4167
 -5088
 -5912
 -6627
 -7219
 -7679
 -7995
 -8163
 -8180
 -8045
 -7761
 -7334
 -6770
 -6082
 -5281
 -4380
 -3400
 -2357
 -1270
  -160
   953
  2048
  3106
  4106
  5030
  5863
  6585
  7185
  7652
  7978
  8156
  8183
  8058
  7784
  7366
  6810
  6129
  5335
  4442
  3467
  2424
  1340
   231
  -883
 -1983
 -3043
 -4047
 -4976
 -5813
 -6545
 -7153
 -7628
 -7963
 -8150
 -8186
 -8070
 -7805
 -7395
 -6849
 -6174
 -5386
 -4499
 -3528
 -2492
 -1407
  -298
   812
  1911
  2974
  3986
  4920
  5763
  6500
  7116
  7602
  7946
  8142
  8188
  8082
  7826
  7426
  6888
  6222
  5439
  4557
  3591
  2559
  1479
   369
  -745
 -1845
 -2911
 -3924
 -4866
 -5715
 -6459
 -7083
 -7576
 -7929
 -8135
 -8190
 -8093
 -7847
 -7454
 -6924
 -6266
 -5492
 -4616
 -3652
 -2623
 -1546
  -440
   672
  1776
  2845
  3861
  4806
  5662
  6415
  7047
  7548
  7910
  8126
  8191
  8104
  7867
  7484
  6961
  6311
  5544
  4674
  3718
  2690
  1615
   510
  -604
 -1707
 -2782
 -3802
 -4751
 -5613
 -6371
 -7012
 -7522
 -7892
 -8117
 -8191
 -8113
 -7885
 -7511
 -6998
 -6356
 -5593
 -4730
 -3778
 -2757
 -1684
  -578
   534
  1638
  2712
  3739
  4694
  5561
  6326
  6974
  7494
  7873
  8107
  8191
  8123
  7904
  7539
  7035
  6400
  5647
  4787
  3841
  2823
  1753
   651
  -466
 -1572
 -2648
 -3676
 -4635
 -5511
 -6283
 -6938
 -7465
 -7853
 -8097
 -8190
 -8131
 -7922
 -7567
 -7069
 -6442
 -5696
 -4844
 -3900
 -2886
 -1819
  -718
   393
  1502
  2581
  3613
  4577
  5457
  6237
  6900
  7435
  7833
  8086
  8189
  8140
  7940
  7593
  7106
  6486
  5746
  4901
  3965
  2955
  1888
   789
  -325
 -1433
 -2514
 -3552
 -4521
 -5406
 -6191
 -6862
 -7407
 -7813
 -8075
 -8187
 -8147
 -7956
 -7618
 -7139
 -6528
 -5794
 -4955
 -4024
 -3018
 -1957
  -856
   254
  1363
  2447
  3485
  4462
  5353
  6145
  6823
  7375
  7791
  8062
  8184
  8154
  7973
  7644
  7174
  6571
  5846
  5014
  4085
  3084
  2025
   929
  -184
 -1297
 -2382
 -3424
 -4402
 -5301
 -6100
 -6785
 -7345
 -7769
 -8050
 -8181
 -8160
 -7989
 -7669
 -7206
 -6611
 -5893
 -5067
 -4146
 -3146
 -2091
  -996
   113
  1224
  2315
  3360
  4343
  5245
  6050
  6746
  7314
  7747
  8036
  8177
  8166
  8004
  7694
  7241
  6654
  5942
  5122
  4207
  3214
  2159
  1067
   -46
 -1157
 -2247
 -3298
 -4285
 -5193
 -6005
 -6705
 -7283
 -7724
 -8023
 -8173
 -8171
 -8018
 -7717
 -7272
 -6693
 -5991
 -5175
 -4265
 -3276
 -2227
 -1137
   -22
  1087
  2179
  3230
  4222
  5138
  5956
  6664
  7249
  7700
  8008
  8168
  8176
  8033
  7740
  7305
  6734
  6039
  5232
  4325
  3341
  2295
  1207
    96
 -1020
 -2114
 -3168
 -4164
 -5083
 -5910
 -6625
 -7217
 -7676
 -7993
 -8162
 -8180
 -8046
 -7763
 -7336
 -6772
 -6084
 -5283
 -4385
 -3405
 -2360
 -1273
  -163
   947
  2042
  3103
  4103
  5027
  5858
  6583
  7184
  7651
  7977
  8156
  8183
  8059
  7785
  7367
  6813
  6131
  5337
  4445
  3470
  2430
  1343
   234
  -879
 -1977
 -3037
 -4044
 -4974
 -5811
 -6541
 -7149
 -7627
 -7962
 -8149
 -8186
 -8071
 -7806
 -7397
 -6851
 -6178
 -5391
 -4501
 -3531
 -2495
 -1413
  -302
   809
  1908
  2972
  3980
  4917
  5761
  6498
  7115
  7600
  7945
  8142
  8188
  8083
  7828
  7427
  6889
  6224
  5444
  4563
  3594
  2562
  1482
   375
  -739
 -1842
 -2908
 -3921
 -4861
 -5711
 -6457
 -7081
 -7574
 -7927
 -8134
 -8190
 -8093
 -7848
 -7456
 -6926
 -6268
 -5494
 -4619
 -3658
 -2626
 -1549
  -443
   668
  1770
  2842
  3859
  4804
  5660
  6411
  7045
  7547
  7909
  8125
  8191
  8104
  7868
  7485
  6965
  6315
  5546
  4677
  3721
  2696
  1621
   513
  -601
 -1704
 -2776
 -3796
 -4749
 -5611
 -6369
 -7009
 -7521
 -7892
 -8116
 -8191
 -8114
 -7886
 -7513
 -7000
 -6358
 -5598
 -4732
 -3781
 -2760
 -1687
  -584
   531
  1635
  2709
  3733
  4688
  5559
  6324
  6972
  7491
  7871
  8107
  8191
  8123
  7906
  7542
  7036
  6402
  5649
  4792
  3846
  2826
  1756
   654
  -460
 -1569
 -2645
 -3673
 -4633
 -5507
 -6281
 -6936
 -7463
 -7852
 -8096
 -8190
 -8132
 -7923
 -7568
 -7072
 -6444
 -5698
 -4847
 -3906
 -2892
 -1822
  -722
   389
  1496
  2575
  3610
  4574
  5454
  6233
  6897
  7434
  7832
  8085
  8188
  8140
  7941
  7594
  7108
  6489
  5749
  4904
  3968
  2958
  1894
   792
  -322
 -1430
 -2511
 -3546
 -4518
 -5404
 -6189
 -6860
 -7404
 -7812
 -8074
 -8187
 -8148
 -7958
 -7620
 -7141
 -6530
 -5799
 -4960
 -4027
 -3021
 -1960
  -862
   248
  1360
  2444
  3482
  4456
  5348
  6143
  6821
  7374
  7790
  8062
  8184
  8154
  7974
  7646
  7175
  6573
  5849
  5016
  4091
  3087
  2028
   933
  -181
 -1290
 -2379
 -3421
 -4400
 -5297
 -6096
 -6784
 -7344
 -7768
 -8049
 -8181
 -8161
 -7989
 -7670
 -7209
 -6615
 -5896
 -5069
 -4149
 -3152
 -2097
 -1000
   110
  1221
  2309
  3357
  4340
  5243
  6048
  6742
  7312
  7746
  8036
  8177
  8167
  8005
  7695
  7242
  6656
  5947
  5125
  4210
  3217
  2165
  1073
   -42
 -1154
 -2244
 -3292
 -4280
 -5191
 -6003
 -6703
 -7280
 -7722
 -8022
 -8173
 -8172
 -8019
 -7719
 -7274
 -6695
 -5993
 -5180
 -4268
 -3279
 -2230
 -1140
   -28
  1084
  2176
  3227
  4219
  5133
  5954
  6663
  7248
  7699
  8007
  8167
  8176
  8033
  7742
  7307
  6736
  6041
  5234
  4331
  3347
  2298
  1210
    99
 -1014
 -2107
 -3165
 -4161
 -5080
 -5905
 -6621
 -7216
 -7675
 -7992
 -8162
 -8180
 -8046
 -7764
 -7338
 -6776
 -6086
 -5286
 -4388
 -3408
 -2366
 -1276
  -166
   943
  2039
  3097
  4100
  5025
  5856
  6579
  7181
  7650
  7977
  8156
  8183
  8060
  7786
  7369
  6815
  6135
  5342
  4447
  3472
  2433
  1349
   240
  -876
 -1974
 -3034
 -4039
 -4971
 -5809
 -6539
 -7148
 -7625
 -7961
 -8149
 -8186
 -8072
 -7808
 -7398
 -6852
 -6180
 -5393
 -4506
 -3534
 -2498
 -1416
  -308
   803
  1905
  2969
  3977
  4912
  5757
  6496
  7113
  7599
  7943
  8141
  8188
  8083
  7829
  7429
  6893
  6226
  5446
  4565
  3600
  2565
  1485
   378
  -736
 -1836
 -2906
 -3918
 -4858
 -5708
 -6453
 -7079
 -7573
 -7927
 -8133
 -8190
 -8094
 -7848
 -7458
 -6929
 -6272
 -5496
 -4621
 -3661
 -2632
 -1555
  -446
   665
  1767
  2836
  3853
  4801
  5657
  6409
  7042
  7545
  7909
  8125
  8191
  8105
  7868
  7487
  6966
  6317
  5551
  4679
  3724
  2699
  1624
   520
  -598
 -1701
 -2773
 -3793
 -4744
 -5608
 -6367
 -7007
 -7518
 -7890
 -8116
 -8191
 -8114
 -7888
 -7515
 -7002
 -6360
 -5600
 -4737
 -3786
 -2763
 -1690
  -587
   524
  1629
  2706
  3731
  4686
  5554
  6322
  6970
  7490
  7871
  8106
  8191
  8124
  7906
  7543
  7040
  6404
  5652
  4795
  3849
  2832
  1760
   657
  -457
 -1563
 -2640
 -3670
 -4630
 -5505
 -6277
 -6933
 -7462
 -7852
 -8096
 -8190
 -8133
 -7924
 -7569
 -7074
 -6448
 -5703
 -4849
 -3908
 -2895
 -1828
  -725
   386
  1493
  2573
  3604
  4572
  5452
  6231
  6895
  7431
  7831
  8085
  8188
  8141
  7942
  7596
  7109
  6491
  5753
  4909
  3970
  2961
  1897
   798
  -316
 -1427
 -2508
 -3543
 -4513
 -5399
 -6187
 -6858
 -7403
 -7810
 -8073
 -8186
 -8148
 -7958
 -7622
 -7143
 -6532
 -5801
 -4962
 -4032
 -3024
 -1963
  -865
   245
  1354
  2441
  3480
  4454
  5346
  6139
  6820
  7372
  7789
  8061
  8184
  8155
  7975
  7647
  7178
  6577
  5851
  5019
  4093
  3093
  2035
   936
  -177
 -1287
 -2373
 -3415
 -4397
 -5294
 -6094
 -6780
 -7343
 -7767
 -8048
 -8180
 -8161
 -7990
 -7671
 -7211
 -6617
 -5900
 -5072
 -4152
 -3155
 -2100
 -1006
   107
  1217
  2306
  3351
  4335
  5240
  6046
  6740
  7310
  7744
  8035
  8177
  8167
  8006
  7697
  7244
  6658
  5949
  5130
  4215
  3220
  2168
  1076
   -36
 -1151
 -2241
 -3289
 -4277
 -5186
 -6000
 -6702
 -7279
 -7721
 -8021
 -8172
 -8172
 -8020
 -7720
 -7277
 -6697
 -5995
 -5182
 -4273
 -3285
 -2233
 -1143
   -31
  1078
  2170
  3224
  4217
  5131
  5950
  6659
  7246
  7697
  8006
  8167
  8176
  8034
  7743
  7309
  6739
  6043
  5237
  4333
  3350
  2304
  1213
   102
 -1011
 -2104
 -3159
 -4159
 -5078
 -5903
 -6619
 -7213
 -7674
 -7992
 -8162
 -8180
 -8048
 -7765
 -7339
 -6778
 -6090
 -5291
 -4390
 -3411
 -2369
 -1283
  -173
   940
  2036
  3094
  4095
  5020
  5854
  6577
  7179
  7648
  7976
  8155
  8184
  8060
  7788
  7370
  6817
  6137
  5344
  4453
  3475
  2436
  1352
   243
  -870
 -1971
 -3031
 -4036
 -4966
 -5804
 -6537
 -7146
 -7624
 -7960
 -8148
 -8186
 -8072
 -7809
 -7401
 -6856
 -6182
 -5395
 -4509
 -3539
 -2504
 -1419
  -311
   800
  1899
  2966
  3975
  4910
  5754
  6492
  7112
  7597
  7943
  8141
  8188
  8084
  7830
  7431
  6894
  6230
  5448
  4568
  3603
  2571
  1492
   382
  -733
 -1833
 -2900
 -3913
 -4856
 -5706
 -6451
 -7076
 -7571
 -7926
 -8133
 -8190
 -8095
 -7850
 -7459
 -6931
 -6274
 -5501
 -4624
 -3663
 -2635
 -1558
  -452
   662
  1764
  2833
  3850
  4796
  5655
  6407
  7040
  7543
  7907
  8124
  8191
  8105
  7870
  7489
  6968
  6319
  5553
  4685
  3729
  2702
  1627
   523
  -592
 -1695
 -2770
 -3791
 -4741
 -5604
 -6363
 -7006
 -7517
 -7889
 -8115
 -8191
 -8115
 -7889
 -7516
 -7005
 -6362
 -5603
 -4740
 -3789
 -2768
 -1693
  -590
   521
  1626
  2700
  3728
  4683
  5552
  6318
  6967
  7489
  7870
  8105
  8191
  8125
  7907
  7544
  7041
  6408
  5656
  4797
  3852
  2835
  1766
   664
  -454
 -1560
 -2637
 -3665
 -4625
 -5502
 -6275
 -6931
 -7460
 -7851
 -8095
 -8190
 -8133
 -7925
 -7570
 -7075
 -6450
 -5705
 -4854
 -3911
 -2898
 -1832
  -731
   380
  1490
  2570
  3601
  4567
  5447
  6229
  6893
  7430
  7829
  8084
  8188
  8141
  7943
  7598
  7112
  6493
  5755
  4911
  3976
  2967
  1900
   801
  -312
 -1421
 -2505
 -3541
 -4510
 -5397
 -6183
 -6857
 -7401
 -7809
 -8072
 -8186
 -8148
 -7959
 -7623
 -7146
 -6536
 -5803
 -4965
 -4035
 -3030
 -1969
  -869
   242
  1351
  2435
  3474
  4451
  5343
  6136
  6816
  7370
  7788
  8060
  8183
  8155
  7976
  7649
  7180
  6578
  5855
  5021
  4096
  3096
  2038
   942
  -174
 -1284
 -2370
 -3413
 -4392
 -5292
 -6092
 -6778
 -7340
 -7765
 -8048
 -8180
 -8161
 -7991
 -7674
 -7212
 -6618
 -5902
 -5077
 -4157
 -3158
 -2103
 -1009
   101
  1211
  2303
  3348
  4332
  5235
  6042
  6738
  7308
  7743
  8034
  8176
  8167
  8007
  7698
  7247
  6660
  5951
  5132
  4218
  3226
  2171
  1079
   -33
 -1144
 -2235
 -3286
 -4274
 -5183
 -5996
 -6698
 -7277
 -7720
 -8020
 -8172
 -8172
 -8021
 -7721
 -7278
 -6701
 -5999
 -5184
 -4276
 -3288
 -2239
 -1149
   -35
  1074
  2167
  3219
  4214
  5128
  5948
  6657
  7243
  7696
  8006
  8167
  8177
  8035
  7744
  7310
  6741
  6047
  5241
  4336
  3353
  2307
  1219
   108
 -1007
 -2101
 -3156
 -4153
 -5073
 -5901
 -6618
 -7211
 -7672
 -7990
 -8161
 -8180
 -8048
 -7767
 -7342
 -6779
 -6093
 -5293
 -4396
 -3414
 -2372
 -1286
  -176
   934
  2033
  3091
  4092
  5017
  5850
  6576
  7178
  7647
  7975
  8155
  8184
  8061
  7789
  7373
  6820
  6140
  5347
  4455
  3481
  2442
  1356
   247
  -867
 -1964
 -3026
 -4033
 -4964
 -5802
 -6533
 -7143
 -7622
 -7959
 -8148
 -8186
 -8073
 -7810
 -7402
 -6858
 -6186
 -5398
 -4512
 -3542
 -2507
 -1425
  -314
   797
  1896
  2960
  3969
  4907
  5752
  6490
  7108
  7595
  7942
  8140
  8188
  8085
  7832
  7432
  6896
  6232
  5453
  4573
  3606
  2574
  1495
   388
  -726
 -1830
 -2897
 -3910
 -4851
 -5704
 -6449
 -7075
 -7570
 -7924
 -8133
 -8190
 -8095
 -7851
 -7462
 -6932
 -6276
 -5503
 -4629
 -3669
 -2638
 -1561
  -455
   656
  1758
  2830
  3848
  4793
  5651
  6403
  7039
  7542
  7906
  8124
  8191
  8106
  7871
  7490
  6971
  6323
  5555
  4687
  3732
  2708
  1630
   526
  -589
 -1692
 -2764
 -3788
 -4739
 -5601
 -6361
 -7002
 -7516
 -7888
 -8115
 -8191
 -8116
 -7889
 -7518
 -7006
 -6366
 -5607
 -4742
 -3792
 -2771
 -1700
  -596
   518
  1623
  2697
  3722
  4678
  5550
  6316
  6965
  7486
  7868
  8105
  8191
  8125
  7909
  7545
  7043
  6410
  5659
  4802
  3854
  2838
  1769
   667
  -447
 -1556
 -2634
 -3662
 -4622
 -5498
 -6273
 -6930
 -7458
 -7849
 -8094
 -8190
 -8133
 -7926
 -7573
 -7079
 -6452
 -5707
 -4857
 -3917
 -2904
 -1835
  -734
   377
  1484
  2564
  3599
  4564
  5445
  6225
  6892
  7429
  7828
  8083
  8188
  8141
  7944
  7599
  7114
  6497
  5758
  4914
  3979
  2970
  1906
   804
  -309
 -1417
 -2499
 -3535
 -4508
 -5394
 -6181
 -6853
 -7399
 -7808
 -8072
 -8186
 -8149
 -7961
 -7624
 -7147
 -6538
 -5808
 -4970
 -4038
 -3033
 -1972
  -875
   239
  1348
  2432
  3471
  4446
  5341
  6134
  6814
  7368
  7786
  8060
  8183
  8156
  7977
  7651
  7181
  6580
  5857
  5026
  4102
  3098
  2041
   945
  -168
 -1278
 -2367
 -3410
 -4389
 -5287
 -6087
 -6777
 -7338
 -7764
 -8047
 -8180
 -8162
 -7992
 -7675
 -7215
 -6620
 -5904
 -5079
 -4160
 -3164
 -2106
 -1012
    97
  1208
  2297
  3345
  4329
  5233
  6040
  6735
  7307
  7742
  8033
  8176
  8168
  8007
  7699
  7248
  6663
  5955
  5134
  4221
  3229
  2177
  1085
   -30
 -1141
 -2232
 -3281
 -4269
 -5181
 -5994
 -6696
 -7275
 -7719
 -8020
 -8172
 -8172
 -8022
 -7722
 -7280
 -6703
 -6001
 -5189
 -4278
 -3291
 -2242
 -1152
   -41
  1071
  2164
  3216
  4209
  5123
  5946
  6655
  7242
  7694
  8004
  8166
  8177
  8036
  7746
  7313
  6743
  6049
  5244
  4341
  3358
  2310
  1222
   112
 -1001
 -2098
 -3154
 -4150
 -5071
 -5897
 -6616
 -7210
 -7671
 -7990
 -8161
 -8181
 -8049
 -7768
 -7343
 -6783
 -6095
 -5295
 -4398
 -3420
 -2378
 -1289
  -179
   931
  2027
  3085
  4089
  5015
  5847
  6572
  7175
  7646
  7974
  8154
  8184
  8062
  7790
  7374
  6822
  6144
  5349
  4458
  3484
  2445
  1362
   250
  -864
 -1961
 -3023
 -4028
 -4961
 -5800
 -6531
 -7142
 -7620
 -7958
 -8148
 -8186
 -8074
 -7812
 -7403
 -6859
 -6188
 -5403
 -4517
 -3545
 -2510
 -1428
  -320
   790
  1893
  2957
  3966
  4902
  5748
  6488
  7107
  7594
  7940
  8140
  8189
  8085
  7833
  7435
  6898
  6234
  5455
  4576
  3611
  2577
  1498
   391
  -723
 -1824
 -2894
 -3907
 -4848
 -5699
 -6445
 -7073
 -7568
 -7923
 -8132
 -8190
 -8096
 -7852
 -7463
 -6936
 -6280
 -5506
 -4632
 -3672
 -2644
 -1567
  -458
   653
  1755
  2825
  3845
  4791
  5648
  6401
  7036
  7541
  7905
  8123
  8191
  8107
  7872
  7492
  6973
  6325
  5560
  4690
  3735
  2711
  1637
   532
  -585
 -1689
 -2761
 -3782
 -4733
 -5599
 -6359
 -7001
 -7513
 -7886
 -8114
 -8191
 -8116
 -7891
 -7520
 -7008
 -6368
 -5610
 -4747
 -3795
 -2774
 -1703
  -599
   512
  1620
  2694
  3719
  4676
  5545
  6314
  6964
  7485
  7867
  8104
  8191
  8125
  7910
  7548
  7046
  6412
  5661
  4805
  3860
  2844
  1772
   670
  -444
 -1550
 -2628
 -3659
 -4620
 -5495
 -6269
 -6926
 -7457
 -7848
 -8094
 -8190
 -8134
 -7927
 -7574
 -7080
 -6456
 -5709
 -4859
 -3919
 -2907
 -1841
  -737
   374
  1481
  2561
  3593
  4561
  5443
  6223
  6888
  7426
  7827
  8083
  8188
  8142
  7945
  7600
  7116
  6499
  5762
  4919
  3981
  2973
  1910
   811
  -303
 -1414
 -2496
 -3532
 -4502
 -5392
 -6179
 -6852
 -7397
 -7806
 -8071
 -8186
 -8149
 -7961
 -7626
 -7149
 -6540
 -5810
 -4972
 -4043
 -3036
 -1975
  -878
   232
  1342
  2429
  3468
  4443
  5336
  6130
  6813
  7367
  7785
  8058
  8183
  8156
  7978
  7652
  7184
  6584
  5860
  5028
  4104
  3104
  2044
   948
  -165
 -1275
 -2361
 -3407
 -4386
 -5285
 -6085
 -6773
 -7337
 -7763
 -8046
 -8180
 -8162
 -7993
 -7676
 -7217
 -6624
 -5909
 -5082
 -4163
 -3167
 -2112
 -1018
    94
  1205
  2294
  3340
  4324
  5231
  6038
  6733
  7304
  7740
  8033
  8176
  8168
  8009
  7700
  7250
  6665
  5957
  5139
  4223
  3232
  2180
  1088
   -24
 -1138
 -2229
 -3278
 -4266
 -5176
 -5992
 -6694
 -7273
 -7717
 -8018
 -8171
 -8173
 -8023
 -7724
 -7282
 -6704
 -6004
 -5192
 -4284
 -3297
 -2245
 -1155
   -44
  1065
  2158
  3213
  4206
  5121
  5941
  6653
  7240
  7693
  8004
  8166
  8177
  8036
  7747
  7315
  6746
  6051
  5246
  4344
  3361
  2316
  1225
   115
  -998
 -2092
 -3148
 -4148
 -5068
 -5895
 -6612
 -7207
 -7670
 -7989
 -8160
 -8181
 -8050
 -7769
 -7345
 -6785
 -6099
 -5300
 -4401
 -3423
 -2381
 -1295
  -182
   928
  2024
  3082
  4084
  5012
  5845
  6570
  7173
  7643
  7973
  8154
  8184
  8063
  7792
  7376
  6824
  6146
  5354
  4463
  3487
  2448
  1365
   256
  -858
 -1958
 -3020
 -4025
 -4956
 -5796
 -6529
 -7140
 -7619
 -7957
 -8147
 -8187
 -8074
 -7813
 -7406
 -6861
 -6190
 -5405
 -4520
 -3551
 -2513
 -1431
  -323
   787
  1887
  2954
  3964
  4900
  5745
  6485
  7105
  7593
  7940
  8139
  8189
  8086
  7833
  7436
  6901
  6238
  5458
  4578
  3614
  2583
  1504
   394
  -720
 -1821
 -2888
 -3902
 -4846
 -5697
 -6443
 -7070
 -7567
 -7923
 -8132
 -8190
 -8097
 -7853
 -7464
 -6937
 -6282
 -5510
 -4634
 -3675
 -2647
 -1570
  -465
   650
  1752
  2822
  3839
  4786
  5646
  6399
  7034
  7539
  7904
  8123
  8191
  8107
  7874
  7494
  6975
  6327
  5562
  4695
  3740
  2714
  1640
   535
  -579
 -1686
 -2758
 -3779
 -4731
 -5595
 -6357
 -6999
 -7512
 -7886
 -8113
 -8191
 -8117
 -7892
 -7521
 -7011
 -6370
 -5612
 -4750
 -3800
 -2780
 -1706
  -603
   509
  1613
  2689
  3717
  4673
  5543
  6310
  6961
  7483
  7866
  8103
  8191
  8126
  7911
  7549
  7048
  6416
  5663
  4807
  3863
  2847
  1778
   673
  -441
 -1547
 -2625
 -3653
 -4617
 -5493
 -6267
 -6925
 -7454
 -7847
 -8093
 -8190
 -8134
 -7929
 -7575
 -7082
 -6458
 -5714
 -4864
 -3922
 -2910
 -1844
  -743
   367
  1478
  2558
  3590
  4556
  5438
  6221
  6887
  7425
  7826
  8082
  8188
  8142
  7946
  7603
  7117
  6501
  5764
  4921
  3987
  2976
  1913
   814
  -300
 -1408
 -2493
 -3529
 -4500
 -5387
 -6175
 -6850
 -7396
 -7805
 -8070
 -8186
 -8149
 -7962
 -7628
 -7152
 -6544
 -5812
 -4975
 -4046
 -3042
 -1981
  -881
   229
  1338
  2423
  3465
  4441
  5334
  6128
  6809
  7365
  7784
  8058
  8183
  8157
  7978
  7653
  7186
  6586
  5864
  5031
  4107
  3107
  2050
   954
  -162
 -1272
 -2358
 -3401
 -4381
 -5282
 -6083
 -6771
 -7334
 -7761
 -8045
 -8180
 -8162
 -7994
 -7678
 -7218
 -6626
 -5911
 -5087
 -4165
 -3170
 -2115
 -1021
    88
  1202
  2291
  3337
  4321
  5226
  6036
  6731
  7302
  7738
  8031
  8176
  8168
  8009
  7702
  7253
  6667
  5960
  5142
  4229
  3237
  2183
  1092
   -20
 -1132
 -2223
 -3275
 -4264
 -5173
 -5988
 -6691
 -7272
 -7716
 -8018
 -8171
 -8173
 -8023
 -7725
 -7284
 -6708
 -6006
 -5194
 -4286
 -3299
 -2251
 -1158
   -47
  1062
  2154
  3207
  4203
  5118
  5939
  6650
  7237
  7692
  8003
  8166
  8177
  8038
  7748
  7316
  6748
  6056
  5251
  4347
  3364
  2319
  1231
   121
  -995
 -2089
 -3145
 -4142
 -5066
 -5892
 -6610
 -7205
 -7668
 -7988
 -8160
 -8181
 -8050
 -7771
 -7346
 -6786
 -6101
 -5303
 -4406
 -3425
 -2384
 -1298
  -188
   922
  2021
  3080
  4081
  5007
  5841
  6568
  7172
  7642
  7972
  8153
  8184
  8063
  7793
  7378
  6827
  6148
  5356
  4466
  3492
  2451
  1368
   259
  -854
 -1952
 -3017
 -4023
 -4954
 -5793
 -6526
 -7139
 -7618
 -7956
 -8147
 -8187
 -8075
 -7813
 -7408
 -6864
 -6194
 -5407
 -4522
 -3553
 -2519
 -1438
  -327
   784
  1884
  2948
  3958
  4897
  5743
  6483
  7102
  7590
  7939
  8139
  8189
  8087
  7834
  7437
  6903
  6240
  5462
  4581
  3617
  2586
  1507
   400
  -717
 -1818
 -2885
 -3899
 -4840
 -5695
 -6441
 -7068
 -7565
 -7921
 -8131
 -8190
 -8097
 -7855
 -7467
 -6939
 -6284
 -5513
 -4639
 -3680
 -2650
 -1573
  -468
   643
  1746
  2819
  3836
  4783
  5641
  6397
  7032
  7537
  7903
  8122
  8191
  8108
  7874
  7496
  6978
  6329
  5565
  4697
  3743
  2720
  1643
   538
  -576
 -1680
 -2752
 -3777
 -4728
 -5592
 -6353
 -6996
 -7511
 -7885
 -8113
 -8191
 -8117
 -7893
 -7522
 -7013
 -6374
 -5616
 -4753
 -3803
 -2783
 -1712
  -606
   505
  1610
  2686
  3711
  4670
  5540
  6308
  6959
  7481
  7865
  8103
  8191
  8127
  7912
  7550
  7049
  6418
  5668
  4813
  3866
  2850
  1781
   679
  -435
 -1544
 -2622
 -3651
 -4612
 -5488
 -6265
 -6923
 -7453
 -7845
 -8092
 -8190
 -8135
 -7929
 -7577
 -7083
 -6460
 -5716
 -4867
 -3928
 -2913
 -1847
  -747
   364
  1472
  2555
  3587
  4554
  5436
  6217
  6885
  7424
  7825
  8081
  8188
  8143
  7947
  7604
  7120
  6505
  5767
  4924
  3990
  2982
  1919
   817
  -297
 -1405
 -2487
 -3524
 -4497
 -5385
 -6173
 -6846
 -7395
 -7804
 -8070
 -8186
 -8150
 -7963
 -7629
 -7153
 -6546
 -5817
 -4977
 -4048
 -3045
 -1984
  -887
   226
  1335
  2420
  3460
  4435
  5331
  6126
  6807
  7363
  7782
  8057
  8183
  8157
  7980
  7655
  7187
  6588
  5866
  5036
  4112
  3110
  2053
   958
  -155
 -1269
 -2355
 -3398
 -4378
 -5277
 -6081
 -6770
 -7333
 -7760
 -8044
 -8179
 -8163
 -7995
 -7679
 -7221
 -6628
 -5913
 -5089
 -4171
 -3175
 -2118
 -1025
    85
  1196
  2285
  3334
  4319
  5223
  6031
  6728
  7301
  7737
  8031
  8175
  8169
  8010
  7703
  7254
  6671
  5962
  5144
  4231
  3240
  2189
  1095
   -17
 -1129
 -2220
 -3269
 -4261
 -5171
 -5985
 -6689
 -7269
 -7715
 -8017
 -8171
 -8173
 -8024
 -7726
 -7285
 -6710
 -6010
 -5199
 -4289
 -3302
 -2254
 -1165
   -53
  1059
  2151
  3204
  4198
  5114
  5937
  6648
  7236
  7690
  8002
  8166
  8178
  8038
  7750
  7317
  6750
  6058
  5253
  4352
  3367
  2322
  1235
   124
  -989
 -2086
 -3142
 -4140
 -5061
 -5888
 -6608
 -7204
 -7666
 -7987
 -8160
 -8181
 -8051
 -7772
 -7349
 -6790
 -6103
 -5305
 -4409
 -3431
 -2390
 -1301
  -192
   918
  2015
  3077
  4078
  5005
  5839
  6564
  7170
  7641
  7971
  8153
  8184
  8064
  7794
  7380
  6829
  6152
  5359
  4468
  3495
  2457
  1374
   262
  -851
 -1949
 -3011
 -4017
 -4951
 -5791
 -6524
 -7136
 -7615
 -7955
 -8146
 -8187
 -8076
 -7815
 -7409
 -6866
 -6196
 -5412
 -4525
 -3556
 -2522
 -1441
  -333
   781
  1880
  2945
  3955
  4892
  5741
  6481
  7101
  7589
  7937
  8139
  8189
  8087
  7836
  7440
  6904
  6242
  5465
  4586
  3623
  2589
  1510
   404
  -711
 -1812
 -2882
 -3896
 -4838
 -5690
 -6437
 -7067
 -7564
 -7920
 -8130
 -8190
 -8098
 -7856
 -7468
 -6942
 -6286
 -5515
 -4642
 -3683
 -2656
 -1577
  -471
   640
  1743
  2813
  3834
  4781
  5639
  6393
  7029
  7536
  7902
  8122
  8191
  8109
  7875
  7497
  6979
  6333
  5569
  4700
  3746
  2723
  1649
   545
  -573
 -1677
 -2749
 -3771
 -4726
 -5590
 -6351
 -6994
 -7508
 -7884
 -8113
 -8191
 -8118
 -7894
 -7524
 -7015
 -6376
 -5619
 -4758
 -3806
 -2786
 -1715
  -612
   499
  1607
  2683
  3708
  4665
  5536
  6306
  6957
  7480
  7864
  8102
  8191
  8127
  7913
  7553
  7052
  6420
  5670
  4815
  3871
  2853
  1784
   682
  -432
 -1538
 -2619
 -3648
 -4610
 -5486
 -6261
 -6921
 -7452
 -7844
 -8092
 -8189
 -8135
 -7930
 -7578
 -7087
 -6463
 -5718
 -4870
 -3931
 -2919
 -1853
  -750
   361
  1468
  2549
  3582
  4551
  5433
  6215
  6882
  7421
  7824
  8081
  8188
  8143
  7948
  7605
  7122
  6507
  5771
  4926
  3992
  2985
  1922
   823
  -294
 -1402
 -2484
 -3521
 -4492
 -5382
 -6171
 -6845
 -7392
 -7803
 -8069
 -8186
 -8150
 -7964
 -7631
 -7155
 -6547
 -5819
 -4982
 -4054
 -3047
 -1987
  -890
   220
  1329
  2417
  3457
  4433
  5327
  6124
  6806
  7361
  7781
  8056
  8183
  8157
  7981
  7656
  7190
  6590
  5868
  5038
  4115
  3116
  2056
   961
  -152
 -1263
 -2349
 -3395
 -4376
 -5275
 -6077
 -6766
 -7331
 -7759
 -8044
 -8179
 -8163
 -7996
 -7680
 -7223
 -6631
 -5917
 -5091
 -4173
 -3178
 -2124
 -1028
    82
  1193
  2281
  3328
  4316
  5221
  6029
  6726
  7298
  7736
  8030
  8175
  8169
  8011
  7704
  7256
  6673
  5966
  5149
  4234
  3243
  2192
  1101
   -11
 -1126
 -2217
 -3266
 -4256
 -5166
 -5983
 -6687
 -7267
 -7713
 -8016
 -8171
 -8173
 -8025
 -7728
 -7287
 -6712
 -6012
 -5201
 -4294
 -3305
 -2257
 -1168
   -57
  1053
  2148
  3201
  4195
  5111
  5933
  6646
  7234
  7689
  8001
  8165
  8178
  8039
  7751
  7320
  6754
  6060
  5256
  4355
  3373
  2328
  1238
   127
  -986
 -2080
 -3136
 -4137
 -5058
 -5886
 -6605
 -7202
 -7665
 -7986
 -8159
 -8181
 -8052
 -7773
 -7350
 -6792
 -6107
 -5307
 -4412
 -3434
 -2393
 -1307
  -195
   915
  2012
  3071
  4073
  5002
  5836
  6562
  7167
  7639
  7970
  8153
  8185
  8065
  7796
  7381
  6831
  6154
  5363
  4474
  3498
  2460
  1377
   269
  -848
 -1946
 -3008
 -4014
 -4946
 -5789
 -6522
 -7134
 -7614
 -7954
 -8146
 -8187
 -8076
 -7816
 -7412
 -6868
 -6198
 -5414
 -4530
 -3562
 -2525
 -1444
  -336
   775
  1874
  2942
  3953
  4890
  5736
  6477
  7099
  7588
  7936
  8138
  8189
  8088
  7837
  7441
  6908
  6244
  5467
  4589
  3625
  2595
  1513
   407
  -708
 -1809
 -2876
 -3893
 -4835
 -5688
 -6435
 -7064
 -7562
 -7919
 -8130
 -8190
 -8099
 -7856
 -7469
 -6944
 -6290
 -5520
 -4645
 -3686
 -2659
 -1583
  -477
   637
  1740
  2810
  3828
  4776
  5637
  6391
  7028
  7534
  7901
  8121
  8191
  8109
  7877
  7498
  6981
  6335
  5572
  4705
  3749
  2726
  1652
   548
  -567
 -1673
 -2746
 -3768
 -4721
 -5585
 -6349
 -6993
 -7507
 -7882
 -8112
 -8191
 -8118
 -7895
 -7526
 -7018
 -6378
 -5621
 -4760
 -3811
 -2792
 -1718
  -615
   496
  1601
  2680
  3705
  4663
  5534
  6302
  6956
  7478
  7863
  8102
  8190
  8127
  7914
  7554
  7054
  6424
  5672
  4818
  3874
  2858
  1790
   686
  -429
 -1535
 -2613
 -3642
 -4607
 -5484
 -6259
 -6918
 -7449
 -7843
 -8091
 -8189
 -8136
 -7932
 -7580
 -7088
 -6465
 -5723
 -4872
 -3933
 -2922
 -1856
  -756
   358
  1465
  2546
  3579
  4546
  5431
  6213
  6880
  7420
  7822
  8080
  8188
  8144
  7949
  7607
  7123
  6509
  5773
  4931
  3998
  2988
  1925
   826
  -287
 -1396
 -2481
 -3518
 -4489
 -5378
 -6167
 -6843
 -7391
 -7802
 -8068
 -8185
 -8151
 -7965
 -7632
 -7158
 -6549
 -5821
 -4985
 -4057
 -3053
 -1990
  -894
   217
  1326
  2411
  3454
  4430
  5324
  6120
  6802
  7360
  7780
  8056
  8182
  8158
  7981
  7658
  7192
  6593
  5873
  5041
  4118
  3119
  2062
   967
  -149
 -1259
 -2346
 -3390
 -4373
 -5273
 -6075
 -6764
 -7329
 -7758
 -8043
 -8179
 -8163
 -7997
 -7681
 -7224
 -6633
 -5920
 -5096
 -4176
 -3181
 -2127
 -1034
    75
  1190
  2278
  3325
  4311
  5216
  6027
  6724
  7297
  7734
  8029
  8175
  8169
  8012
  7707
  7259
  6674
  5968
  5152
  4240
  3246
  2195
  1104
    -8
 -1120
 -2214
 -3263
 -4253
 -5164
 -5979
 -6685
 -7266
 -7712
 -8015
 -8170
 -8174
 -8026
 -7729
 -7290
 -6715
 -6014
 -5204
 -4297
 -3311
 -2263
 -1171
   -60
  1049
  2142
  3196
  4192
  5109
  5930
  6642
  7231
  7688
  8000
  8165
  8178
  8040
  7752
  7322
  6755
  6064
  5258
  4357
  3375
  2331
  1244
   130
  -982
 -2077
 -3133
 -4131
 -5056
 -5884
 -6603
 -7199
 -7663
 -7986
 -8159
 -8182
 -8053
 -7775
 -7352
 -6793
 -6109
 -5312
 -4417
 -3437
 -2396
 -1311
  -201
   909
  2009
  3068
  4070
  4997
  5834
  6561
  7166
  7638
  7969
  8153
  8185
  8065
  7797
  7384
  6833
  6156
  5366
  4476
  3504
  2463
  1380
   272
  -842
 -1940
 -3005
 -4012
 -4944
 -5784
 -6518
 -7133
 -7613
 -7953
 -8145
 -8187
 -8077
 -7817
 -7413
 -6871
 -6203
 -5417
 -4533
 -3565
 -2531
 -1447
  -339
   772
  1871
  2936
  3950
  4887
  5734
  6475
  7096
  7587
  7936
  8138
  8189
  8089
  7838
  7443
  6910
  6249
  5472
  4591
  3628
  2598
  1519
   413
  -704
 -1805
 -2873
 -3888
 -4830
 -5686
 -6433
 -7062
 -7560
 -7918
 -8130
 -8190
 -8099
 -7858
 -7471
 -6946
 -6292
 -5522
 -4650
 -3689
 -2662
 -1586
  -480
   631
  1736
  2807
  3825
  4773
  5632
  6389
  7026
  7532
  7899
  8120
  8191
  8109
  7878
  7501
  6984
  6337
  5574
  4708
  3754
  2732
  1655
   551
  -563
 -1667
 -2740
 -3766
 -4718
 -5583
 -6345
 -6991
 -7506
 -7881
 -8111
 -8191
 -8119
 -7896
 -7527
 -7019
 -6382
 -5623
 -4763
 -3814
 -2795
 -1724
  -618
   493
  1598
  2674
  3700
  4660
  5531
  6300
  6952
  7476
  7862
  8101
  8190
  8128
  7915
  7555
  7056
  6426
  5677
  4823
  3877
  2861
  1793
   692
  -425
 -1532
 -2610
 -3639
 -4602
 -5481
 -6257
 -6916
 -7448
 -7842
 -8091
 -8189
 -8136
 -7933
 -7582
 -7090
 -6467
 -5725
 -4877
 -3939
 -2925
 -1859
  -759
   352
  1459
  2543
  3576
  4543
  5426
  6209
  6878
  7418
  7821
  8079
  8187
  8144
  7950
  7609
  7126
  6510
  5776
  4934
  4001
  2993
  1928
   829
  -284
 -1393
 -2475
 -3515
 -4487
 -5375
 -6164
 -6839
 -7389
 -7801
 -8068
 -8185
 -8151
 -7966
 -7633
 -7159
 -6553
 -5825
 -4987
 -4059
 -3056
 -1996
  -900
   214
  1323
  2408
  3448
  4425
  5322
  6118
  6800
  7357
  7779
  8055
  8182
  8158
  7983
  7659
  7193
  6595
  5875
  5046
  4121
  3122
  2065
   970
  -143
 -1256
 -2343
 -3387
 -4368
 -5268
 -6073
 -6762
 -7327
 -7756
 -8042
 -8179
 -8164
 -7998
 -7683
 -7227
 -6635
 -5922
 -5099
 -4182
 -3187
 -2130
 -1037
    72
  1183
  2275
  3322
  4308
  5214
  6023
  6722
  7295
  7733
  8028
  8174
  8169
  8013
  7708
  7260
  6678
  5970
  5154
  4242
  3252
  2201
  1107
    -5
 -1116
 -2207
 -3258
 -4250
 -5161
 -5977
 -6682
 -7263
 -7711
 -8015
 -8170
 -8174
 -8027
 -7730
 -7291
 -6717
 -6019
 -5206
 -4300
 -3314
 -2266
 -1177
   -63
  1046
  2139
  3193
  4187
  5106
  5928
  6641
  7230
  7686
  8000
  8165
  8178
  8041
  7754
  7323
  6757
  6066
  5263
  4362
  3378
  2334
  1247
   137
  -976
 -2074
 -3130
 -4129
 -5051
 -5879
 -6601
 -7198
 -7662
 -7984
 -8159
 -8182
 -8053
 -7776
 -7354
 -6795
 -6111
 -5315
 -4419
 -3443
 -2399
 -1314
  -204
   906
  2003
  3065
  4068
  4995
  5830
  6557
  7164
  7637
  7968
  8152
  8185
  8066
  7798
  7385
  6836
  6160
  5368
  4479
  3507
  2469
  1387
   275
  -839
 -1937
 -2999
 -4009
 -4941
 -5782
 -6516
 -7129
 -7612
 -7952
 -8145
 -8187
 -8078
 -7818
 -7414
 -6873
 -6205
 -5421
 -4535
 -3567
 -2534
 -1453
  -345
   769
  1868
  2933
  3944
  4882
  5732
  6473
  7094
  7584
  7934
  8137
  8189
  8089
  7840
  7445
  6911
  6251
  5474
  4597
  3631
  2601
  1523
   416
  -698
 -1802
 -2870
 -3885
 -4828
 -5681
 -6431
 -7060
 -7559
 -7917
 -8129
 -8190
 -8100
 -7859
 -7473
 -6949
 -6294
 -5524
 -4652
 -3694
 -2668
 -1589
  -483
   628
  1730
  2801
  3823
  4770
  5630
  6385
  7023
  7531
  7899
  8120
  8191
  8110
  7879
  7502
  6986
  6341
  5576
  4710
  3757
  2734
  1661
   554
  -560
 -1664
 -2737
 -3760
 -4715
 -5581
 -6343
 -6988
 -7503
 -7880
 -8111
 -8191
 -8120
 -7898
 -7529
 -7021
 -6384
 -5628
 -4768
 -3817
 -2798
 -1727
  -625
   487
  1595
  2671
  3697
  4655
  5529
  6298
  6951
  7474
  7860
  8101
  8190
  8129
  7916
  7557
  7057
  6428
  5679
  4825
  3882
  2864
  1796
   695
  -419
 -1526
 -2607
 -3637
 -4599
 -5477
 -6253
 -6915
 -7447
 -7841
 -8090
 -8189
 -8137
 -7933
 -7583
 -7093
 -6471
 -5727
 -4880
 -3942
 -2930
 -1862
  -762
   349
  1456
  2537
  3573
  4540
  5424
  6207
  6875
  7417
  7820
  8078
  8187
  8145
  7951
  7610
  7128
  6514
  5780
  4936
  4003
  2996
  1934
   836
  -281
 -1390
 -2472
 -3509
 -4481
 -5373
 -6162
 -6838
 -7387
 -7799
 -8067
 -8185
 -8152
 -7967
 -7634
 -7161
 -6555
 -5828
 -4992
 -4062
 -3059
 -2000
  -903
   207
  1320
  2405
  3445
  4422
  5317
  6116
  6799
  7356
  7777
  8054
  8182
  8158
  7983
  7661
  7196
  6597
  5877
  5048
  4126
  3127
  2068
   973
  -140
 -1250
 -2337
 -3384
 -4365
 -5265
 -6068
 -6761
 -7326
 -7755
 -8041
 -8178
 -8164
 -7998
 -7685
 -7229
 -6639
 -5924
 -5101
 -4184
 -3190
 -2136
 -1040
    69
  1180
  2269
  3317
  4305
  5211
  6021
  6719
  7292
  7732
  8028
  8174
  8170
  8014
  7709
  7261
  6680
  5975
  5159
  4245
  3255
  2204
  1113
    -2
 -1113
 -2204
 -3255
 -4245
 -5159
 -5975
 -6680
 -7261
 -7709
 -8014
 -8170
 -8174
 -8028
 -7732
 -7292
 -6719
 -6021
 -5211
 -4305
 -3317
 -2269
 -1180
   -69
  1040
  2136
  3190
  4184
  5101
  5924
  6639
  7229
  7685
  7998
  8164
  8178
  8041
  7755
  7326
  6759
  6068
  5265
  4365
  3384
  2337
  1250
   140
  -973
 -2068
 -3127
 -4126
 -5048
 -5877
 -6597
 -7196
 -7661
 -7983
 -8158
 -8182
 -8054
 -7777
 -7356
 -6799
 -6116
 -5317
 -4422
 -3445
 -2405
 -1320
  -207
   903
  2000
  3059
  4062
  4992
  5828
  6555
  7161
  7634
  7967
  8152
  8185
  8067
  7799
  7387
  6838
  6162
  5373
  4481
  3509
  2472
  1390
   281
  -836
 -1934
 -2996
 -4003
 -4936
 -5780
 -6514
 -7128
 -7610
 -7951
 -8145
 -8187
 -8078
 -7820
 -7417
 -6875
 -6207
 -5424
 -4540
 -3573
 -2537
 -1456
  -349
   762
  1862
  2930
  3942
  4880
  5727
  6471
  7093
  7583
  7933
  8137
  8189
  8090
  7841
  7447
  6915
  6253
  5477
  4599
  3637
  2607
  1526
   419
  -695
 -1796
 -2864
 -3882
 -4825
 -5679
 -6428
 -7057
 -7557
 -7916
 -8129
 -8190
 -8101
 -7860
 -7474
 -6951
 -6298
 -5529
 -4655
 -3697
 -2671
 -1595
  -487
   625
  1727
  2798
  3817
  4768
  5628
  6384
  7021
  7529
  7898
  8120
  8191
  8111
  7880
  7503
  6988
  6343
  5581
  4715
  3760
  2737
  1664
   560
  -554
 -1661
 -2734
 -3757
 -4710
 -5576
 -6341
 -6986
 -7502
 -7879
 -8110
 -8191
 -8120
 -7899
 -7531
 -7023
 -6385
 -5630
 -4770
 -3823
 -2801
 -1730
  -628
   483
  1589
  2668
  3694
  4652
  5524
  6294
  6949
  7473
  7859
  8100
  8190
  8129
  7917
  7559
  7060
  6431
  5681
  4828
  3885
  2870
  1802
   698
  -416
 -1523
 -2601
 -3631
 -4597
 -5474
 -6251
 -6911
 -7445
 -7840
 -8089
 -8189
 -8137
 -7934
 -7584
 -7094
 -6473
 -5732
 -4882
 -3944
 -2933
 -1868
  -769
   345
  1453
  2534
  3567
  4535
  5421
  6205
  6873
  7414
  7818
  8078
  8187
  8145
  7952
  7612
  7129
  6516
  5782
  4941
  4009
  2999
  1937
   839
  -275
 -1387
 -2469
 -3507
 -4479
 -5368
 -6160
 -6836
 -7385
 -7798
 -8066
 -8185
 -8152
 -7968
 -7637
 -7164
 -6557
 -5830
 -4995
 -4068
 -3065
 -2003
  -906
   204
  1314
  2399
  3443
  4419
  5315
  6111
  6795
  7354
  7776
  8053
  8182
  8159
  7984
  7662
  7198
  6601
  5879
  5051
  4129
  3130
  2074
   976
  -137
 -1247
 -2334
 -3378
 -4362
 -5263
 -6066
 -6757
 -7323
 -7754
 -8041
 -8178
 -8165
 -8000
 -7686
 -7230
 -6641
 -5928
 -5106
 -4187
 -3193
 -2139
 -1046
    63
  1177
  2266
  3314
  4300
  5206
  6019
  6717
  7291
  7730
  8027
  8174
  8170
  8015
  7711
  7263
  6682
  5977
  5161
  4250
  3258
  2207
  1116
     5
 -1107
 -2201
 -3252
 -4242
 -5154
 -5970
 -6678
 -7260
 -7708
 -8013
 -8169
 -8174
 -8028
 -7733
 -7295
 -6722
 -6023
 -5214
 -4308
 -3322
 -2275
 -1183
   -72
  1037
  2130
  3187
  4182
  5099
  5922
  6635
  7227
  7683
  7998
  8164
  8179
  8042
  7756
  7327
  6762
  6073
  5268
  4368
  3387
  2343
  1256
   143
  -970
 -2065
 -3122
 -4121
 -5046
 -5875
 -6595
 -7193
 -7659
 -7983
 -8158
 -8182
 -8055
 -7779
 -7357
 -6800
 -6118
 -5322
 -4425
 -3448
 -2408
 -1323
  -214
   900
  1996
  3056
  4059
  4987
  5825
  6553
  7159
  7633
  7966
  8151
  8185
  8068
  7801
  7389
  6839
  6164
  5375
  4487
  3515
  2475
  1393
   284
  -829
 -1928
 -2993
 -4001
 -4934
 -5776
 -6510
 -7126
 -7609
 -7950
 -8144
 -8187
 -8079
 -7821
 -7418
 -6878
 -6209
 -5426
 -4543
 -3576
 -2543
 -1459
  -352
   759
  1859
  2925
  3939
  4877
  5725
  6467
  7090
  7582
  7933
  8136
  8189
  8091
  7842
  7448
  6916
  6257
  5481
  4602
  3639
  2610
  1532
   425
  -692
 -1793
 -2861
 -3877
 -4823
 -5677
 -6426
 -7056
 -7555
 -7915
 -8128
 -8190
 -8101
 -7862
 -7476
 -6952
 -6300
 -5531
 -4660
 -3700
 -2674
 -1598
  -493
   618
  1724
  2795
  3814
  4763
  5623
  6382
  7019
  7527
  7896
  8119
  8191
  8111
  7881
  7506
  6991
  6345
  5583
  4718
  3766
  2740
  1667
   563
  -551
 -1655
 -2732
 -3754
 -4708
 -5574
 -6337
 -6984
 -7501
 -7878
 -8109
 -8191
 -8120
 -7899
 -7532
 -7026
 -6389
 -5632
 -4773
 -3825
 -2807
 -1736
  -631
   480
  1586
  2662
  3689
  4650
  5522
  6292
  6946
  7471
  7858
  8099
  8190
  8130
  7918
  7560
  7062
  6433
  5686
  4830
  3888
  2873
  1805
   704
  -413
 -1519
 -2598
 -3628
 -4591
 -5472
 -6249
 -6910
 -7443
 -7838
 -8089
 -8189
 -8138
 -7936
 -7587
 -7096
 -6475
 -5734
 -4887
 -3950
 -2936
 -1871
  -772
   339
  1447
  2531
  3565
  4533
  5417
  6203
  6871
  7413
  7817
  8077
  8187
  8145
  7953
  7613
  7133
  6518
  5784
  4944
  4012
  3005
  1940
   842
  -272
 -1380
 -2463
 -3504
 -4476
 -5366
 -6156
 -6833
 -7384
 -7797
 -8065
 -8185
 -8153
 -7969
 -7638
 -7166
 -6561
 -5834
 -4997
 -4070
 -3068
 -2009
  -909
   201
  1311
  2396
  3437
  4417
  5312
  6109
  6793
  7352
  7775
  8053
  8182
  8159
  7986
  7663
  7199
  6603
  5884
  5056
  4131
  3133
  2077
   982
  -130
 -1244
 -2331
 -3375
 -4357
 -5258
 -6064
 -6755
 -7322
 -7752
 -8040
 -8178
 -8165
 -8000
 -7688
 -7231
 -6642
 -5930
 -5109
 -4192
 -3196
 -2142
 -1049
    60
  1171
  2263
  3311
  4297
  5204
  6014
  6715
  7290
  7729
  8026
  8174
  8170
  8015
  7712
  7266
  6685
  5979
  5164
  4253
  3263
  2214
  1120
     8
 -1104
 -2195
 -3246
 -4240
 -5152
 -5968
 -6674
 -7259
 -7707
 -8012
 -8169
 -8175
 -8029
 -7734
 -7297
 -6724
 -6027
 -5216
 -4311
 -3325
 -2278
 -1190
   -75
  1034
  2127
  3181
  4176
  5096
  5920
  6633
  7224
  7681
  7997
  8163
  8179
  8043
  7758
  7329
  6764
  6075
  5273
  4373
  3390
  2346
  1259
   149
  -967
 -2062
 -3119
 -4118
 -5041
 -5873
 -6593
 -7192
 -7658
 -7981
 -8158
 -8182
 -8056
 -7780
 -7360
 -6802
 -6120
 -5324
 -4430
 -3454
 -2411
 -1326
  -217
   894
  1990
  3053
  4057
  4985
  5821
  6549
  7158
  7632
  7965
  8151
  8185
  8068
  7802
  7391
  6843
  6167
  5378
  4489
  3518
  2481
  1396
   287
  -826
 -1925
 -2988
 -3998
 -4931
 -5773
 -6509
 -7123
 -7607
 -7949
 -8144
 -8188
 -8080
 -7822
 -7420
 -6880
 -6213
 -5431
 -4546
 -3579
 -2546
 -1465
  -358
   756
  1856
  2922
  3933
  4872
  5723
  6465
  7088
  7580
  7932
  8136
  8189
  8091
  7843
  7449
  6918
  6259
  5484
  4607
  3642
  2613
  1535
   429
  -686
 -1790
 -2858
 -3874
 -4818
 -5672
 -6424
 -7054
 -7554
 -7914
 -8127
 -8190
 -8102
 -7863
 -7478
 -6956
 -6302
 -5534
 -4663
 -3705
 -2680
 -1601
  -496
   615
  1718
  2792
  3811
  4760
  5621
  6378
  7018
  7526
  7895
  8118
  8191
  8112
  7882
  7507
  6993
  6349
  5585
  4721
  3768
  2746
  1673
   567
  -548
 -1652
 -2726
 -3749
 -4705
 -5572
 -6335
 -6981
 -7498
 -7877
 -8109
 -8191
 -8121
 -7901
 -7534
 -7028
 -6391
 -5637
 -4776
 -3828
 -2810
 -1740
  -637
   477
  1583
  2659
  3686
  4645
  5520
  6290
  6944
  7469
  7856
  8099
  8190
  8130
  7919
  7562
  7064
  6435
  5688
  4835
  3893
  2876
  1809
   708
  -407
 -1513
 -2595
 -3625
 -4589
 -5467
 -6244
 -6908
 -7441
 -7837
 -8088
 -8189
 -8138
 -7936
 -7588
 -7099
 -6477
 -5736
 -4890
 -3953
 -2942
 -1874
  -775
   336
  1444
  2525
  3562
  4530
  5414
  6198
  6868
  7412
  7816
  8076
  8187
  8146
  7954
  7614
  7134
  6522
  5789
  4946
  4014
  3008
  1946
   848
  -269
 -1377
 -2460
 -3498
 -4474
 -5363
 -6154
 -6831
 -7381
 -7796
 -8065
 -8185
 -8153
 -7970
 -7639
 -7167
 -6562
 -5836
 -5002
 -4073
 -3071
 -2012
  -915
   195
  1307
  2393
  3434
  4412
  5307
  6107
  6792
  7350
  7773
  8052
  8181
  8159
  7986
  7665
  7202
  6605
  5886
  5058
  4137
  3136
  2080
   986
  -127
 -1238
 -2328
 -3373
 -4355
 -5256
 -6060
 -6754
 -7320
 -7751
 -8039
 -8178
 -8165
 -8001
 -7689
 -7234
 -6646
 -5933
 -5111
 -4195
 -3201
 -2148
 -1053
    57
  1168
  2257
  3305
  4294
  5201
  6012
  6712
  7287
  7728
  8025
  8173
  8171
  8016
  7713
  7267
  6687
  5983
  5166
  4256
  3266
  2217
  1126
    11
 -1101
 -2192
 -3243
 -4234
 -5149
 -5966
 -6673
 -7256
 -7704
 -8011
 -8169
 -8175
 -8030
 -7736
 -7298
 -6726
 -6029
 -5221
 -4316
 -3328
