 -8139
 -8139
     0
     0
  3836
  6779
  8143
  7609
  5301
  1756
 -2195
 -5638
 -7764
 -8082
 -6515
 -3431
   452
  4230
  7023
  8180
  7429
  4946
  1312
 -2628
 -5957
 -7897
 -7996
 -6231
 -3015
   903
  4611
  7246
  8191
  7228
  4578
   864
 -3055
 -6259
 -8005
 -7885
 -5928
 -2587
  1351
  4977
  7446
  8177
  7002
  4196
   413
 -3470
 -6541
 -8089
 -7751
 -5607
 -2154
  1795
  5331
  7623
  8139
  6757
  3802
   -42
 -3874
 -6803
 -8148
 -7593
 -5267
 -1715
  2233
  5666
  7777
  8075
  6491
  3395
  -494
 -4266
 -7046
 -8182
 -7412
 -4912
 -1270
  2668
  5984
  7907
  7987
  6206
  2976
  -945
 -4646
 -7266
 -8191
 -7206
 -4543
  -822
  3091
  6284
  8014
  7874
  5901
  2550
 -1393
 -5014
 -7463
 -8175
 -6980
 -4160
  -367
  3505
  6564
  8095
  7738
  5576
  2117
 -1836
 -5363
 -7638
 -8134
 -6733
 -3764
    82
  3908
  6827
  8152
  7578
  5237
  1677
 -2277
 -5697
 -7790
 -8068
 -6465
 -3357
   534
  4300
  7066
  8183
  7395
  4881
  1231
 -2708
 -6013
 -7918
 -7977
 -6178
 -2936
   984
  4678
  7284
  8190
  7187
  4510
   783
 -3130
 -6311
 -8022
 -7863
 -5872
 -2510
  1431
  5045
  7480
  8172
  6960
  4126
   328
 -3543
 -6590
 -8101
 -7724
 -5545
 -2076
  1874
  5393
  7652
  8129
  6711
  3729
  -124
 -3946
 -6850
 -8156
 -7562
 -5204
 -1635
  2315
  5725
  7802
  8061
  6441
  3318
  -576
 -4336
 -7087
 -8185
 -7375
 -4847
 -1190
  2745
  6040
  7929
  7968
  6152
  2900
 -1026
 -4715
 -7303
 -8190
 -7167
 -4475
  -737
  3167
  6336
  8030
  7852
  5842
  2472
 -1473
 -5078
 -7497
 -8169
 -6937
 -4089
  -286
  3579
  6615
  8107
  7711
  5516
  2038
 -1919
 -5425
 -7668
 -8124
 -6686
 -3689
   163
  3980
  6871
  8159
  7545
  5173
  1597
 -2355
 -5755
 -7816
 -8053
 -6415
 -3279
   615
  4372
  7107
  8187
  7358
  4815
  1151
 -2785
 -6068
 -7939
 -7958
 -6124
 -2860
  1065
  4747
  7321
  8189
  7148
  4442
   698
 -3206
 -6363
 -8038
 -7839
 -5812
 -2432
  1512
  5109
  7513
  8166
  6916
  4055
   247
 -3617
 -6640
 -8113
 -7696
 -5485
 -1996
  1957
  5454
  7681
  8118
  6663
  3653
  -206
 -4017
 -6894
 -8163
 -7529
 -5141
 -1555
  2393
  5783
  7827
  8046
  6390
  3243
  -657
 -4408
 -7128
 -8188
 -7339
 -4781
 -1106
  2822
  6095
  7949
  7949
  6096
  2823
 -1107
 -4782
 -7340
 -8188
 -7127
 -4406
  -656
  3242
  6389
  8046
  7828
  5784
  2394
 -1556
 -5142
 -7529
 -8163
 -6893
 -4016
  -204
  3652
  6663
  8118
  7682
  5455
  1958
 -1998
 -5486
 -7697
 -8113
 -6639
 -3615
   245
  4054
  6915
  8166
  7513
  5110
  1513
 -2433
 -5813
 -7840
 -8038
 -6362
 -3204
   697
  4441
  7147
  8189
  7322
  4749
  1067
 -2861
 -6125
 -7959
 -7939
 -6067
 -2783
  1149
  4814
  7357
  8187
  7108
  4373
   617
 -3281
 -6416
 -8054
 -7815
 -5754
 -2354
  1595
  5172
  7545
  8159
  6872
  3981
   165
 -3690
 -6687
 -8124
 -7667
 -5424
 -1917
  2036
  5515
  7710
  8107
  6616
  3580
  -287
 -4091
 -6938
 -8169
 -7496
 -5077
 -1472
  2471
  5841
  7851
  8030
  6337
  3168
  -739
 -4476
 -7168
 -8190
 -7302
 -4714
 -1025
  2898
  6151
  7968
  7929
  6041
  2746
 -1191
 -4848
 -7376
 -8185
 -7087
 -4335
  -574
  3317
  6440
  8061
  7803
  5726
  2316
 -1637
 -5205
 -7562
 -8156
 -6849
 -3944
  -123
  3728
  6710
  8129
  7653
  5394
  1876
 -2077
 -5546
 -7724
 -8101
 -6589
 -3542
   327
  4125
  6959
  8172
  7480
  5046
  1433
 -2511
 -5873
 -7863
 -8022
 -6310
 -3129
   781
  4509
  7187
  8190
  7285
  4679
   986
 -2938
 -6179
 -7978
 -7917
 -6012
 -2706
  1230
  4880
  7394
  8184
  7067
  4301
   535
 -3358
 -6466
 -8068
 -7790
 -5696
 -2275
  1675
  5235
  7577
  8152
  6827
  3910
    83
 -3766
 -6734
 -8134
 -7638
 -5362
 -1835
  2115
  5575
  7737
  8095
  6565
  3507
  -369
 -4161
 -6981
 -8175
 -7463
 -5012
 -1391
  2549
  5900
  7874
  8014
  6285
  3093
  -823
 -4544
 -7207
 -8191
 -7265
 -4645
  -943
  2974
  6205
  7987
  7907
  5985
  2669
 -1272
 -4914
 -7412
 -8182
 -7045
 -4265
  -493
  3394
  6490
  8075
  7777
  5668
  2235
 -1717
 -5268
 -7593
 -8148
 -6802
 -3873
   -41
  3800
  6756
  8139
  7624
  5333
  1796
 -2156
 -5608
 -7751
 -8089
 -6540
 -3468
   411
  4195
  7002
  8177
  7447
  4979
  1352
 -2589
 -5929
 -7886
 -8004
 -6258
 -3053
   862
  4577
  7227
  8191
  7247
  4612
   904
 -3017
 -6232
 -7996
 -7896
 -5956
 -2626
  1311
  4945
  7429
  8180
  7023
  4231
   454
 -3433
 -6516
 -8082
 -7764
 -5637
 -2194
  1755
  5300
  7608
  8143
  6780
  3838
     2
 -3838
 -6780
 -8143
 -7608
 -5300
 -1755
  2194
  5637
  7764
  8082
  6516
  3433
  -454
 -4231
 -7023
 -8180
 -7429
 -4945
 -1311
  2626
  5956
  7896
  7996
  6232
  3017
  -904
 -4612
 -7247
 -8191
 -7227
 -4577
  -862
  3053
  6258
  8004
  7886
  5929
  2589
 -1352
 -4979
 -7447
 -8177
 -7002
 -4195
  -411
  3468
  6540
  8089
  7751
  5608
  2156
 -1796
 -5333
 -7624
 -8139
 -6756
 -3800
    41
  3873
  6802
  8148
  7593
  5268
  1717
 -2235
 -5668
 -7777
 -8075
 -6490
 -3394
   493
  4265
  7045
  8182
  7412
  4914
  1272
 -2669
 -5985
 -7907
 -7987
 -6205
 -2974
   943
  4645
  7265
  8191
  7207
  4544
   823
 -3093
 -6285
 -8014
 -7874
 -5900
 -2549
  1391
  5012
  7463
  8175
  6981
  4161
   369
 -3507
 -6565
 -8095
 -7737
 -5575
 -2115
  1835
  5362
  7638
  8134
  6734
  3766
   -83
 -3910
 -6827
 -8152
 -7577
 -5235
 -1675
  2275
  5696
  7790
  8068
  6466
  3358
  -535
 -4301
 -7067
 -8184
 -7394
 -4880
 -1230
  2706
  6012
  7917
  7978
  6179
  2938
  -986
 -4679
 -7285
 -8190
 -7187
 -4509
  -781
  3129
  6310
  8022
  7863
  5873
  2511
 -1433
 -5046
 -7480
 -8172
 -6959
 -4125
  -327
  3542
  6589
  8101
  7724
  5546
  2077
 -1876
 -5394
 -7653
 -8129
 -6710
 -3728
   123
  3944
  6849
  8156
  7562
  5205
  1637
 -2316
 -5726
 -7803
 -8061
 -6440
 -3317
   574
  4335
  7087
  8185
  7376
  4848
  1191
 -2746
 -6041
 -7929
 -7968
 -6151
 -2898
  1025
  4714
  7302
  8190
  7168
  4476
   739
 -3168
 -6337
 -8030
 -7851
 -5841
 -2471
  1472
  5077
  7496
  8169
  6938
  4091
   287
 -3580
 -6616
 -8107
 -7710
 -5515
 -2036
  1917
  5424
  7667
  8124
  6687
  3690
  -165
 -3981
 -6872
 -8159
 -7545
 -5172
 -1595
  2354
  5754
  7815
  8054
  6416
  3281
  -617
 -4373
 -7108
 -8187
 -7357
 -4814
 -1149
  2783
  6067
  7939
  7959
  6125
  2861
 -1067
 -4749
 -7322
 -8189
 -7147
 -4441
  -697
  3204
  6362
  8038
  7840
  5813
  2433
 -1513
 -5110
 -7513
 -8166
 -6915
 -4054
  -245
  3615
  6639
  8113
  7697
  5486
  1998
 -1958
 -5455
 -7682
 -8118
 -6663
 -3652
   204
  4016
  6893
  8163
  7529
  5142
  1556
 -2394
 -5784
 -7828
 -8046
 -6389
 -3242
   656
  4406
  7127
  8188
  7340
  4782
  1107
 -2823
 -6096
 -7949
 -7949
 -6095
 -2822
  1106
  4781
  7339
  8188
  7128
  4408
   657
 -3243
 -6390
 -8046
 -7827
 -5783
 -2393
  1555
  5141
  7529
  8163
  6894
  4017
   206
 -3653
 -6663
 -8118
 -7681
 -5454
 -1957
  1996
  5485
  7696
  8113
  6640
  3617
  -247
 -4055
 -6916
 -8166
 -7513
 -5109
 -1512
  2432
  5812
  7839
  8038
  6363
  3206
  -698
 -4442
 -7148
 -8189
 -7321
 -4747
 -1065
  2860
  6124
  7958
  7939
  6068
  2785
 -1151
 -4815
 -7358
 -8187
 -7107
 -4372
  -615
  3279
  6415
  8053
  7816
  5755
  2355
 -1597
 -5173
 -7545
 -8159
 -6871
 -3980
  -163
  3689
  6686
  8124
  7668
  5425
  1919
 -2038
 -5516
 -7711
 -8107
 -6615
 -3579
   286
  4089
  6937
  8169
  7497
  5078
  1473
 -2472
 -5842
 -7852
 -8030
 -6336
 -3167
   737
  4475
  7167
  8190
  7303
  4715
  1026
 -2900
 -6152
 -7968
 -7929
 -6040
 -2745
  1190
  4847
  7375
  8185
  7087
  4336
   576
 -3318
 -6441
 -8061
 -7802
 -5725
 -2315
  1635
  5204
  7562
  8156
  6850
  3946
   124
 -3729
 -6711
 -8129
 -7652
 -5393
 -1874
  2076
  5545
  7724
  8101
  6590
  3543
  -328
 -4126
 -6960
 -8172
 -7480
 -5045
 -1431
  2510
  5872
  7863
  8022
  6311
  3130
  -783
 -4510
 -7187
 -8190
 -7284
 -4678
  -984
  2936
  6178
  7977
  7918
  6013
  2708
 -1231
 -4881
 -7395
 -8183
 -7066
 -4300
  -534
  3357
  6465
  8068
  7790
  5697
  2277
 -1677
 -5237
 -7578
 -8152
 -6827
 -3908
   -82
  3764
  6733
  8134
  7638
  5363
  1836
 -2117
 -5576
 -7738
 -8095
 -6564
 -3505
   367
  4160
  6980
  8175
  7463
  5014
  1393
 -2550
 -5901
 -7874
 -8014
 -6284
 -3091
   822
  4543
  7206
  8191
  7266
  4646
   945
 -2976
 -6206
 -7987
 -7907
 -5984
 -2668
  1270
  4912
  7412
  8182
  7046
  4266
   494
 -3395
 -6491
 -8075
 -7777
 -5666
 -2233
  1715
  5267
  7593
  8148
  6803
  3874
    42
 -3802
 -6757
 -8139
 -7623
 -5331
 -1795
  2154
  5607
  7751
  8089
  6541
  3470
  -413
 -4196
 -7002
 -8177
 -7446
 -4977
 -1351
  2587
  5928
  7885
  8005
  6259
  3055
  -864
 -4578
 -7228
 -8191
 -7246
 -4611
  -903
  3015
  6231
  7996
  7897
  5957
  2628
 -1312
 -4946
 -7429
 -8180
 -7023
 -4230
  -452
  3431
  6515
  8082
  7764
  5638
  2195
 -1756
 -5301
 -7609
 -8143
 -6779
 -3836
     0
  3836
  6779
  8143
  7609
  5301
  1756
 -2195
 -5638
 -7764
 -8082
 -6515
 -3431
   452
  4230
  7023
  8180
  7429
  4946
  1312
 -2628
 -5957
 -7897
 -7996
 -6231
 -3015
   903
  4611
  7246
  8191
  7228
  4578
   864
 -3055
 -6259
 -8005
 -7885
 -5928
 -2587
  1351
  4977
  7446
  8177
  7002
  4196
   413
 -3470
 -6541
 -8089
 -7751
 -5607
 -2154
  1795
  5331
  7623
  8139
  6757
  3802
   -42
 -3874
 -6803
 -8148
 -7593
 -5267
 -1715
  2233
  5666
  7777
  8075
  6491
  3395
  -494
 -4266
 -7046
 -8182
 -7412
 -4912
 -1270
  2668
  5984
  7907
  7987
  6206
  2976
  -945
 -4646
 -7266
 -8191
 -7206
 -4543
  -822
  3091
  6284
  8014
  7874
  5901
  2550
 -1393
 -5014
 -7463
 -8175
 -6980
 -4160
  -367
  3505
  6564
  8095
  7738
  5576
  2117
 -1836
 -5363
 -7638
 -8134
 -6733
 -3764
    82
  3908
  6827
  8152
  7578
  5237
  1677
 -2277
 -5697
 -7790
 -8068
 -6465
 -3357
   534
  4300
  7066
  8183
  7395
  4881
  1231
 -2708
 -6013
 -7918
 -7977
 -6178
 -2936
   984
  4678
  7284
  8190
  7187
  4510
   783
 -3130
 -6311
 -8022
 -7863
 -5872
 -2510
  1431
  5045
  7480
  8172
  6960
  4126
   328
 -3543
 -6590
 -8101
 -7724
 -5545
 -2076
  1874
  5393
  7652
  8129
  6711
  3729
  -124
 -3946
 -6850
 -8156
 -7562
 -5204
 -1635
  2315
  5725
  7802
  8061
  6441
  3318
  -576
 -4336
 -7087
 -8185
 -7375
 -4847
 -1190
  2745
  6040
  7929
  7968
  6152
  2900
 -1026
 -4715
 -7303
 -8190
 -7167
 -4475
  -737
  3167
  6336
  8030
  7852
  5842
  2472
 -1473
 -5078
 -7497
 -8169
 -6937
 -4089
  -286
  3579
  6615
  8107
  7711
  5516
  2038
 -1919
 -5425
 -7668
 -8124
 -6686
 -3689
   163
  3980
  6871
  8159
  7545
  5173
  1597
 -2355
 -5755
 -7816
 -8053
 -6415
 -3279
   615
  4372
  7107
  8187
  7358
  4815
  1151
 -2785
 -6068
 -7939
 -7958
 -6124
 -2860
  1065
  4747
  7321
  8189
  7148
  4442
   698
 -3206
 -6363
 -8038
 -7839
 -5812
 -2432
  1512
  5109
  7513
  8166
  6916
  4055
   247
 -3617
 -6640
 -8113
 -7696
 -5485
 -1996
  1957
  5454
  7681
  8118
  6663
  3653
  -206
 -4017
 -6894
 -8163
 -7529
 -5141
 -1555
  2393
  5783
  7827
  8046
  6390
  3243
  -657
 -4408
 -7128
 -8188
 -7339
 -4781
 -1106
  2822
  6095
  7949
  7949
  6096
  2823
 -1107
 -4782
 -7340
 -8188
 -7127
 -4406
  -656
  3242
  6389
  8046
  7828
  5784
  2394
 -1556
 -5142
 -7529
 -8163
 -6893
 -4016
  -204
  3652
  6663
  8118
  7682
  5455
  1958
 -1998
 -5486
 -7697
 -8113
 -6639
 -3615
   245
  4054
  6915
  8166
  7513
  5110
  1513
 -2433
 -5813
 -7840
 -8038
 -6362
 -3204
   697
  4441
  7147
  8189
  7322
  4749
  1067
 -2861
 -6125
 -7959
 -7939
 -6067
 -2783
  1149
  4814
  7357
  8187
  7108
  4373
   617
 -3281
 -6416
 -8054
 -7815
 -5754
 -2354
  1595
  5172
  7545
  8159
  6872
  3981
   165
 -3690
 -6687
 -8124
 -7667
 -5424
 -1917
  2036
  5515
  7710
  8107
  6616
  3580
  -287
 -4091
 -6938
 -8169
 -7496
 -5077
 -1472
  2471
  5841
  7851
  8030
  6337
  3168
  -739
 -4476
 -7168
 -8190
 -7302
 -4714
 -1025
  2898
  6151
  7968
  7929
  6041
  2746
 -1191
 -4848
 -7376
 -8185
 -7087
 -4335
  -574
  3317
  6440
  8061
  7803
  5726
  2316
 -1637
 -5205
 -7562
 -8156
 -6849
 -3944
  -123
  3728
  6710
  8129
  7653
  5394
  1876
 -2077
 -5546
 -7724
 -8101
 -6589
 -3542
   327
  4125
  6959
  8172
  7480
  5046
  1433
 -2511
 -5873
 -7863
 -8022
 -6310
 -3129
   781
  4509
  7187
  8190
  7285
  4679
   986
 -2938
 -6179
 -7978
 -7917
 -6012
 -2706
  1230
  4880
  7394
  8184
  7067
  4301
   535
 -3358
 -6466
 -8068
 -7790
 -5696
 -2275
  1675
  5235
  7577
  8152
  6827
  3910
    83
 -3766
 -6734
 -8134
 -7638
 -5362
 -1835
  2115
  5575
  7737
  8095
  6565
  3507
  -369
 -4161
 -6981
 -8175
 -7463
 -5012
 -1391
  2549
  5900
  7874
  8014
  6285
  3093
  -823
 -4544
 -7207
 -8191
 -7265
 -4645
  -943
  2974
  6205
  7987
  7907
  5985
  2669
 -1272
 -4914
 -7412
 -8182
 -7045
 -4265
  -493
  3394
  6490
  8075
  7777
  5668
  2235
 -1717
 -5268
 -7593
 -8148
 -6802
 -3873
   -41
  3800
  6756
  8139
  7624
  5333
  1796
 -2156
 -5608
 -7751
 -8089
 -6540
 -3468
   411
  4195
  7002
  8177
  7447
  4979
  1352
 -2589
 -5929
 -7886
 -8004
 -6258
 -3053
   862
  4577
  7227
  8191
  7247
  4612
   904
 -3017
 -6232
 -7996
 -7896
 -5956
 -2626
  1311
  4945
  7429
  8180
  7023
  4231
   454
 -3433
 -6516
 -8082
 -7764
 -5637
 -2194
  1755
  5300
  7608
  8143
  6780
  3838
     2
 -3838
 -6780
 -8143
 -7608
 -5300
 -1755
  2194
  5637
  7764
  8082
  6516
  3433
  -454
 -4231
 -7023
 -8180
 -7429
 -4945
 -1311
  2626
  5956
  7896
  7996
  6232
  3017
  -904
 -4612
 -7247
 -8191
 -7227
 -4577
  -862
  3053
  6258
  8004
  7886
  5929
  2589
 -1352
 -4979
 -7447
 -8177
 -7002
 -4195
  -411
  3468
  6540
  8089
  7751
  5608
  2156
 -1796
 -5333
 -7624
 -8139
 -6756
 -3800
    41
  3873
  6802
  8148
  7593
  5268
  1717
 -2235
 -5668
 -7777
 -8075
 -6490
 -3394
   493
  4265
  7045
  8182
  7412
  4914
  1272
 -2669
 -5985
 -7907
 -7987
 -6205
 -2974
   943
  4645
  7265
  8191
  7207
  4544
   823
 -3093
 -6285
 -8014
 -7874
 -5900
 -2549
  1391
  5012
  7463
  8175
  6981
  4161
   369
 -3507
 -6565
 -8095
 -7737
 -5575
 -2115
  1835
  5362
  7638
  8134
  6734
  3766
   -83
 -3910
 -6827
 -8152
 -7577
 -5235
 -1675
  2275
  5696
  7790
  8068
  6466
  3358
  -535
 -4301
 -7067
 -8184
 -7394
 -4880
 -1230
  2706
  6012
  7917
  7978
  6179
  2938
  -986
 -4679
 -7285
 -8190
 -7187
 -4509
  -781
  3129
  6310
  8022
  7863
  5873
  2511
 -1433
 -5046
 -7480
 -8172
 -6959
 -4125
  -327
  3542
  6589
  8101
  7724
  5546
  2077
 -1876
 -5394
 -7653
 -8129
 -6710
 -3728
   123
  3944
  6849
  8156
  7562
  5205
  1637
 -2316
 -5726
 -7803
 -8061
