 -7959
 -7959
     0
     0
  4847
  7815
  7751
  4679
  -206
 -5014
 -7874
 -7681
 -4509
   411
  5172
  7929
  7609
  4336
  -617
 -5333
 -7978
 -7529
 -4160
   822
  5485
  8022
  7447
  3981
 -1026
 -5638
 -8061
 -7357
 -3800
  1230
  5783
  8095
  7266
  3617
 -1433
 -5929
 -8124
 -7167
 -3431
  1635
  6067
  8148
  7067
  3243
 -1836
 -6206
 -8166
 -6959
 -3053
  2036
  6336
  8180
  6850
  2861
 -2235
 -6466
 -8188
 -6733
 -2668
  2432
  6589
  8191
  6616
  2472
 -2628
 -6711
 -8189
 -6490
 -2275
  2822
  6827
  8182
  6363
  2077
 -3017
 -6938
 -8169
 -6231
 -1874
  3204
  7045
  8152
  6096
  1677
 -3395
 -7148
 -8129
 -5956
 -1472
  3579
  7246
  8101
  5813
  1272
 -3766
 -7340
 -8068
 -5666
 -1065
  3944
  7429
  8030
  5516
   864
 -4126
 -7513
 -7987
 -5362
  -656
  4300
  7593
  7939
  5205
   454
 -4476
 -7668
 -7885
 -5045
  -245
  4645
  7737
  7828
  4881
    42
 -4815
 -7803
 -7764
 -4714
   163
  4977
  7863
  7697
  4544
  -369
 -5142
 -7918
 -7623
 -4372
   574
  5300
  7968
  7545
  4196
  -783
 -5455
 -8014
 -7463
 -4016
   984
  5607
  8053
  7376
  3838
 -1191
 -5755
 -8089
 -7284
 -3652
  1391
  5900
  8118
  7187
  3470
 -1597
 -6041
 -8143
 -7087
 -3279
  1795
  6178
  8163
  6981
  3093
 -1998
 -6311
 -8177
 -6871
 -2898
  2194
  6440
  8187
  6757
  2708
 -2394
 -6565
 -8191
 -6639
 -2510
  2587
  6686
  8190
  6516
  2316
 -2785
 -6803
 -8183
 -6389
 -2115
  2974
  6915
  8172
  6259
  1919
 -3168
 -7023
 -8156
 -6124
 -1715
  3357
  7127
  8134
  5985
  1513
 -3543
 -7228
 -8107
 -5841
 -1311
  3728
  7321
  8075
  5697
  1107
 -3910
 -7412
 -8038
 -5545
  -903
  4089
  7496
  7996
  5394
   698
 -4266
 -7578
 -7949
 -5235
  -493
  4441
  7652
  7897
  5078
   287
 -4612
 -7724
 -7839
 -4912
   -82
  4781
  7790
  7777
  4749
  -124
 -4946
 -7852
 -7710
 -4577
   327
  5109
  7907
  7638
  4408
  -535
 -5268
 -7959
 -7562
 -4230
   737
  5424
  8004
  7480
  4055
  -945
 -5576
 -8046
 -7394
 -3873
  1149
  5725
  8082
  7303
  3690
 -1352
 -5873
 -8113
 -7206
 -3505
  1555
  6012
  8139
  7108
  3318
 -1756
 -6152
 -8159
 -7002
 -3129
  1957
  6284
  8175
  6894
  2938
 -2156
 -6416
 -8185
 -6779
 -2745
  2354
  6540
  8190
  6663
  2550
 -2550
 -6663
 -8190
 -6540
 -2354
  2745
  6779
  8185
  6416
  2156
 -2938
 -6894
 -8175
 -6284
 -1957
  3129
  7002
  8159
  6152
  1756
 -3318
 -7108
 -8139
 -6012
 -1555
  3505
  7206
  8113
  5873
  1352
 -3690
 -7303
 -8082
 -5725
 -1149
  3873
  7394
  8046
  5576
   945
 -4055
 -7480
 -8004
 -5424
  -737
  4230
  7562
  7959
  5268
   535
 -4408
 -7638
 -7907
 -5109
  -327
  4577
  7710
  7852
  4946
   124
 -4749
 -7777
 -7790
 -4781
    82
  4912
  7839
  7724
  4612
  -287
 -5078
 -7897
 -7652
 -4441
   493
  5235
  7949
  7578
  4266
  -698
 -5394
 -7996
 -7496
 -4089
   903
  5545
  8038
  7412
  3910
 -1107
 -5697
 -8075
 -7321
 -3728
  1311
  5841
  8107
  7228
  3543
 -1513
 -5985
 -8134
 -7127
 -3357
  1715
  6124
  8156
  7023
  3168
 -1919
 -6259
 -8172
 -6915
 -2974
  2115
  6389
  8183
  6803
  2785
 -2316
 -6516
 -8190
 -6686
 -2587
  2510
  6639
  8191
  6565
  2394
 -2708
 -6757
 -8187
 -6440
 -2194
  2898
  6871
  8177
  6311
  1998
 -3093
 -6981
 -8163
 -6178
 -1795
  3279
  7087
  8143
  6041
  1597
 -3470
 -7187
 -8118
 -5900
 -1391
  3652
  7284
  8089
  5755
  1191
 -3838
 -7376
 -8053
 -5607
  -984
  4016
  7463
  8014
  5455
   783
 -4196
 -7545
 -7968
 -5300
  -574
  4372
  7623
  7918
  5142
   369
 -4544
 -7697
 -7863
 -4977
  -163
  4714
  7764
  7803
  4815
   -42
 -4881
 -7828
 -7737
 -4645
   245
  5045
  7885
  7668
  4476
  -454
 -5205
 -7939
 -7593
 -4300
   656
  5362
  7987
  7513
  4126
  -864
 -5516
 -8030
 -7429
 -3944
  1065
  5666
  8068
  7340
  3766
 -1272
 -5813
 -8101
 -7246
 -3579
  1472
  5956
  8129
  7148
  3395
 -1677
 -6096
 -8152
 -7045
 -3204
  1874
  6231
  8169
  6938
  3017
 -2077
 -6363
 -8182
 -6827
 -2822
  2275
  6490
  8189
  6711
  2628
 -2472
 -6616
 -8191
 -6589
 -2432
  2668
  6733
  8188
  6466
  2235
 -2861
 -6850
 -8180
 -6336
 -2036
  3053
  6959
  8166
  6206
  1836
 -3243
 -7067
 -8148
 -6067
 -1635
  3431
  7167
  8124
  5929
  1433
 -3617
 -7266
 -8095
 -5783
 -1230
  3800
  7357
  8061
  5638
  1026
 -3981
 -7447
 -8022
 -5485
  -822
  4160
  7529
  7978
  5333
   617
 -4336
 -7609
 -7929
 -5172
  -411
  4509
  7681
  7874
  5014
   206
 -4679
 -7751
 -7815
 -4847
     0
  4847
  7815
  7751
  4679
  -206
 -5014
 -7874
 -7681
 -4509
   411
  5172
  7929
  7609
  4336
  -617
 -5333
 -7978
 -7529
 -4160
   822
  5485
  8022
  7447
  3981
 -1026
 -5638
 -8061
 -7357
 -3800
  1230
  5783
  8095
  7266
  3617
 -1433
 -5929
 -8124
 -7167
 -3431
  1635
  6067
  8148
  7067
  3243
 -1836
 -6206
 -8166
 -6959
 -3053
  2036
  6336
  8180
  6850
  2861
 -2235
 -6466
 -8188
 -6733
 -2668
  2432
  6589
  8191
  6616
  2472
 -2628
 -6711
 -8189
 -6490
 -2275
  2822
  6827
  8182
  6363
  2077
 -3017
 -6938
 -8169
 -6231
 -1874
  3204
  7045
  8152
  6096
  1677
 -3395
 -7148
 -8129
 -5956
 -1472
  3579
  7246
  8101
  5813
  1272
 -3766
 -7340
 -8068
 -5666
 -1065
  3944
  7429
  8030
  5516
   864
 -4126
 -7513
 -7987
 -5362
  -656
  4300
  7593
  7939
  5205
   454
 -4476
 -7668
 -7885
 -5045
  -245
  4645
  7737
  7828
  4881
    42
 -4815
 -7803
 -7764
 -4714
   163
  4977
  7863
  7697
  4544
  -369
 -5142
 -7918
 -7623
 -4372
   574
  5300
  7968
  7545
  4196
  -783
 -5455
 -8014
 -7463
 -4016
   984
  5607
  8053
  7376
  3838
 -1191
 -5755
 -8089
 -7284
 -3652
  1391
  5900
  8118
  7187
  3470
 -1597
 -6041
 -8143
 -7087
 -3279
  1795
  6178
  8163
  6981
  3093
 -1998
 -6311
 -8177
 -6871
 -2898
  2194
  6440
  8187
  6757
  2708
 -2394
 -6565
 -8191
 -6639
 -2510
  2587
  6686
  8190
  6516
  2316
 -2785
 -6803
 -8183
 -6389
 -2115
  2974
  6915
  8172
  6259
  1919
 -3168
 -7023
 -8156
 -6124
 -1715
  3357
  7127
  8134
  5985
  1513
 -3543
 -7228
 -8107
 -5841
 -1311
  3728
  7321
  8075
  5697
  1107
 -3910
 -7412
 -8038
 -5545
  -903
  4089
  7496
  7996
  5394
   698
 -4266
 -7578
 -7949
 -5235
  -493
  4441
  7652
  7897
  5078
   287
 -4612
 -7724
 -7839
 -4912
   -82
  4781
  7790
  7777
  4749
  -124
 -4946
 -7852
 -7710
 -4577
   327
  5109
  7907
  7638
  4408
  -535
 -5268
 -7959
 -7562
 -4230
   737
  5424
  8004
  7480
  4055
  -945
 -5576
 -8046
 -7394
 -3873
  1149
  5725
  8082
  7303
  3690
 -1352
 -5873
 -8113
 -7206
 -3505
  1555
  6012
  8139
  7108
  3318
 -1756
 -6152
 -8159
 -7002
 -3129
  1957
  6284
  8175
  6894
  2938
 -2156
 -6416
 -8185
 -6779
 -2745
  2354
  6540
  8190
  6663
  2550
 -2550
 -6663
 -8190
 -6540
 -2354
  2745
  6779
  8185
  6416
  2156
 -2938
 -6894
 -8175
 -6284
 -1957
  3129
  7002
  8159
  6152
  1756
 -3318
 -7108
 -8139
 -6012
 -1555
  3505
  7206
  8113
  5873
  1352
 -3690
 -7303
 -8082
 -5725
 -1149
  3873
  7394
  8046
  5576
   945
 -4055
 -7480
 -8004
 -5424
  -737
  4230
  7562
  7959
  5268
   535
 -4408
 -7638
 -7907
 -5109
  -327
  4577
  7710
  7852
  4946
   124
 -4749
 -7777
 -7790
 -4781
    82
  4912
  7839
  7724
  4612
  -287
 -5078
 -7897
 -7652
 -4441
   493
  5235
  7949
  7578
  4266
  -698
 -5394
 -7996
 -7496
 -4089
   903
  5545
  8038
  7412
  3910
 -1107
 -5697
 -8075
 -7321
 -3728
  1311
  5841
  8107
  7228
  3543
 -1513
 -5985
 -8134
 -7127
 -3357
  1715
  6124
  8156
  7023
  3168
 -1919
 -6259
 -8172
 -6915
 -2974
  2115
  6389
  8183
  6803
  2785
 -2316
 -6516
 -8190
 -6686
 -2587
  2510
  6639
  8191
  6565
  2394
 -2708
 -6757
 -8187
 -6440
 -2194
  2898
  6871
  8177
  6311
  1998
 -3093
 -6981
 -8163
 -6178
 -1795
  3279
  7087
  8143
  6041
  1597
 -3470
 -7187
 -8118
 -5900
 -1391
  3652
  7284
  8089
  5755
  1191
 -3838
 -7376
 -8053
 -5607
  -984
  4016
  7463
  8014
  5455
   783
 -4196
 -7545
 -7968
 -5300
  -574
  4372
  7623
  7918
  5142
   369
 -4544
 -7697
 -7863
 -4977
  -163
  4714
  7764
  7803
  4815
   -42
 -4881
 -7828
 -7737
 -4645
   245
  5045
  7885
  7668
  4476
  -454
 -5205
 -7939
 -7593
 -4300
   656
  5362
  7987
  7513
  4126
  -864
 -5516
 -8030
 -7429
 -3944
  1065
  5666
  8068
  7340
  3766
 -1272
 -5813
 -8101
 -7246
 -3579
  1472
  5956
  8129
  7148
  3395
 -1677
 -6096
 -8152
 -7045
 -3204
  1874
  6231
  8169
  6938
  3017
 -2077
 -6363
 -8182
 -6827
 -2822
  2275
  6490
  8189
  6711
  2628
 -2472
 -6616
 -8191
 -6589
 -2432
  2668
  6733
  8188
  6466
  2235
 -2861
 -6850
 -8180
 -6336
 -2036
  3053
  6959
  8166
  6206
  1836
 -3243
 -7067
 -8148
 -6067
 -1635
  3431
  7167
  8124
  5929
  1433
 -3617
 -7266
 -8095
 -5783
 -1230
  3800
  7357
  8061
  5638
  1026
 -3981
 -7447
 -8022
 -5485
  -822
  4160
  7529
  7978
  5333
   617
 -4336
 -7609
 -7929
 -5172
  -411
  4509
  7681
  7874
  5014
   206
 -4679
 -7751
 -7815
 -4847
     0
  4847
  7815
  7751
  4679
  -206
 -5014
 -7874
 -7681
 -4509
   411
  5172
  7929
  7609
  4336
  -617
 -5333
 -7978
 -7529
 -4160
   822
  5485
  8022
  7447
  3981
 -1026
 -5638
 -8061
 -7357
 -3800
  1230
  5783
  8095
  7266
  3617
 -1433
 -5929
 -8124
 -7167
 -3431
  1635
  6067
  8148
  7067
  3243
 -1836
 -6206
 -8166
 -6959
 -3053
  2036
  6336
  8180
  6850
  2861
 -2235
 -6466
 -8188
 -6733
 -2668
  2432
  6589
  8191
  6616
  2472
 -2628
 -6711
 -8189
 -6490
 -2275
  2822
  6827
  8182
  6363
  2077
 -3017
 -6938
 -8169
 -6231
 -1874
  3204
  7045
  8152
  6096
  1677
 -3395
 -7148
 -8129
 -5956
 -1472
  3579
  7246
  8101
  5813
  1272
 -3766
 -7340
 -8068
 -5666
 -1065
  3944
  7429
  8030
  5516
   864
 -4126
 -7513
 -7987
 -5362
  -656
  4300
  7593
  7939
  5205
   454
 -4476
 -7668
 -7885
 -5045
  -245
  4645
  7737
  7828
  4881
    42
 -4815
 -7803
 -7764
 -4714
   163
  4977
  7863
  7697
  4544
  -369
 -5142
 -7918
 -7623
 -4372
   574
  5300
  7968
  7545
  4196
  -783
 -5455
 -8014
 -7463
 -4016
   984
  5607
  8053
  7376
  3838
 -1191
 -5755
 -8089
 -7284
 -3652
  1391
  5900
  8118
  7187
  3470
 -1597
 -6041
 -8143
 -7087
 -3279
  1795
  6178
  8163
  6981
  3093
 -1998
 -6311
 -8177
 -6871
 -2898
  2194
  6440
  8187
  6757
  2708
 -2394
 -6565
 -8191
 -6639
 -2510
  2587
  6686
  8190
  6516
  2316
 -2785
 -6803
 -8183
 -6389
 -2115
  2974
  6915
  8172
  6259
  1919
 -3168
 -7023
 -8156
 -6124
 -1715
  3357
  7127
  8134
  5985
  1513
 -3543
 -7228
 -8107
 -5841
 -1311
  3728
  7321
  8075
  5697
  1107
 -3910
 -7412
 -8038
 -5545
  -903
  4089
  7496
  7996
  5394
   698
 -4266
 -7578
 -7949
 -5235
  -493
  4441
  7652
  7897
  5078
   287
 -4612
 -7724
 -7839
 -4912
   -82
  4781
  7790
  7777
  4749
  -124
 -4946
 -7852
 -7710
 -4577
   327
  5109
  7907
  7638
  4408
  -535
 -5268
 -7959
 -7562
 -4230
   737
  5424
  8004
  7480
  4055
  -945
 -5576
 -8046
 -7394
 -3873
  1146
  5725
  8082
  7303
  3690
 -1352
 -5873
 -8113
 -7206
 -3505
  1555
  6012
  8139
  7108
  3318
 -1756
 -6152
 -8159
 -7002
 -3129
  1957
  6284
  8175
  6894
  2938
 -2156
 -6416
 -8185
 -6779
 -2745
  2354
  6540
  8190
  6663
  2550
 -2550
 -6663
 -8190
 -6540
 -2354
  2745
  6779
  8185
  6416
  2156
 -2938
 -6894
 -8175
 -6284
 -1957
  3129
  7002
  8159
  6152
  1756
 -3318
 -7108
